~~~~~~~~~~~~~~~~~~~ [2, 'SB', 6, 720, 45] ~~~~~~~~~~~~~~~~~~~
 Families: [[1], [2, 3], [4, 5, 6], [7, 8], [9, 10, 11], [12]]
Due_dates: [1440, 720.0, 1440.0, 480.0, 960.0, 1440.0, 720.0, 1440.0, 480.0, 960.0, 1440.0, 1440]
Ear_dates: [0, 7.2, 14.4, 4.800000000000001, 9.600000000000001, 14.400000000000002, 7.2, 14.4, 4.800000000000001, 9.600000000000001, 14.400000000000002, 0]
Monitor_t: [60.0, 2.02, 2.02, 0.68, 0.68, 0.68, 1.68, 1.68, 3.58, 3.58, 3.58, 0.0]
~~~~~~~~~~~~~~~~~~~ Comparing the results ~~~~~~~~~~~~~~~~~~~
***** lp_objective: 4.8
***** lp_Sol_time: 4.023
     Drone (1):
          0          | 1          | 11         | 7          | 3          | 8         
s_times   0.0        | 0.0        | 90.3351    | 104.8452   | 111.6613   | 116.5086  
c_times   0.0        | 60.0       | 93.918     | 106.5222   | 113.6794   | 118.1855  
charges   720.0      | 720.0      | 686.082    | 673.4778   | 666.3206   | 661.8145  
~~~~~~~~~~~~~~~~~~~~~~~~~~~~~~~~~~~~~~~~~~
     Drone (2):
          4          | 9          | 5          | 10         | 6          | 2         
s_times   0.0        | 42.4285    | 54.5538    | 64.3697    | 76.4951    | 82.0247   
c_times   33.2963    | 46.0113    | 55.2376    | 67.9526    | 77.1789    | 84.0429   
charges   686.7037   | 673.9887   | 664.7624   | 652.0474   | 642.8211   | 635.9571  
~~~~~~~~~~~~~~~~~~~~~~~~~~~~~~~~~~~~~~~~~~
***** nlp_objective: 4.8
***** nlp_Sol_time: 5.023
     Drone (1):
          0          | 4          | 10         | 7          | 5          | 3         
s_times   0.0        | 0.0        | 9.8159     | 24.326     | 30.1404    | 35.67     
c_times   0.0        | 0.6838     | 13.3988    | 26.003     | 30.8242    | 37.6882   
charges   720.0      | 719.3162   | 706.6012   | 693.997    | 689.1758   | 682.3118  
~~~~~~~~~~~~~~~~~~~~~~~~~~~~~~~~~~~~~~~~~~
     Drone (2):
          0          | 9          | 2          | 11         | 6          | 8         
s_times   0.0        | 0.0        | 13.2558    | 24.6696    | 36.7949    | 40.6283   
c_times   0.0        | 3.5829     | 15.274     | 28.2524    | 37.4787    | 42.3053   
charges   720.0      | 716.4171   | 704.726    | 691.7476   | 682.5213   | 677.6947  
~~~~~~~~~~~~~~~~~~~~~~~~~~~~~~~~~~~~~~~~~~
