~~~~~~~~~~~~~~~~~~~ [2, 'SB', 6, 360, 45] ~~~~~~~~~~~~~~~~~~~
 Families: [[1], [2, 3], [4, 5, 6], [7, 8], [9, 10, 11], [12]]
Due_dates: [1440, 720.0, 1440.0, 480.0, 960.0, 1440.0, 720.0, 1440.0, 480.0, 960.0, 1440.0, 1440]
Ear_dates: [0, 0.0, 0.0, 0.0, 0.0, 0.0, 0.0, 0.0, 0.0, 0.0, 0.0, 0]
Monitor_t: [60.0, 2.02, 2.02, 0.68, 0.68, 0.68, 1.68, 1.68, 3.58, 3.58, 3.58, 0.0]
~~~~~~~~~~~~~~~~~~~ Comparing the results ~~~~~~~~~~~~~~~~~~~
***** lp_objective: 0.0
***** lp_Sol_time: 751.725
     Drone (1):
          19         | 26         | 20         | 35         | 12         | 17         | 22         | 36         | 40         | 23        
s_times   232.7033   | 22.7546    | 44.5083    | 55.8565    | 59.9466    | 74.2141    | 107.0092   | 151.5283   | 166.2989   | 216.7647  
c_times   7.368      | 26.6894    | 47.0508    | 57.8312    | 61.9936    | 76.7566    | 114.5225   | 153.503    | 170.0209   | 224.278   
charges   472.632    | 453.3106   | 432.9492   | 422.1688   | 418.0064   | 403.2434   | 365.4775   | 326.497    | 309.9791   | 255.722   
~~~~~~~~~~~~~~~~~~~~~~~~~~~~~~~~~~~~~~~~~~
     Drone (2):
          0          | 0          | 0          | 0          | 30         | 21         | 27         | 14         | 18         | 29        
s_times   0.0        | 0.0        | 0.0        | 0.0        | 0.0        | 30.6734    | 69.2321    | 95.8933    | 110.1607   | 128.0898  
c_times   0.0        | 0.0        | 0.0        | 0.0        | 3.3252     | 38.1866    | 73.1669    | 97.9403    | 112.7033   | 132.0246  
charges   480.0      | 480.0      | 480.0      | 480.0      | 476.6748   | 441.8134   | 406.8331   | 382.0597   | 367.2967   | 347.9754  
~~~~~~~~~~~~~~~~~~~~~~~~~~~~~~~~~~~~~~~~~~
     Drone (3):
          0          | 43         | 31         | 44         | 32         | 15         | 10         | 41         | 46         | 25        
s_times   0.0        | 0.0        | 35.4731    | 73.7636    | 109.2366   | 133.6181   | 206.1393   | 277.4747   | 286.2588   | 343.4798  
c_times   0.0        | 4.6001     | 38.7982    | 78.3637    | 112.5618   | 135.665    | 209.7222   | 281.1967   | 290.8589   | 350.9931  
charges   480.0      | 475.3999   | 441.2018   | 401.6363   | 367.4382   | 344.335    | 270.2778   | 198.8033   | 189.1411   | 129.0069  
~~~~~~~~~~~~~~~~~~~~~~~~~~~~~~~~~~~~~~~~~~
     Drone (4):
          13         | 4          | 9          | 7          | 5          | 2          | 45         | 11         | 34         | 42        
s_times   181.9936   | 83.7484    | 93.5643    | 108.0744   | 113.8888   | 119.4184   | 180.077    | 246.8611   | 343.4364   | 374.4689  
c_times   8.3974     | 84.4321    | 97.1471    | 109.7513   | 114.5725   | 121.4365   | 184.6771   | 250.444    | 346.7616   | 378.1909  
charges   471.6026   | 395.5679   | 382.8529   | 370.2487   | 365.4275   | 358.5635   | 295.3229   | 229.556    | 133.2384   | 101.8091  
~~~~~~~~~~~~~~~~~~~~~~~~~~~~~~~~~~~~~~~~~~
     Drone (5):
          28         | 39         | 8          | 3          | 6          | 33         | 16         | 37         | 24         | 38        
s_times   193.1669   | 51.7863    | 120.6278   | 127.4439   | 132.1744   | 225.9739   | 250.3553   | 255.2325   | 288.4524   | 332.9715  
c_times   19.4833    | 55.5083    | 122.3048   | 129.4621   | 132.8582   | 229.2991   | 252.4023   | 257.2072   | 295.9656   | 334.9462  
charges   460.5167   | 424.4917   | 357.6952   | 350.5379   | 347.1418   | 250.7009   | 227.5977   | 222.7928   | 184.0344   | 145.0538  
~~~~~~~~~~~~~~~~~~~~~~~~~~~~~~~~~~~~~~~~~~
***** nlp_objective: 0.0
***** nlp_Sol_time: 2.14
     Drone (1):
          3          | 7          | 4          | 8          | 9          | 6         
s_times   92.598     | 81.8349    | 87.6492    | 91.4826    | 106.2539   | 118.3792  
c_times   79.0057    | 83.5118    | 88.333     | 93.1596    | 109.8367   | 119.063   
charges   280.9943   | 276.4882   | 271.667    | 266.8404   | 250.1633   | 240.937   
~~~~~~~~~~~~~~~~~~~~~~~~~~~~~~~~~~~~~~~~~~
     Drone (2):
          10         | 2          | 5          | 11         | 1          | 1         
s_times   109.8367   | 90.5799    | 95.3104    | 105.1263   | 189.5969   | 1249.5969 
c_times   80.9069    | 92.598     | 95.9941    | 108.7091   | 249.5969   | 1309.5969 
charges   279.0931   | 267.402    | 264.0059   | 251.2909   | 360.0      | 360.0     
~~~~~~~~~~~~~~~~~~~~~~~~~~~~~~~~~~~~~~~~~~
