~~~~~~~~~~~~~~~~~~~ [2, 'SB', 6, 720, 45] ~~~~~~~~~~~~~~~~~~~
 Families: [[1], [2, 3], [4, 5, 6], [7, 8], [9, 10, 11], [12]]
Due_dates: [1440, 720.0, 1440.0, 480.0, 960.0, 1440.0, 720.0, 1440.0, 480.0, 960.0, 1440.0, 1440]
Ear_dates: [0, 7.2, 14.4, 4.8, 9.6, 14.4, 7.2, 14.4, 4.8, 9.6, 14.4, 0]
Monitor_t: [60.0, 2.02, 2.02, 0.68, 0.68, 0.68, 1.68, 1.68, 3.58, 3.58, 3.58, 0.0]
~~~~~~~~~~~~~~~~~~~ Comparing the results ~~~~~~~~~~~~~~~~~~~
***** lp_objective: 4.8
***** lp_Sol_time: 1.25
     Drone (1):
          9          | 2          | 7          | 3          | 8          | 1         
s_times   0.0        | 43.5909    | 48.4382    | 55.2543    | 60.1015    | 93.2738   
c_times   33.918     | 45.6091    | 50.1151    | 57.2724    | 61.7785    | 153.2738  
charges   686.082    | 674.3909   | 669.8849   | 662.7276   | 658.2215   | 720.0     
~~~~~~~~~~~~~~~~~~~~~~~~~~~~~~~~~~~~~~~~~~
     Drone (2):
          4          | 10         | 5          | 11         | 6          | 1         
s_times   0.0        | 42.4285    | 54.5538    | 64.3697    | 76.4951    | 109.9316  
c_times   33.2963    | 46.0113    | 55.2376    | 67.9526    | 77.1789    | 169.9316  
charges   686.7037   | 673.9887   | 664.7624   | 652.0474   | 642.8211   | 720.0     
~~~~~~~~~~~~~~~~~~~~~~~~~~~~~~~~~~~~~~~~~~
***** nlp_objective: 4.8
***** nlp_Sol_time: 3.252
     Drone (1):
          0          | 9          | 5          | 3          | 6          | 7         
s_times   0.0        | 0.0        | 12.1254    | 17.655     | 22.3855    | 26.2189   
c_times   0.0        | 3.5829     | 12.8091    | 19.6731    | 23.0692    | 27.8958   
charges   720.0      | 716.4171   | 707.1909   | 700.3269   | 696.9308   | 692.1042  
~~~~~~~~~~~~~~~~~~~~~~~~~~~~~~~~~~~~~~~~~~
     Drone (2):
          0          | 4          | 2          | 10         | 8          | 11        
s_times   0.0        | 0.0        | 5.5297     | 16.9434    | 31.4535    | 46.2247   
c_times   0.0        | 0.6838     | 7.5478     | 20.5263    | 33.1304    | 49.8076   
charges   720.0      | 719.3162   | 712.4522   | 699.4737   | 686.8696   | 670.1924  
~~~~~~~~~~~~~~~~~~~~~~~~~~~~~~~~~~~~~~~~~~
