~~~~~~~~~~~~~~~~~~~ [2, 'SB', 6, 720, 45] ~~~~~~~~~~~~~~~~~~~
 Families: [[1], [2, 3], [4, 5, 6], [7, 8], [9, 10, 11], [12]]
Due_dates: [1440, 720.0, 1440.0, 480.0, 960.0, 1440.0, 720.0, 1440.0, 480.0, 960.0, 1440.0, 1440]
Ear_dates: [0, 72.0, 144.0, 48.0, 96.0, 144.0, 72.0, 144.0, 48.0, 96.0, 144.0, 0]
Monitor_t: [60.0, 2.02, 2.02, 0.68, 0.68, 0.68, 1.68, 1.68, 3.58, 3.58, 3.58, 0.0]
~~~~~~~~~~~~~~~~~~~ Comparing the results ~~~~~~~~~~~~~~~~~~~
***** lp_objective: 48.0
***** lp_Sol_time: 4.229
     Drone (1):
          9          | 7          | 5          | 2          | 1          | 1         
s_times   0.0        | 91.8342    | 97.6486    | 103.1782   | 184.1989   | 244.1989  
c_times   80.9069    | 93.5111    | 98.3323    | 105.1963   | 244.1989   | 304.1989  
charges   639.0931   | 626.4889   | 621.6677   | 614.8037   | 720.0      | 720.0     
~~~~~~~~~~~~~~~~~~~~~~~~~~~~~~~~~~~~~~~~~~
     Drone (2):
          4          | 10         | 8          | 6          | 3          | 11        
s_times   0.0        | 91.4356    | 105.9457   | 111.7601   | 117.2897   | 128.7035  
c_times   82.3035    | 95.0185    | 107.6226   | 112.4438   | 119.3078   | 132.2863  
charges   637.6965   | 624.9815   | 612.3774   | 607.5562   | 600.6922   | 587.7137  
~~~~~~~~~~~~~~~~~~~~~~~~~~~~~~~~~~~~~~~~~~
***** nlp_objective: 48.0
***** nlp_Sol_time: 5.923
     Drone (1):
          9          | 2          | 7          | 10         | 4          | 3         
s_times   0.0        | 90.5799    | 95.4272    | 110.1984   | 122.3237   | 127.8534  
c_times   80.9069    | 92.598     | 97.1041    | 113.7812   | 123.0075   | 129.8715  
charges   639.0931   | 627.402    | 622.8959   | 606.2188   | 596.9925   | 590.1285  
~~~~~~~~~~~~~~~~~~~~~~~~~~~~~~~~~~~~~~~~~~
     Drone (2):
          0          | 1          | 8          | 5          | 11         | 6         
s_times   0.0        | 0.0        | 141.2696   | 147.084    | 156.8999   | 169.0252  
c_times   0.0        | 60.0       | 142.9465   | 147.7677   | 160.4827   | 169.709   
charges   720.0      | 720.0      | 637.0535   | 632.2323   | 619.5173   | 610.291   
~~~~~~~~~~~~~~~~~~~~~~~~~~~~~~~~~~~~~~~~~~
