~~~~~~~~~~~~~~~~~~~ [3, 'SB', 5, 360] ~~~~~~~~~~~~~~~~~~~
     seed: 717203781760963741
 Families: [[1], [2, 3], [4, 5, 6], [7, 8], [9, 10, 11], [12]]
  i_times: [570.0, 390.0, 390.0, 390.0]
Fam slots: [[1, 5], [0, 3, 4], [4, 7], [2, 5, 7]]
Ear_dates: [0, 180.0, 900.0, 0.0, 540.0, 720.0, 720.0, 1260.0, 360.0, 900.0, 1260.0, 0]
Due_dates: [1440, 360.0, 1080.0, 180.0, 720.0, 900.0, 900.0, 1440.0, 540.0, 1080.0, 1440.0, 1440]
Monitor_t: [60.0, 3.36, 3.36, 1.14, 1.14, 1.14, 2.79, 2.79, 5.97, 5.97, 5.97, 0.0]
~~~~~~~~~~~~~~~~~~~ Comparing the results ~~~~~~~~~~~~~~~~~~~
***** lp_Variables: 2792
***** lp_Constraints: 5094
***** lp_objective: 866.4999999132453
***** lp_Sol_time: 125.006
     Drone (1):
          4          | 1          | 6          | 1          | 8         
s_times   54.35      | 110.08     | 224.43     | 280.16     | 393.5     
c_times   55.49      | 170.08     | 225.57     | 340.16     | 396.29    
travels   54.59      | 54.35      | 54.59      | 53.34      | 0.0       
charges   304.51     | 360.0      | 304.51     | 360.0      | 303.87    
~~~~~~~~~~~~~~~~~~~~~~~~~~~~~~~~~~~~~~~~~~
     Drone (2):
          2          | 7          | 5          | 0          | 3         
s_times   46.57      | 54.65      | 64.34      | 65.48      | 65.48     
c_times   49.93      | 57.44      | 65.48      | 65.48      | 68.84     
travels   4.72       | 6.9        | 3.21       | 5.6        | 0.0       
charges   310.07     | 302.56     | 294.52     | 294.52     | 291.16    
~~~~~~~~~~~~~~~~~~~~~~~~~~~~~~~~~~~~~~~~~~
     Drone (3):
          9          | 1          | 10         | 1          | 11        
s_times   50.56      | 112.58     | 223.14     | 285.16     | 395.72    
c_times   56.53      | 172.58     | 229.11     | 345.16     | 401.69    
travels   56.05      | 50.56      | 56.05      | 50.56      | 0.0       
charges   303.47     | 360.0      | 303.47     | 360.0      | 303.47    
~~~~~~~~~~~~~~~~~~~~~~~~~~~~~~~~~~~~~~~~~~
***** nlp_Variables: 227
***** nlp_Constraints: 112
***** nlp_objective: 866.5
***** nlp_Sol_time: 38.431
     Drone (1):
          4          | 1          | 6          | 1          | 8         
s_times   54.35      | 110.08     | 224.43     | 280.16     | 393.5     
c_times   55.49      | 170.08     | 225.57     | 340.16     | 396.29    
travels   54.59      | 54.35      | 54.59      | 53.34      | 0.0       
charges   304.51     | 360.0      | 304.51     | 360.0      | 303.87    
~~~~~~~~~~~~~~~~~~~~~~~~~~~~~~~~~~~~~~~~~~
     Drone (2):
          9          | 1          | 10         | 1          | 11        
s_times   50.56      | 112.58     | 223.14     | 285.16     | 395.72    
c_times   56.53      | 172.58     | 229.11     | 345.16     | 401.69    
travels   56.05      | 50.56      | 56.05      | 50.56      | 0.0       
charges   303.47     | 360.0      | 303.47     | 360.0      | 303.47    
~~~~~~~~~~~~~~~~~~~~~~~~~~~~~~~~~~~~~~~~~~
     Drone (3):
          12         | 2          | 7          | 5          | 3         
s_times   51.7       | 57.3       | 65.38      | 75.07      | 84.29     
c_times   51.7       | 60.66      | 68.17      | 76.21      | 87.65     
travels   5.6        | 4.72       | 6.9        | 8.08       | 0.0       
charges   308.3      | 299.34     | 291.83     | 283.79     | 272.35    
~~~~~~~~~~~~~~~~~~~~~~~~~~~~~~~~~~~~~~~~~~
