~~~~~~~~~~~~~~~~~~~ [3, 'SB', 5, 360] ~~~~~~~~~~~~~~~~~~~
     seed: 6475349131589003907
 Families: [[1], [2, 3], [4, 5, 6], [7, 8], [9, 10, 11], [12]]
  i_times: [390.0, 390.0, 750.0, 210.0]
Fam slots: [[4, 7], [2, 5, 7], [2, 7], [4, 6, 7]]
Ear_dates: [0, 720.0, 1260.0, 360.0, 900.0, 1260.0, 360.0, 1260.0, 720.0, 1080.0, 1260.0, 0]
Due_dates: [1440, 900.0, 1440.0, 540.0, 1080.0, 1440.0, 540.0, 1440.0, 900.0, 1260.0, 1440.0, 1440]
Monitor_t: [60.0, 3.36, 3.36, 1.14, 1.14, 1.14, 2.79, 2.79, 5.97, 5.97, 5.97, 0.0]
~~~~~~~~~~~~~~~~~~~ Comparing the results ~~~~~~~~~~~~~~~~~~~
***** lp_Variables: 2792
***** lp_Constraints: 5094
***** lp_objective: 1005.6800000000001
***** lp_Sol_time: 16.579
     Drone (1):
          2          | 1          | 5          | 10         | 8         
s_times   46.57      | 99.81      | 214.16     | 230.52     | 254.7     
c_times   49.93      | 159.81     | 215.3      | 236.49     | 257.49    
travels   49.88      | 54.35      | 15.22      | 18.21      | 0.0       
charges   310.07     | 360.0      | 304.51     | 283.32     | 262.32    
~~~~~~~~~~~~~~~~~~~~~~~~~~~~~~~~~~~~~~~~~~
     Drone (2):
          7          | 9          | 1          | 6          | 11        
s_times   53.34      | 77.95      | 139.97     | 254.32     | 270.68    
c_times   56.13      | 83.92      | 199.97     | 255.46     | 276.65    
travels   21.82      | 56.05      | 54.35      | 15.22      | 0.0       
charges   303.87     | 276.08     | 360.0      | 304.51     | 283.32    
~~~~~~~~~~~~~~~~~~~~~~~~~~~~~~~~~~~~~~~~~~
     Drone (3):
          4          | 1          | 0          | 1          | 3         
s_times   54.35      | 110.08     | 170.08     | 170.08     | 276.65    
c_times   55.49      | 170.08     | 170.08     | 230.08     | 280.01    
travels   54.59      | 51.7       | 51.7       | 46.57      | 0.0       
charges   304.51     | 360.0      | 360.0      | 360.0      | 310.07    
~~~~~~~~~~~~~~~~~~~~~~~~~~~~~~~~~~~~~~~~~~
***** nlp_Variables: 227
***** nlp_Constraints: 112
***** nlp_objective: 1005.6800000000001
***** nlp_Sol_time: 12.654
     Drone (1):
          4          | 1          | 2          | 1          | 11        
s_times   54.35      | 110.08     | 216.65     | 269.89     | 380.45    
c_times   55.49      | 170.08     | 220.01     | 329.89     | 386.42    
travels   54.59      | 46.57      | 49.88      | 50.56      | 0.0       
charges   304.51     | 360.0      | 310.07     | 360.0      | 303.47    
~~~~~~~~~~~~~~~~~~~~~~~~~~~~~~~~~~~~~~~~~~
     Drone (2):
          12         | 1          | 5          | 10         | 3         
s_times   51.7       | 103.4      | 217.75     | 234.11     | 256.2     
c_times   51.7       | 163.4      | 218.89     | 240.08     | 259.56    
travels   51.7       | 54.35      | 15.22      | 16.12      | 0.0       
charges   308.3      | 360.0      | 304.51     | 283.32     | 263.84    
~~~~~~~~~~~~~~~~~~~~~~~~~~~~~~~~~~~~~~~~~~
     Drone (3):
          7          | 9          | 1          | 6          | 8         
s_times   53.34      | 77.95      | 139.97     | 254.32     | 260.71    
c_times   56.13      | 83.92      | 199.97     | 255.46     | 263.5     
travels   21.82      | 56.05      | 54.35      | 5.25       | 0.0       
charges   303.87     | 276.08     | 360.0      | 304.51     | 296.47    
~~~~~~~~~~~~~~~~~~~~~~~~~~~~~~~~~~~~~~~~~~
