~~~~~~~~~~~~~~~~~~~ [3, 'SB', 5, 360] ~~~~~~~~~~~~~~~~~~~
     seed: 7356036297347181035
 Families: [[1], [2, 3], [4, 5, 6], [7, 8], [9, 10, 11], [12]]
  i_times: [930.0, 30.0, 210.0, 750.0]
Fam slots: [[1, 7], [5, 6, 7], [3, 5], [0, 5, 6]]
Ear_dates: [0, 180.0, 1260.0, 900.0, 1080.0, 1260.0, 540.0, 900.0, 0.0, 900.0, 1080.0, 0]
Due_dates: [1440, 360.0, 1440.0, 1080.0, 1260.0, 1440.0, 720.0, 1080.0, 180.0, 1080.0, 1260.0, 1440]
Monitor_t: [60.0, 3.36, 3.36, 1.14, 1.14, 1.14, 2.79, 2.79, 5.97, 5.97, 5.97, 0.0]
~~~~~~~~~~~~~~~~~~~ Comparing the results ~~~~~~~~~~~~~~~~~~~
***** lp_Variables: 2792
***** lp_Constraints: 5094
***** lp_objective: 984.2799999014692
***** lp_Sol_time: 207.628
     Drone (1):
          9          | 8          | 11         | 1          | 6         
s_times   50.56      | 74.74      | 99.35      | 161.37     | 275.72    
c_times   56.53      | 77.53      | 105.32     | 221.37     | 276.86    
travels   18.21      | 21.82      | 56.05      | 54.35      | 0.0       
charges   303.47     | 282.47     | 254.68     | 360.0      | 304.51    
~~~~~~~~~~~~~~~~~~~~~~~~~~~~~~~~~~~~~~~~~~
     Drone (2):
          7          | 1          | 4          | 1          | 3         
s_times   53.34      | 108.62     | 222.97     | 278.7      | 385.27    
c_times   56.13      | 168.62     | 224.11     | 338.7      | 388.63    
travels   52.49      | 54.35      | 54.59      | 46.57      | 0.0       
charges   303.87     | 360.0      | 304.51     | 360.0      | 310.07    
~~~~~~~~~~~~~~~~~~~~~~~~~~~~~~~~~~~~~~~~~~
     Drone (3):
          12         | 2          | 10         | 1          | 5         
s_times   51.7       | 57.3       | 76.32      | 138.34     | 252.69    
c_times   51.7       | 60.66      | 82.29      | 198.34     | 253.83    
travels   5.6        | 15.66      | 56.05      | 54.35      | 0.0       
charges   308.3      | 299.34     | 277.71     | 360.0      | 304.51    
~~~~~~~~~~~~~~~~~~~~~~~~~~~~~~~~~~~~~~~~~~
***** nlp_Variables: 227
***** nlp_Constraints: 112
***** nlp_objective: 984.28
***** nlp_Sol_time: 51.088
     Drone (1):
          2          | 10         | 12         | 1          | 5         
s_times   46.57      | 65.59      | 83.66      | 135.36     | 249.71    
c_times   49.93      | 71.56      | 83.66      | 195.36     | 250.85    
travels   15.66      | 12.1       | 51.7       | 54.35      | 0.0       
charges   310.07     | 288.44     | 276.34     | 360.0      | 304.51    
~~~~~~~~~~~~~~~~~~~~~~~~~~~~~~~~~~~~~~~~~~
     Drone (2):
          7          | 1          | 4          | 1          | 3         
s_times   53.34      | 108.62     | 222.97     | 278.7      | 385.27    
c_times   56.13      | 168.62     | 224.11     | 338.7      | 388.63    
travels   52.49      | 54.35      | 54.59      | 46.57      | 0.0       
charges   303.87     | 360.0      | 304.51     | 360.0      | 310.07    
~~~~~~~~~~~~~~~~~~~~~~~~~~~~~~~~~~~~~~~~~~
     Drone (3):
          9          | 8          | 11         | 1          | 6         
s_times   50.56      | 74.74      | 99.35      | 161.37     | 275.72    
c_times   56.53      | 77.53      | 105.32     | 221.37     | 276.86    
travels   18.21      | 21.82      | 56.05      | 54.35      | 0.0       
charges   303.47     | 282.47     | 254.68     | 360.0      | 304.51    
~~~~~~~~~~~~~~~~~~~~~~~~~~~~~~~~~~~~~~~~~~
