~~~~~~~~~~~~~~~~~~~ [3, 'SB', 5, 360] ~~~~~~~~~~~~~~~~~~~
     seed: 5232449962297685830
 Families: [[1], [2, 3], [4, 5, 6], [7, 8], [9, 10, 11], [12]]
  i_times: [390.0, 210.0, 30.0, 570.0]
Fam slots: [[4, 7], [0, 1, 3], [3, 4], [0, 4, 7]]
Ear_dates: [0, 720.0, 1260.0, 0.0, 180.0, 540.0, 540.0, 720.0, 0.0, 720.0, 1260.0, 0]
Due_dates: [1440, 900.0, 1440.0, 180.0, 360.0, 720.0, 720.0, 900.0, 180.0, 900.0, 1440.0, 1440]
Monitor_t: [60.0, 3.36, 3.36, 1.14, 1.14, 1.14, 2.79, 2.79, 5.97, 5.97, 5.97, 0.0]
~~~~~~~~~~~~~~~~~~~ Comparing the results ~~~~~~~~~~~~~~~~~~~
***** lp_Variables: 2792
***** lp_Constraints: 5094
***** lp_objective: 869.2799999129717
***** lp_Sol_time: 31.739
     Drone (1):
          9          | 1          | 10         | 1          | 3         
s_times   50.56      | 112.58     | 223.14     | 285.16     | 391.73    
c_times   56.53      | 172.58     | 229.11     | 345.16     | 395.09    
travels   56.05      | 50.56      | 56.05      | 46.57      | 0.0       
charges   303.47     | 360.0      | 303.47     | 360.0      | 310.07    
~~~~~~~~~~~~~~~~~~~~~~~~~~~~~~~~~~~~~~~~~~
     Drone (2):
          4          | 1          | 6          | 1          | 11        
s_times   54.35      | 110.08     | 224.43     | 280.16     | 390.72    
c_times   55.49      | 170.08     | 225.57     | 340.16     | 396.69    
travels   54.59      | 54.35      | 54.59      | 50.56      | 0.0       
charges   304.51     | 360.0      | 304.51     | 360.0      | 303.47    
~~~~~~~~~~~~~~~~~~~~~~~~~~~~~~~~~~~~~~~~~~
     Drone (3):
          7          | 0          | 2          | 5          | 8         
s_times   53.34      | 56.13      | 56.13      | 64.01      | 70.4      
c_times   56.13      | 56.13      | 59.49      | 65.15      | 73.19     
travels   8.94       | 5.6        | 4.52       | 5.25       | 0.0       
charges   303.87     | 303.87     | 300.51     | 294.85     | 286.81    
~~~~~~~~~~~~~~~~~~~~~~~~~~~~~~~~~~~~~~~~~~
***** nlp_Variables: 227
***** nlp_Constraints: 112
***** nlp_objective: 869.28
***** nlp_Sol_time: 29.585
     Drone (1):
          5          | 1          | 6          | 1          | 11        
s_times   54.35      | 110.08     | 224.43     | 280.16     | 390.72    
c_times   55.49      | 170.08     | 225.57     | 340.16     | 396.69    
travels   54.59      | 54.35      | 54.59      | 50.56      | 0.0       
charges   304.51     | 360.0      | 304.51     | 360.0      | 303.47    
~~~~~~~~~~~~~~~~~~~~~~~~~~~~~~~~~~~~~~~~~~
     Drone (2):
          9          | 1          | 10         | 1          | 3         
s_times   50.56      | 112.58     | 223.14     | 285.16     | 391.73    
c_times   56.53      | 172.58     | 229.11     | 345.16     | 395.09    
travels   56.05      | 50.56      | 56.05      | 46.57      | 0.0       
charges   303.47     | 360.0      | 303.47     | 360.0      | 310.07    
~~~~~~~~~~~~~~~~~~~~~~~~~~~~~~~~~~~~~~~~~~
     Drone (3):
          0          | 7          | 2          | 4          | 8         
s_times   0.0        | 0.0        | 11.36      | 19.24      | 25.63     
c_times   0.0        | 2.79       | 14.72      | 20.38      | 28.42     
travels   6.55       | 8.57       | 4.52       | 5.25       | 0.0       
charges   360.0      | 357.21     | 345.28     | 339.62     | 331.58    
~~~~~~~~~~~~~~~~~~~~~~~~~~~~~~~~~~~~~~~~~~
