~~~~~~~~~~~~~~~~~~~ [3, 'SB', 5, 360] ~~~~~~~~~~~~~~~~~~~
     seed: 2520465113215380665
 Families: [[1], [2, 3], [4, 5, 6], [7, 8], [9, 10, 11], [12]]
  i_times: [390.0, 210.0, 210.0, 390.0]
Fam slots: [[4, 7], [2, 4, 5], [5, 7], [0, 2, 5]]
Ear_dates: [0, 720.0, 1260.0, 360.0, 720.0, 900.0, 900.0, 1260.0, 0.0, 360.0, 900.0, 0]
Due_dates: [1440, 900.0, 1440.0, 540.0, 900.0, 1080.0, 1080.0, 1440.0, 180.0, 540.0, 1080.0, 1440]
Monitor_t: [60.0, 3.36, 3.36, 1.14, 1.14, 1.14, 2.79, 2.79, 5.97, 5.97, 5.97, 0.0]
~~~~~~~~~~~~~~~~~~~ Comparing the results ~~~~~~~~~~~~~~~~~~~
***** lp_Variables: 2792
***** lp_Constraints: 5094
***** lp_objective: 868.2699998261456
***** lp_Sol_time: 118.306
     Drone (1):
          4          | 1          | 7          | 1          | 8         
s_times   54.35      | 110.08     | 223.42     | 278.7      | 392.04    
c_times   55.49      | 170.08     | 226.21     | 338.7      | 394.83    
travels   54.59      | 53.34      | 52.49      | 53.34      | 0.0       
charges   304.51     | 360.0      | 303.87     | 360.0      | 303.87    
~~~~~~~~~~~~~~~~~~~~~~~~~~~~~~~~~~~~~~~~~~
     Drone (2):
          9          | 1          | 11         | 1          | 3         
s_times   50.56      | 112.58     | 223.14     | 285.16     | 391.73    
c_times   56.53      | 172.58     | 229.11     | 345.16     | 395.09    
travels   56.05      | 50.56      | 56.05      | 46.57      | 0.0       
charges   303.47     | 360.0      | 303.47     | 360.0      | 310.07    
~~~~~~~~~~~~~~~~~~~~~~~~~~~~~~~~~~~~~~~~~~
     Drone (3):
          2          | 10         | 5          | 1          | 6         
s_times   46.57      | 65.59      | 85.8       | 141.53     | 255.88    
c_times   49.93      | 71.56      | 86.94      | 201.53     | 257.02    
travels   15.66      | 14.24      | 54.59      | 54.35      | 0.0       
charges   310.07     | 288.44     | 273.06     | 360.0      | 304.51    
~~~~~~~~~~~~~~~~~~~~~~~~~~~~~~~~~~~~~~~~~~
***** nlp_Variables: 227
***** nlp_Constraints: 112
***** nlp_objective: 868.2700000000003
***** nlp_Sol_time: 13.287
     Drone (1):
          2          | 1          | 7          | 5          | 11        
s_times   46.57      | 99.81      | 213.15     | 222.84     | 239.2     
c_times   49.93      | 159.81     | 215.94     | 223.98     | 245.17    
travels   49.88      | 53.34      | 6.9        | 15.22      | 0.0       
charges   310.07     | 360.0      | 303.87     | 295.83     | 274.64    
~~~~~~~~~~~~~~~~~~~~~~~~~~~~~~~~~~~~~~~~~~
     Drone (2):
          4          | 1          | 6          | 1          | 8         
s_times   54.35      | 110.08     | 224.43     | 280.16     | 393.5     
c_times   55.49      | 170.08     | 225.57     | 340.16     | 396.29    
travels   54.59      | 54.35      | 54.59      | 53.34      | 0.0       
charges   304.51     | 360.0      | 304.51     | 360.0      | 303.87    
~~~~~~~~~~~~~~~~~~~~~~~~~~~~~~~~~~~~~~~~~~
     Drone (3):
          9          | 1          | 10         | 1          | 3         
s_times   50.56      | 112.58     | 223.14     | 285.16     | 391.73    
c_times   56.53      | 172.58     | 229.11     | 345.16     | 395.09    
travels   56.05      | 50.56      | 56.05      | 46.57      | 0.0       
charges   303.47     | 360.0      | 303.47     | 360.0      | 310.07    
~~~~~~~~~~~~~~~~~~~~~~~~~~~~~~~~~~~~~~~~~~
