~~~~~~~~~~~~~~~~~~~ [3, 'SB', 5, 360] ~~~~~~~~~~~~~~~~~~~
     seed: 5234002089017612908
 Families: [[1], [2, 3], [4, 5, 6], [7, 8], [9, 10, 11], [12]]
  i_times: [390.0, 390.0, 210.0, 390.0]
Fam slots: [[0, 3], [2, 3, 6], [2, 4], [1, 4, 6]]
Ear_dates: [0, 0.0, 540.0, 360.0, 540.0, 1080.0, 360.0, 720.0, 180.0, 720.0, 1080.0, 0]
Due_dates: [1440, 180.0, 720.0, 540.0, 720.0, 1260.0, 540.0, 900.0, 360.0, 900.0, 1260.0, 1440]
Monitor_t: [60.0, 3.36, 3.36, 1.14, 1.14, 1.14, 2.79, 2.79, 5.97, 5.97, 5.97, 0.0]
~~~~~~~~~~~~~~~~~~~ Comparing the results ~~~~~~~~~~~~~~~~~~~
***** lp_Variables: 2792
***** lp_Constraints: 5094
***** lp_objective: 685.48999993135
***** lp_Sol_time: 31.885
     Drone (1):
          2          | 7          | 3          | 0          | 8         
s_times   46.57      | 54.65      | 66.01      | 69.37      | 69.37     
c_times   49.93      | 57.44      | 69.37      | 69.37      | 72.16     
travels   4.72       | 8.57       | 3.5        | 6.55       | 0.0       
charges   310.07     | 302.56     | 290.63     | 290.63     | 287.84    
~~~~~~~~~~~~~~~~~~~~~~~~~~~~~~~~~~~~~~~~~~
     Drone (2):
          4          | 1          | 5          | 1          | 6         
s_times   54.35      | 110.08     | 224.43     | 280.16     | 394.51    
c_times   55.49      | 170.08     | 225.57     | 340.16     | 395.65    
travels   54.59      | 54.35      | 54.59      | 54.35      | 0.0       
charges   304.51     | 360.0      | 304.51     | 360.0      | 304.51    
~~~~~~~~~~~~~~~~~~~~~~~~~~~~~~~~~~~~~~~~~~
     Drone (3):
          9          | 1          | 10         | 1          | 11        
s_times   50.56      | 112.58     | 223.14     | 285.16     | 395.72    
c_times   56.53      | 172.58     | 229.11     | 345.16     | 401.69    
travels   56.05      | 50.56      | 56.05      | 50.56      | 0.0       
charges   303.47     | 360.0      | 303.47     | 360.0      | 303.47    
~~~~~~~~~~~~~~~~~~~~~~~~~~~~~~~~~~~~~~~~~~
***** nlp_Variables: 227
***** nlp_Constraints: 112
***** nlp_objective: 685.4899999999997
***** nlp_Sol_time: 33.526
     Drone (1):
          9          | 1          | 10         | 1          | 11        
s_times   50.56      | 112.58     | 223.14     | 285.16     | 395.72    
c_times   56.53      | 172.58     | 229.11     | 345.16     | 401.69    
travels   56.05      | 50.56      | 56.05      | 50.56      | 0.0       
charges   303.47     | 360.0      | 303.47     | 360.0      | 303.47    
~~~~~~~~~~~~~~~~~~~~~~~~~~~~~~~~~~~~~~~~~~
     Drone (2):
          7          | 2          | 8          | 3          | 1         
s_times   53.34      | 64.7       | 72.78      | 84.14      | 137.38    
c_times   56.13      | 68.06      | 75.57      | 87.5       | 197.38    
travels   8.57       | 4.72       | 8.57       | 49.88      | 0.0       
charges   303.87     | 291.94     | 284.43     | 272.5      | 360.0     
~~~~~~~~~~~~~~~~~~~~~~~~~~~~~~~~~~~~~~~~~~
     Drone (3):
          4          | 1          | 5          | 1          | 6         
s_times   54.35      | 110.08     | 224.43     | 280.16     | 394.51    
c_times   55.49      | 170.08     | 225.57     | 340.16     | 395.65    
travels   54.59      | 54.35      | 54.59      | 54.35      | 0.0       
charges   304.51     | 360.0      | 304.51     | 360.0      | 304.51    
~~~~~~~~~~~~~~~~~~~~~~~~~~~~~~~~~~~~~~~~~~
