~~~~~~~~~~~~~~~~~~~ [3, 'SB', 5, 360] ~~~~~~~~~~~~~~~~~~~
     seed: 7307788576657152677
 Families: [[1], [2, 3], [4, 5, 6], [7, 8], [9, 10, 11], [12]]
  i_times: [210.0, 390.0, 210.0, 390.0]
Fam slots: [[5, 7], [1, 2, 5], [5, 7], [2, 3, 6]]
Ear_dates: [0, 900.0, 1260.0, 180.0, 360.0, 900.0, 900.0, 1260.0, 360.0, 540.0, 1080.0, 0]
Due_dates: [1440, 1080.0, 1440.0, 360.0, 540.0, 1080.0, 1080.0, 1440.0, 540.0, 720.0, 1260.0, 1440]
Monitor_t: [60.0, 3.36, 3.36, 1.14, 1.14, 1.14, 2.79, 2.79, 5.97, 5.97, 5.97, 0.0]
~~~~~~~~~~~~~~~~~~~ Comparing the results ~~~~~~~~~~~~~~~~~~~
***** lp_Variables: 2792
***** lp_Constraints: 5094
***** lp_objective: 956.2999999042697
***** lp_Sol_time: 222.536
     Drone (1):
          4          | 1          | 2          | 1          | 8         
s_times   54.35      | 110.08     | 216.65     | 269.89     | 383.23    
c_times   55.49      | 170.08     | 220.01     | 329.89     | 386.02    
travels   54.59      | 46.57      | 49.88      | 53.34      | 0.0       
charges   304.51     | 360.0      | 310.07     | 360.0      | 303.87    
~~~~~~~~~~~~~~~~~~~~~~~~~~~~~~~~~~~~~~~~~~
     Drone (2):
          9          | 5          | 10         | 6          | 11        
s_times   50.56      | 70.77      | 87.13      | 107.34     | 123.7     
c_times   56.53      | 71.91      | 93.1       | 108.48     | 129.67    
travels   14.24      | 15.22      | 14.24      | 15.22      | 0.0       
charges   303.47     | 288.09     | 266.9      | 251.52     | 230.33    
~~~~~~~~~~~~~~~~~~~~~~~~~~~~~~~~~~~~~~~~~~
     Drone (3):
          12         | 1          | 7          | 1          | 3         
s_times   51.7       | 103.4      | 216.74     | 272.02     | 378.59    
c_times   51.7       | 163.4      | 219.53     | 332.02     | 381.95    
travels   51.7       | 53.34      | 52.49      | 46.57      | 0.0       
charges   308.3      | 360.0      | 303.87     | 360.0      | 310.07    
~~~~~~~~~~~~~~~~~~~~~~~~~~~~~~~~~~~~~~~~~~
***** nlp_Variables: 227
***** nlp_Constraints: 112
***** nlp_objective: 956.2999998844725
***** nlp_Sol_time: 143.34
     Drone (1):
          0          | 5          | 0          | 6          | 11        
s_times   50.56      | 70.77      | 87.13      | 107.34     | 123.7     
c_times   56.53      | 71.91      | 93.1       | 108.48     | 129.67    
travels   3.63       | 3.21       | 3.63       | 15.22      | 0.0       
charges   303.47     | 288.09     | 266.9      | 251.52     | 230.33    
~~~~~~~~~~~~~~~~~~~~~~~~~~~~~~~~~~~~~~~~~~
     Drone (2):
          4          | 1          | 0          | 1          | 3         
s_times   54.35      | 110.08     | 216.65     | 269.89     | 376.46    
c_times   55.49      | 170.08     | 220.01     | 329.89     | 379.82    
travels   54.59      | 51.7       | 51.7       | 46.57      | 0.0       
charges   304.51     | 360.0      | 310.07     | 360.0      | 310.07    
~~~~~~~~~~~~~~~~~~~~~~~~~~~~~~~~~~~~~~~~~~
     Drone (3):
          12         | 1          | 7          | 1          | 8         
s_times   51.7       | 103.4      | 216.74     | 272.02     | 385.36    
c_times   51.7       | 163.4      | 219.53     | 332.02     | 388.15    
travels   51.7       | 53.34      | 52.49      | 53.34      | 0.0       
charges   308.3      | 360.0      | 303.87     | 360.0      | 303.87    
~~~~~~~~~~~~~~~~~~~~~~~~~~~~~~~~~~~~~~~~~~
