~~~~~~~~~~~~~~~~~~~ [3, 'SB', 5, 360] ~~~~~~~~~~~~~~~~~~~
     seed: 1714925122057692607
 Families: [[1], [2, 3], [4, 5, 6], [7, 8], [9, 10, 11], [12]]
  i_times: [30.0, 750.0, 210.0, 390.0]
Fam slots: [[3, 4], [0, 1, 6], [3, 5], [2, 5, 6]]
Ear_dates: [0, 540.0, 720.0, 0.0, 180.0, 1080.0, 540.0, 900.0, 360.0, 900.0, 1080.0, 0]
Due_dates: [1440, 720.0, 900.0, 180.0, 360.0, 1260.0, 720.0, 1080.0, 540.0, 1080.0, 1260.0, 1440]
Monitor_t: [60.0, 3.36, 3.36, 1.14, 1.14, 1.14, 2.79, 2.79, 5.97, 5.97, 5.97, 0.0]
~~~~~~~~~~~~~~~~~~~ Comparing the results ~~~~~~~~~~~~~~~~~~~
***** lp_Variables: 2792
***** lp_Constraints: 5094
***** lp_objective: 685.49
***** lp_Sol_time: 23.48
     Drone (1):
          4          | 1          | 5          | 1          | 6         
s_times   54.35      | 110.08     | 224.43     | 280.16     | 394.51    
c_times   55.49      | 170.08     | 225.57     | 340.16     | 395.65    
travels   54.59      | 54.35      | 54.59      | 54.35      | 0.0       
charges   304.51     | 360.0      | 304.51     | 360.0      | 304.51    
~~~~~~~~~~~~~~~~~~~~~~~~~~~~~~~~~~~~~~~~~~
     Drone (2):
          7          | 1          | 2          | 8          | 3         
s_times   53.34      | 108.62     | 215.19     | 223.27     | 234.63    
c_times   56.13      | 168.62     | 218.55     | 226.06     | 237.99    
travels   52.49      | 46.57      | 4.72       | 8.57       | 0.0       
charges   303.87     | 360.0      | 310.07     | 302.56     | 290.63    
~~~~~~~~~~~~~~~~~~~~~~~~~~~~~~~~~~~~~~~~~~
     Drone (3):
          9          | 1          | 10         | 1          | 11        
s_times   50.56      | 112.58     | 223.14     | 285.16     | 395.72    
c_times   56.53      | 172.58     | 229.11     | 345.16     | 401.69    
travels   56.05      | 50.56      | 56.05      | 50.56      | 0.0       
charges   303.47     | 360.0      | 303.47     | 360.0      | 303.47    
~~~~~~~~~~~~~~~~~~~~~~~~~~~~~~~~~~~~~~~~~~
***** nlp_Variables: 227
***** nlp_Constraints: 112
***** nlp_objective: 685.4900000000007
***** nlp_Sol_time: 26.217
     Drone (1):
          7          | 1          | 2          | 8          | 3         
s_times   53.34      | 108.62     | 215.19     | 223.27     | 234.63    
c_times   56.13      | 168.62     | 218.55     | 226.06     | 237.99    
travels   52.49      | 46.57      | 4.72       | 8.57       | 0.0       
charges   303.87     | 360.0      | 310.07     | 302.56     | 290.63    
~~~~~~~~~~~~~~~~~~~~~~~~~~~~~~~~~~~~~~~~~~
     Drone (2):
          4          | 1          | 5          | 1          | 6         
s_times   54.35      | 110.08     | 224.43     | 280.16     | 394.51    
c_times   55.49      | 170.08     | 225.57     | 340.16     | 395.65    
travels   54.59      | 54.35      | 54.59      | 54.35      | 0.0       
charges   304.51     | 360.0      | 304.51     | 360.0      | 304.51    
~~~~~~~~~~~~~~~~~~~~~~~~~~~~~~~~~~~~~~~~~~
     Drone (3):
          9          | 1          | 10         | 1          | 11        
s_times   50.56      | 112.58     | 223.14     | 285.16     | 395.72    
c_times   56.53      | 172.58     | 229.11     | 345.16     | 401.69    
travels   56.05      | 50.56      | 56.05      | 50.56      | 0.0       
charges   303.47     | 360.0      | 303.47     | 360.0      | 303.47    
~~~~~~~~~~~~~~~~~~~~~~~~~~~~~~~~~~~~~~~~~~
