~~~~~~~~~~~~~~~~~~~ [4, 'SB_RS', 6, 360, 120] ~~~~~~~~~~~~~~~~~~~
 Families: [[1], [2, 3], [4, 5, 6], [7, 8], [9, 10, 11], [12, 13, 14], [15, 16], [17, 18], [19, 20], [21], [22]]
Due_dates: [360, 180.0, 360.0, 120.0, 240.0, 360.0, 180.0, 360.0, 120.0, 240.0, 360.0, 120.0, 240.0, 360.0, 180.0, 360.0, 180.0, 360.0, 180.0, 360.0, 360, 360]
Ear_dates: [0, 18.0, 36.0, 12.0, 24.0, 36.0, 18.0, 36.0, 12.0, 24.0, 36.0, 12.0, 24.0, 36.0, 18.0, 36.0, 18.0, 36.0, 18.0, 36.0, 0, 0]
Monitor_t: [60.0, 2.02, 2.02, 0.68, 0.68, 0.68, 1.68, 1.68, 3.58, 3.58, 3.58, 2.94, 2.94, 2.94, 1.03, 1.03, 1.66, 1.66, 1.4, 1.4, 0.0, 0.0]
~~~~~~~~~~~~~~~~~~~ Comparing the results ~~~~~~~~~~~~~~~~~~~
***** lp_objective: 12.0
***** lp_Sol_time: 15.08
     Drone (1):
          0          | 1          | 7          | 6          | 15         | 14        
s_times   0.0        | 0.0        | 92.0051    | 97.8195    | 112.9388   | 133.2022  
c_times   0.0        | 60.0       | 93.6821    | 98.5033    | 113.9712   | 136.1469  
charges   360.0      | 360.0      | 326.3179   | 321.4967   | 306.0288   | 283.8531  
~~~~~~~~~~~~~~~~~~~~~~~~~~~~~~~~~~~~~~~~~~
     Drone (2):
          0          | 12         | 10         | 3          | 18         | 11        
s_times   0.0        | 0.0        | 48.5187    | 61.7746    | 89.0544    | 124.7775  
c_times   0.0        | 2.9447     | 52.1016    | 63.7927    | 90.7115    | 128.3604  
charges   360.0      | 357.0553   | 307.8984   | 296.2073   | 269.2885   | 231.6396  
~~~~~~~~~~~~~~~~~~~~~~~~~~~~~~~~~~~~~~~~~~
     Drone (3):
          4          | 2          | 13         | 8          | 16         | 20        
s_times   0.0        | 38.1422    | 76.2089    | 115.1238   | 129.5617   | 147.0032  
c_times   33.2963    | 40.1603    | 79.1536    | 116.8008   | 130.5941   | 148.407   
charges   326.7037   | 319.8397   | 280.8464   | 243.1992   | 229.4059   | 211.593   
~~~~~~~~~~~~~~~~~~~~~~~~~~~~~~~~~~~~~~~~~~
     Drone (4):
          0          | 0          | 9          | 17         | 19         | 5         
s_times   0.0        | 0.0        | 0.0        | 38.0214    | 57.0672    | 82.7992   
c_times   0.0        | 0.0        | 3.5829     | 39.6785    | 58.4711    | 83.4829   
charges   360.0      | 360.0      | 356.4171   | 320.3215   | 301.5289   | 276.5171  
~~~~~~~~~~~~~~~~~~~~~~~~~~~~~~~~~~~~~~~~~~
***** nlp_objective: 12.0
***** nlp_Sol_time: 26.212
     Drone (1):
          0          | 1          | 2          | 10         | 18         | 19        
s_times   0.0        | 0.0        | 87.9432    | 99.357     | 137.3784   | 156.4242  
c_times   0.0        | 60.0       | 89.9614    | 102.9398   | 139.0355   | 157.8281  
charges   360.0      | 360.0      | 330.0386   | 317.0602   | 280.9645   | 262.1719  
~~~~~~~~~~~~~~~~~~~~~~~~~~~~~~~~~~~~~~~~~~
     Drone (2):
          0          | 12         | 9          | 13         | 6          | 8         
s_times   0.0        | 0.0        | 48.5187    | 92.4869    | 132.2795   | 136.1129  
c_times   0.0        | 2.9447     | 52.1016    | 95.4316    | 132.9633   | 137.7899  
charges   360.0      | 357.0553   | 307.8984   | 264.5684   | 227.0367   | 222.2101  
~~~~~~~~~~~~~~~~~~~~~~~~~~~~~~~~~~~~~~~~~~
     Drone (3):
          4          | 17         | 14         | 3          | 11         | 20        
s_times   0.0        | 60.8031    | 103.6915   | 147.2338   | 158.6476   | 195.0458  
c_times   33.2963    | 62.4602    | 106.6362   | 149.252    | 162.2305   | 196.4497  
charges   326.7037   | 297.5398   | 253.3638   | 210.748    | 197.7695   | 163.5503  
~~~~~~~~~~~~~~~~~~~~~~~~~~~~~~~~~~~~~~~~~~
     Drone (4):
          0          | 22         | 7          | 15         | 5          | 16        
s_times   0.0        | 0.0        | 18.9557    | 33.3936    | 49.431     | 64.5504   
c_times   0.0        | 0.0        | 20.6327    | 34.426     | 50.1148    | 65.5827   
charges   360.0      | 360.0      | 339.3673   | 325.574    | 309.8852   | 294.4173  
~~~~~~~~~~~~~~~~~~~~~~~~~~~~~~~~~~~~~~~~~~
