~~~~~~~~~~~~~~~~~~~ [6, 'LA', 7, 600, 600] ~~~~~~~~~~~~~~~~~~~
 Families: [[1], [2, 3, 4, 5, 6], [7, 8, 9, 10], [11, 12, 13, 14, 15], [16, 17, 18, 19], [20, 21, 22, 23, 24], [25, 26, 27, 28], [29, 30, 31, 32], [33, 34, 35, 36], [37]]
Due_dates: [360, 72.0, 144.0, 216.0, 288.0, 360.0, 90.0, 180.0, 270.0, 360.0, 72.0, 144.0, 216.0, 288.0, 360.0, 90.0, 180.0, 270.0, 360.0, 72.0, 144.0, 216.0, 288.0, 360.0, 90.0, 180.0, 270.0, 360.0, 90.0, 180.0, 270.0, 360.0, 90.0, 180.0, 270.0, 360.0, 360]
Ear_dates: [0, 7.2, 14.4, 21.6, 28.8, 36.0, 9.0, 18.0, 27.0, 36.0, 7.2, 14.4, 21.6, 28.8, 36.0, 9.0, 18.0, 27.0, 36.0, 7.2, 14.4, 21.6, 28.8, 36.0, 9.0, 18.0, 27.0, 36.0, 9.0, 18.0, 27.0, 36.0, 9.0, 18.0, 27.0, 36.0, 0]
Monitor_t: [60.0, 2.05, 2.05, 2.05, 2.05, 2.05, 2.54, 2.54, 2.54, 2.54, 7.51, 7.51, 7.51, 7.51, 7.51, 3.93, 3.93, 3.93, 3.93, 3.33, 3.33, 3.33, 3.33, 3.33, 1.97, 1.97, 1.97, 1.97, 3.72, 3.72, 3.72, 3.72, 4.6, 4.6, 4.6, 4.6, 0.0]
~~~~~~~~~~~~~~~~~~~ Comparing the results ~~~~~~~~~~~~~~~~~~~
***** lp_objective: 7.2
***** lp_Sol_time: 2090.481
     Drone (1):
          20         | 4          | 28         | 14         | 32         | 10         | 15        
s_times   0.0        | 84.8096    | 89.6868    | 122.9067   | 178.3753   | 199.4404   | 232.2355  
c_times   63.7534    | 86.8566    | 91.6615    | 130.4199   | 182.0973   | 201.9829   | 239.7488  
charges   536.2466   | 513.1434   | 508.3385   | 469.5801   | 417.9027   | 398.0171   | 360.2512  
~~~~~~~~~~~~~~~~~~~~~~~~~~~~~~~~~~~~~~~~~~
     Drone (2):
          0          | 37         | 7          | 25         | 33         | 27         | 34        
s_times   0.0        | 0.0        | 4.8255     | 16.1736    | 38.9799    | 64.6705    | 87.4767   
c_times   0.0        | 0.0        | 7.368      | 18.1484    | 43.58      | 66.6453    | 92.0768   
charges   600.0      | 600.0      | 592.632    | 581.8516   | 556.42     | 533.3547   | 507.9232  
~~~~~~~~~~~~~~~~~~~~~~~~~~~~~~~~~~~~~~~~~~
     Drone (3):
          2          | 8          | 21         | 17         | 36         | 6          | 24        
s_times   0.0        | 59.1512    | 74.3536    | 81.5022    | 125.6359   | 153.5795   | 177.8402  
c_times   46.9308    | 61.6937    | 77.6787    | 85.437     | 130.236    | 155.6264   | 181.1654  
charges   553.0692   | 538.3063   | 522.3213   | 514.563    | 469.764    | 444.3736   | 418.8346  
~~~~~~~~~~~~~~~~~~~~~~~~~~~~~~~~~~~~~~~~~~
     Drone (4):
          0          | 37         | 12         | 3          | 35         | 9          | 5         
s_times   0.0        | 0.0        | 28.4964    | 70.584     | 94.4055    | 120.9985   | 131.4329  
c_times   0.0        | 0.0        | 36.0096    | 72.631     | 99.0056    | 123.541    | 133.4798  
charges   600.0      | 600.0      | 563.9904   | 527.369    | 500.9944   | 476.459    | 466.5202  
~~~~~~~~~~~~~~~~~~~~~~~~~~~~~~~~~~~~~~~~~~
     Drone (5):
          0          | 11         | 26         | 30         | 18         | 31         | 23        
s_times   0.0        | 0.0        | 44.5191    | 59.2897    | 95.3455    | 131.5833   | 162.7606  
c_times   0.0        | 7.5133     | 46.4938    | 63.0117    | 99.2803    | 135.3053   | 166.0858  
charges   600.0      | 592.4867   | 553.5062   | 536.9883   | 500.7197   | 464.6947   | 433.9142  
~~~~~~~~~~~~~~~~~~~~~~~~~~~~~~~~~~~~~~~~~~
     Drone (6):
          0          | 37         | 16         | 29         | 13         | 19         | 22        
s_times   0.0        | 0.0        | 15.5485    | 51.7863    | 102.252    | 140.8108   | 155.7232  
c_times   0.0        | 0.0        | 19.4833    | 55.5083    | 109.7653   | 144.7456   | 159.0484  
charges   600.0      | 600.0      | 580.5167   | 544.4917   | 490.2347   | 455.2544   | 440.9516  
~~~~~~~~~~~~~~~~~~~~~~~~~~~~~~~~~~~~~~~~~~
***** nlp_objective: 7.200000002900761
***** nlp_Sol_time: 51899.333
     Drone (1):
          0          | 37         | 7          | 17         | 25         | 33         | 30        
s_times   0.0        | 0.0        | 4.8255     | 22.7546    | 51.5392    | 74.3454    | 89.0663   
c_times   0.0        | 0.0        | 7.368      | 26.6894    | 53.5139    | 78.9455    | 92.7883   
charges   600.0      | 600.0      | 592.632    | 573.3106   | 546.4861   | 521.0545   | 507.2117  
~~~~~~~~~~~~~~~~~~~~~~~~~~~~~~~~~~~~~~~~~~
     Drone (2):
          20         | 34         | 32         | 28         | 36         | 15         | 19        
s_times   0.0        | 98.7187    | 113.4396   | 131.9205   | 154.7268   | 211.9478   | 250.5065  
c_times   63.7534    | 103.3188   | 117.1616   | 133.8953   | 159.3269   | 219.461    | 254.4413  
charges   536.2466   | 496.6812   | 482.8384   | 466.1047   | 440.6731   | 380.539    | 345.5587  
~~~~~~~~~~~~~~~~~~~~~~~~~~~~~~~~~~~~~~~~~~
     Drone (3):
          2          | 10         | 21         | 5          | 27         | 6          | 13        
s_times   0.0        | 59.1512    | 74.3536    | 98.735     | 103.6122   | 107.7023   | 140.1089  
c_times   46.9308    | 61.6937    | 77.6787    | 100.782    | 105.5869   | 109.7493   | 147.6222  
charges   553.0692   | 538.3063   | 522.3213   | 499.218    | 494.4131   | 490.2507   | 452.3778  
~~~~~~~~~~~~~~~~~~~~~~~~~~~~~~~~~~~~~~~~~~
     Drone (4):
          0          | 1          | 31         | 23         | 18         | 24         | 14        
s_times   0.0        | 0.0        | 95.0707    | 126.248    | 133.3966   | 148.309    | 178.9824  
c_times   0.0        | 60.0       | 98.7927    | 129.5732   | 137.3314   | 151.6342   | 186.4957  
charges   600.0      | 600.0      | 561.2073   | 530.4268   | 522.6686   | 508.3658   | 473.5043  
~~~~~~~~~~~~~~~~~~~~~~~~~~~~~~~~~~~~~~~~~~
     Drone (5):
          0          | 37         | 16         | 8          | 29         | 4          | 12        
s_times   0.0        | 0.0        | 15.5485    | 37.3023    | 54.4805    | 75.2939    | 107.7005  
c_times   0.0        | 0.0        | 19.4833    | 39.8448    | 58.2025    | 77.3408    | 115.2137  
charges   600.0      | 600.0      | 580.5167   | 560.1552   | 541.7975   | 522.6592   | 484.7863  
~~~~~~~~~~~~~~~~~~~~~~~~~~~~~~~~~~~~~~~~~~
     Drone (6):
          0          | 11         | 9          | 3          | 26         | 22         | 35        
s_times   0.0        | 0.0        | 45.4953    | 55.9296    | 60.8068    | 85.037     | 123.3275  
c_times   0.0        | 7.5133     | 48.0378    | 57.9766    | 62.7815    | 88.3622    | 127.9276  
charges   600.0      | 592.4867   | 551.9622   | 542.0234   | 537.2185   | 511.6378   | 472.0724  
~~~~~~~~~~~~~~~~~~~~~~~~~~~~~~~~~~~~~~~~~~
