~~~~~~~~~~~~~~~~~~~ [3, 'SB', 5, 120] ~~~~~~~~~~~~~~~~~~~
     seed: 4023767395192715721
 Families: [[1], [2, 3], [4, 5, 6], [7, 8], [9, 10, 11], [12]]
  i_times: [210.0, 390.0, 390.0, 210.0]
Fam slots: [[2, 4], [2, 5, 7], [2, 5], [2, 3, 5]]
Ear_dates: [0, 360.0, 720.0, 360.0, 900.0, 1260.0, 360.0, 900.0, 360.0, 540.0, 900.0, 0]
Due_dates: [1440, 540.0, 900.0, 540.0, 1080.0, 1440.0, 540.0, 1080.0, 540.0, 720.0, 1080.0, 1440]
Monitor_t: [60.0, 2.02, 2.02, 0.68, 0.68, 0.68, 1.68, 1.68, 3.58, 3.58, 3.58, 0.0]
~~~~~~~~~~~~~~~~~~~ Comparing the results ~~~~~~~~~~~~~~~~~~~
***** lp_Variables: 3742
***** lp_Constraints: 6798
***** lp_objective: 0.0
     Drone (1):
          12         | 9          | 1          | 12         | 11        
s_times   0.0        | 322.84     | 360.05     | 451.07     | 750.0     
c_times   315.04     | 326.42     | 420.05     | 742.2      | 753.58    
travels   7.8        | 33.63      | 31.02      | 7.8        | 0.0       
charges   120.0      | 108.62     | 120.0      | 88.98      | 77.6      
~~~~~~~~~~~~~~~~~~~~~~~~~~~~~~~~~~~~~~~~~~
     Drone (2):
          12         | 12         | 2          | 8          | 3         
s_times   0.0        | 1254.62    | 1257.98    | 1262.83    | 1269.65   
c_times   1254.62    | 1254.62    | 1260.0     | 1264.51    | 1271.67   
travels   0.0        | 3.36       | 2.83       | 5.14       | 0.0       
charges   120.0      | 120.0      | 114.62     | 110.11     | 102.95    
~~~~~~~~~~~~~~~~~~~~~~~~~~~~~~~~~~~~~~~~~~
     Drone (3):
          4          | 12         | 5          | 12         | 10        
s_times   0.0        | 35.21      | 526.02     | 528.62     | 536.42    
c_times   33.29      | 523.84     | 526.7      | 528.62     | 540.0     
travels   1.92       | 2.18       | 1.92       | 7.8        | 0.0       
charges   86.71      | 84.79      | 81.93      | 80.01      | 68.63     
~~~~~~~~~~~~~~~~~~~~~~~~~~~~~~~~~~~~~~~~~~
     Drone (4):
          12         | 7          | 12         | 6          | 1         
s_times   0.0        | 331.15     | 338.19     | 1096.7     | 1130.13   
c_times   327.22     | 332.83     | 1094.52    | 1097.38    | 1190.13   
travels   3.93       | 5.36       | 2.18       | 32.75      | 0.0       
charges   120.0      | 114.39     | 109.03     | 106.17     | 120.0     
~~~~~~~~~~~~~~~~~~~~~~~~~~~~~~~~~~~~~~~~~~
***** nlp_Variables: 542
***** nlp_Constraints: 139
***** nlp_objective: 0.0
