~~~~~~~~~~~~~~~~~~~ [3, 'SB', 5, 120] ~~~~~~~~~~~~~~~~~~~
     seed: 728266096768550562
 Families: [[1], [2, 3], [4, 5, 6], [7, 8], [9, 10, 11], [12]]
  i_times: [210.0, 390.0, 390.0, 210.0]
Fam slots: [[2, 4], [2, 5, 7], [2, 5], [2, 3, 5]]
Ear_dates: [0, 360.0, 720.0, 360.0, 900.0, 1260.0, 360.0, 900.0, 360.0, 540.0, 900.0, 0]
Due_dates: [1440, 540.0, 900.0, 540.0, 1080.0, 1440.0, 540.0, 1080.0, 540.0, 720.0, 1080.0, 1440]
Monitor_t: [60.0, 2.02, 2.02, 0.68, 0.68, 0.68, 1.68, 1.68, 3.58, 3.58, 3.58, 0.0]
~~~~~~~~~~~~~~~~~~~ Comparing the results ~~~~~~~~~~~~~~~~~~~
***** lp_Variables: 3742
***** lp_Constraints: 6798
***** lp_objective: 0.0
     Drone (1):
          12         | 2          | 12         | 11         | 1         
s_times   0.0        | 537.98     | 542.1      | 549.9      | 587.11    
c_times   534.62     | 540.0      | 542.1      | 553.48     | 647.11    
travels   3.36       | 2.1        | 7.8        | 33.63      | 0.0       
charges   120.0      | 114.62     | 112.52     | 101.14     | 120.0     
~~~~~~~~~~~~~~~~~~~~~~~~~~~~~~~~~~~~~~~~~~
     Drone (2):
          12         | 10         | 8          | 12         | 6         
s_times   0.0        | 375.49     | 390.0      | 397.04     | 900.0     
c_times   367.69     | 379.07     | 391.68     | 897.82     | 900.68    
travels   7.8        | 10.93      | 5.36       | 2.18       | 0.0       
charges   120.0      | 108.62     | 96.01      | 90.65      | 87.79     
~~~~~~~~~~~~~~~~~~~~~~~~~~~~~~~~~~~~~~~~~~
     Drone (3):
          12         | 12         | 9          | 12         | 7         
s_times   0.0        | 168.62     | 176.42     | 187.26     | 358.32    
c_times   168.62     | 168.62     | 180.0      | 354.39     | 360.0     
travels   0.0        | 7.8        | 7.26       | 3.93       | 0.0       
charges   120.0      | 120.0      | 108.62     | 101.36     | 95.75     
~~~~~~~~~~~~~~~~~~~~~~~~~~~~~~~~~~~~~~~~~~
     Drone (4):
          12         | 4          | 12         | 5          | 3         
s_times   0.0        | 353.79     | 356.39     | 744.47     | 750.0     
c_times   351.61     | 354.47     | 742.29     | 745.15     | 752.02    
travels   2.18       | 1.92       | 2.18       | 4.85       | 0.0       
charges   120.0      | 117.14     | 115.22     | 112.36     | 105.49    
~~~~~~~~~~~~~~~~~~~~~~~~~~~~~~~~~~~~~~~~~~
***** nlp_Variables: 542
***** nlp_Constraints: 139
***** nlp_objective: 0.0
     Drone (1):
          12         | 5          | 8          | 11        
s_times   0.0        | 900.0      | 903.83     | 918.6     
c_times   897.82     | 900.68     | 905.51     | 922.18    
travels   2.18       | 3.15       | 13.09      | 0.0       
charges   180.0      | 177.14     | 172.31     | 155.64    
~~~~~~~~~~~~~~~~~~~~~~~~~~~~~~~~~~~~~~~~~~
     Drone (2):
          12         | 9          | 7          | 12        
s_times   0.0        | 497.64     | 512.15     | 519.19    
c_times   489.84     | 501.22     | 513.83     | 519.19    
travels   7.8        | 10.93      | 5.36       | 0.0       
charges   180.0      | 168.62     | 156.01     | 150.65    
~~~~~~~~~~~~~~~~~~~~~~~~~~~~~~~~~~~~~~~~~~
     Drone (3):
          12         | 6          | 1          | 12        
s_times   0.0        | 1260.0     | 1293.43    | 1384.45   
c_times   1257.82    | 1260.68    | 1353.43    | 1384.45   
travels   2.18       | 32.75      | 31.02      | 0.0       
charges   180.0      | 177.14     | 180.0      | 148.98    
~~~~~~~~~~~~~~~~~~~~~~~~~~~~~~~~~~~~~~~~~~
     Drone (4):
          12         | 12         | 10         | 3         
s_times   0.0        | 31.02      | 711.22     | 724.47    
c_times   31.02      | 703.42     | 714.8      | 726.49    
travels   0.0        | 7.8        | 9.67       | 0.0       
charges   180.0      | 180.0      | 168.62     | 156.93    
~~~~~~~~~~~~~~~~~~~~~~~~~~~~~~~~~~~~~~~~~~
     Drone (5):
          12         | 12         | 4          | 2         
s_times   0.0        | 31.02      | 509.32     | 514.85    
c_times   31.02      | 507.14     | 510.0      | 516.87    
travels   0.0        | 2.18       | 4.85       | 0.0       
charges   180.0      | 180.0      | 177.14     | 170.27    
~~~~~~~~~~~~~~~~~~~~~~~~~~~~~~~~~~~~~~~~~~
