~~~~~~~~~~~~~~~~~~~ [3, 'SB', 5, 120] ~~~~~~~~~~~~~~~~~~~
     seed: 3503358572311677137
 Families: [[1], [2, 3], [4, 5, 6], [7, 8], [9, 10, 11], [12]]
  i_times: [210.0, 390.0, 390.0, 210.0]
Fam slots: [[2, 4], [2, 5, 7], [2, 5], [2, 3, 5]]
Ear_dates: [0, 360.0, 720.0, 360.0, 900.0, 1260.0, 360.0, 900.0, 360.0, 540.0, 900.0, 0]
Due_dates: [1440, 540.0, 900.0, 540.0, 1080.0, 1440.0, 540.0, 1080.0, 540.0, 720.0, 1080.0, 1440]
Monitor_t: [60.0, 2.02, 2.02, 0.68, 0.68, 0.68, 1.68, 1.68, 3.58, 3.58, 3.58, 0.0]
~~~~~~~~~~~~~~~~~~~ Comparing the results ~~~~~~~~~~~~~~~~~~~
***** lp_Variables: 3742
***** lp_Constraints: 6798
***** lp_objective: 0.0
