~~~~~~~~~~~~~~~~~~~ [3, 'SB', 5, 180] ~~~~~~~~~~~~~~~~~~~
     seed: 8876805262696486678
 Families: [[1], [2, 3], [4, 5, 6], [7, 8], [9, 10, 11], [12]]
  i_times: [1110.0, 30.0, 210.0, 210.0]
Fam slots: [[0, 7], [0, 1, 2], [2, 4], [4, 6, 7]]
Ear_dates: [0, 0.0, 1260.0, 0.0, 180.0, 360.0, 360.0, 720.0, 720.0, 1080.0, 1260.0, 0]
Due_dates: [1440, 180.0, 1440.0, 180.0, 360.0, 540.0, 540.0, 900.0, 900.0, 1260.0, 1440.0, 1440]
Monitor_t: [60.0, 2.02, 2.02, 0.68, 0.68, 0.68, 1.68, 1.68, 3.58, 3.58, 3.58, 0.0]
~~~~~~~~~~~~~~~~~~~ Comparing the results ~~~~~~~~~~~~~~~~~~~
***** lp_Variables: 3742
***** lp_Constraints: 6798
***** lp_objective: 119.31999998796796
     Drone (1):
          12         | 4          | 12         | 12         | 10        
s_times   0.0        | 179.32     | 181.92     | 522.33     | 960.68    
c_times   177.14     | 180.0      | 522.33     | 952.88     | 964.26    
travels   2.18       | 1.92       | 0.0        | 7.8        | 0.0       
charges   180.0      | 177.14     | 175.22     | 175.22     | 163.84    
~~~~~~~~~~~~~~~~~~~~~~~~~~~~~~~~~~~~~~~~~~
     Drone (2):
          12         | 5          | 12         | 11         | 3         
s_times   0.0        | 210.0      | 212.6      | 1140.68    | 1153.93   
c_times   207.82     | 210.68     | 1132.88    | 1144.26    | 1155.95   
travels   2.18       | 1.92       | 7.8        | 9.67       | 0.0       
charges   180.0      | 177.14     | 175.22     | 163.84     | 152.15    
~~~~~~~~~~~~~~~~~~~~~~~~~~~~~~~~~~~~~~~~~~
     Drone (3):
          12         | 2          | 12         | 1          | 7         
s_times   0.0        | 51.57      | 55.69      | 446.31     | 538.32    
c_times   48.21      | 53.59      | 415.29     | 506.31     | 540.0     
travels   3.36       | 2.1        | 31.02      | 32.01      | 0.0       
charges   180.0      | 174.62     | 172.52     | 180.0      | 146.31    
~~~~~~~~~~~~~~~~~~~~~~~~~~~~~~~~~~~~~~~~~~
     Drone (4):
          12         | 6          | 12         | 8          | 9         
s_times   0.0        | 240.68     | 243.28     | 732.33     | 747.1     
c_times   238.5      | 241.36     | 728.4      | 734.01     | 750.68    
travels   2.18       | 1.92       | 3.93       | 13.09      | 0.0       
charges   180.0      | 177.14     | 175.22     | 169.61     | 152.94    
~~~~~~~~~~~~~~~~~~~~~~~~~~~~~~~~~~~~~~~~~~
***** nlp_Variables: 542
***** nlp_Constraints: 138
***** nlp_objective: 119.31999998798071
     Drone (1):
          12         | 12         | 2          | 1          | 4         
s_times   0.0        | 31.02      | 54.76      | 86.71      | 179.32    
c_times   31.02      | 51.4       | 56.78      | 146.71     | 180.0     
travels   0.0        | 3.36       | 29.93      | 32.61      | 0.0       
charges   180.0      | 180.0      | 174.62     | 180.0      | 146.71    
~~~~~~~~~~~~~~~~~~~~~~~~~~~~~~~~~~~~~~~~~~
     Drone (2):
          12         | 12         | 5          | 12         | 6         
s_times   0.0        | 31.02      | 210.0      | 212.6      | 240.68    
c_times   31.02      | 207.82     | 210.68     | 238.5      | 241.36    
travels   0.0        | 2.18       | 1.92       | 2.18       | 0.0       
charges   180.0      | 180.0      | 177.14     | 175.22     | 172.36    
~~~~~~~~~~~~~~~~~~~~~~~~~~~~~~~~~~~~~~~~~~
     Drone (3):
          12         | 8          | 9          | 12         | 10        
s_times   0.0        | 732.33     | 747.1      | 757.94     | 960.68    
c_times   728.4      | 734.01     | 750.68     | 952.88     | 964.26    
travels   3.93       | 13.09      | 7.26       | 7.8        | 0.0       
charges   180.0      | 174.39     | 157.72     | 150.46     | 139.08    
~~~~~~~~~~~~~~~~~~~~~~~~~~~~~~~~~~~~~~~~~~
     Drone (4):
          12         | 7          | 12         | 3          | 11        
s_times   0.0        | 520.65     | 527.69     | 1162.84    | 1174.26   
c_times   516.72     | 522.33     | 1159.48    | 1164.86    | 1177.84   
travels   3.93       | 5.36       | 3.36       | 9.4        | 0.0       
charges   180.0      | 174.39     | 169.03     | 163.65     | 150.67    
~~~~~~~~~~~~~~~~~~~~~~~~~~~~~~~~~~~~~~~~~~
