~~~~~~~~~~~~~~~~~~~ [3, 'RS', 5, 360] ~~~~~~~~~~~~~~~~~~~
     seed: 6509653088814083106
 Families: [[1], [2, 3, 4], [5, 6], [7, 8], [9, 10], [11]]
  i_times: [390.0, 930.0, 390.0, 30.0]
Fam slots: [[0, 3, 6], [0, 6], [3, 6], [1, 2]]
Ear_dates: [0, 0.0, 540.0, 1080.0, 0.0, 1080.0, 540.0, 1080.0, 180.0, 360.0, 0]
Due_dates: [1440, 180.0, 720.0, 1260.0, 180.0, 1260.0, 720.0, 1260.0, 360.0, 540.0, 1440]
Monitor_t: [60.0, 2.94, 2.94, 2.94, 1.03, 1.03, 1.66, 1.66, 1.4, 1.4, 0.0]
~~~~~~~~~~~~~~~~~~~ Comparing the results ~~~~~~~~~~~~~~~~~~~
***** lp_Variables: 2402
***** lp_Constraints: 4414
***** lp_objective: 326.07999996727204
***** lp_Sol_time: 88.709
     Drone (1):
          4          | 1          | 11         | 1          | 7         
s_times   759.52     | 131.0      | 234.55     | 278.1      | 367.86    
c_times   65.51      | 191.0      | 234.55     | 338.1      | 369.52    
travels   65.49      | 43.55      | 43.55      | 29.76      | 0.0       
charges   294.49     | 360.0      | 316.45     | 360.0      | 328.58    
~~~~~~~~~~~~~~~~~~~~~~~~~~~~~~~~~~~~~~~~~~
     Drone (2):
          6          | 9          | 5          | 0          | 10        
s_times   759.52     | 61.06      | 79.56      | 80.59      | 80.59     
c_times   44.65      | 62.46      | 80.59      | 80.59      | 81.99     
travels   16.41      | 17.1       | 10.78      | 5.84       | 0.0       
charges   315.35     | 297.54     | 279.41     | 279.41     | 278.01    
~~~~~~~~~~~~~~~~~~~~~~~~~~~~~~~~~~~~~~~~~~
     Drone (3):
          8          | 1          | 2          | 1          | 3         
s_times   759.52     | 60.09      | 182.66     | 251.09     | 373.66    
c_times   31.42      | 120.09     | 185.6      | 311.09     | 376.6     
travels   28.67      | 62.57      | 65.49      | 62.57      | 0.0       
charges   328.58     | 360.0      | 294.49     | 360.0      | 294.49    
~~~~~~~~~~~~~~~~~~~~~~~~~~~~~~~~~~~~~~~~~~
***** nlp_Variables: 212
***** nlp_Constraints: 106
***** nlp_objective: 326.07999999999936
***** nlp_Sol_time: 66.849
     Drone (1):
          6          | 9          | 11         | 10         | 5         
s_times   759.52     | 61.06      | 69.43      | 75.27      | 93.77     
c_times   44.65      | 62.46      | 69.43      | 76.67      | 94.8      
travels   16.41      | 6.97       | 5.84       | 17.1       | 0.0       
charges   315.35     | 297.54     | 290.57     | 283.33     | 265.2     
~~~~~~~~~~~~~~~~~~~~~~~~~~~~~~~~~~~~~~~~~~
     Drone (2):
          8          | 1          | 2          | 1          | 3         
s_times   759.52     | 60.09      | 182.66     | 251.09     | 373.66    
c_times   31.42      | 120.09     | 185.6      | 311.09     | 376.6     
travels   28.67      | 62.57      | 65.49      | 62.57      | 0.0       
charges   328.58     | 360.0      | 294.49     | 360.0      | 294.49    
~~~~~~~~~~~~~~~~~~~~~~~~~~~~~~~~~~~~~~~~~~
     Drone (3):
          4          | 1          | 11         | 1          | 7         
s_times   759.52     | 131.0      | 234.55     | 278.1      | 367.86    
c_times   65.51      | 191.0      | 234.55     | 338.1      | 369.52    
travels   65.49      | 43.55      | 43.55      | 29.76      | 0.0       
charges   294.49     | 360.0      | 316.45     | 360.0      | 328.58    
~~~~~~~~~~~~~~~~~~~~~~~~~~~~~~~~~~~~~~~~~~
