~~~~~~~~~~~~~~~~~~~ [3, 'RS', 5, 360] ~~~~~~~~~~~~~~~~~~~
     seed: 3324049388651726243
 Families: [[1], [2, 3, 4], [5, 6], [7, 8], [9, 10], [11]]
  i_times: [570.0, 390.0, 30.0, 570.0]
Fam slots: [[0, 3, 7], [3, 6], [3, 4], [1, 5]]
Ear_dates: [0, 0.0, 540.0, 1260.0, 540.0, 1080.0, 540.0, 720.0, 180.0, 900.0, 0]
Due_dates: [1440, 180.0, 720.0, 1440.0, 720.0, 1260.0, 720.0, 900.0, 360.0, 1080.0, 1440]
Monitor_t: [60.0, 2.94, 2.94, 2.94, 1.03, 1.03, 1.66, 1.66, 1.4, 1.4, 0.0]
~~~~~~~~~~~~~~~~~~~ Comparing the results ~~~~~~~~~~~~~~~~~~~
***** lp_Variables: 2402
***** lp_Constraints: 4414
***** lp_objective: 815.43
***** lp_Sol_time: 12.981
     Drone (1):
          9          | 11         | 1          | 8          | 10        
s_times   0.0        | 50.53      | 94.08      | 183.84     | 202.89    
c_times   43.56      | 50.53      | 154.08     | 185.5      | 204.29    
travels   6.97       | 43.55      | 29.76      | 17.39      | 0.0       
charges   316.44     | 309.47     | 360.0      | 328.58     | 309.79    
~~~~~~~~~~~~~~~~~~~~~~~~~~~~~~~~~~~~~~~~~~
     Drone (2):
          5          | 1          | 7          | 1          | 6         
s_times   0.0        | 89.29      | 179.05     | 209.38     | 313.0     
c_times   44.65      | 149.29     | 180.71     | 269.38     | 314.03    
travels   44.64      | 29.76      | 28.67      | 43.62      | 0.0       
charges   315.35     | 360.0      | 328.58     | 360.0      | 315.35    
~~~~~~~~~~~~~~~~~~~~~~~~~~~~~~~~~~~~~~~~~~
     Drone (3):
          2          | 1          | 3          | 1          | 4         
s_times   0.0        | 131.0      | 253.57     | 322.0      | 444.57    
c_times   65.51      | 191.0      | 256.51     | 382.0      | 447.51    
travels   65.49      | 62.57      | 65.49      | 62.57      | 0.0       
charges   294.49     | 360.0      | 294.49     | 360.0      | 294.49    
~~~~~~~~~~~~~~~~~~~~~~~~~~~~~~~~~~~~~~~~~~
***** nlp_Variables: 212
***** nlp_Constraints: 106
***** nlp_objective: 815.4299999999897
***** nlp_Sol_time: 26.466
     Drone (1):
          5          | 1          | 7          | 1          | 6         
s_times   0.0        | 89.29      | 179.05     | 209.38     | 313.0     
c_times   44.65      | 149.29     | 180.71     | 269.38     | 314.03    
travels   44.64      | 29.76      | 28.67      | 43.62      | 0.0       
charges   315.35     | 360.0      | 328.58     | 360.0      | 315.35    
~~~~~~~~~~~~~~~~~~~~~~~~~~~~~~~~~~~~~~~~~~
     Drone (2):
          2          | 1          | 3          | 1          | 4         
s_times   0.0        | 131.0      | 253.57     | 322.0      | 444.57    
c_times   65.51      | 191.0      | 256.51     | 382.0      | 447.51    
travels   65.49      | 62.57      | 65.49      | 62.57      | 0.0       
charges   294.49     | 360.0      | 294.49     | 360.0      | 294.49    
~~~~~~~~~~~~~~~~~~~~~~~~~~~~~~~~~~~~~~~~~~
     Drone (3):
          9          | 1          | 11         | 10         | 8         
s_times   0.0        | 84.64      | 188.19     | 194.03     | 209.78    
c_times   43.56      | 144.64     | 188.19     | 195.43     | 211.44    
travels   41.08      | 43.55      | 5.84       | 14.35      | 0.0       
charges   316.44     | 360.0      | 316.45     | 309.21     | 293.2     
~~~~~~~~~~~~~~~~~~~~~~~~~~~~~~~~~~~~~~~~~~
