~~~~~~~~~~~~~~~~~~~ [3, 'RS', 5, 360] ~~~~~~~~~~~~~~~~~~~
     seed: 7613946830417215720
 Families: [[1], [2, 3, 4], [5, 6], [7, 8], [9, 10], [11]]
  i_times: [390.0, 390.0, 210.0, 390.0]
Fam slots: [[1, 4, 5], [3, 6], [4, 6], [4, 7]]
Ear_dates: [0, 180.0, 720.0, 900.0, 540.0, 1080.0, 720.0, 1080.0, 720.0, 1260.0, 0]
Due_dates: [1440, 360.0, 900.0, 1080.0, 720.0, 1260.0, 900.0, 1260.0, 900.0, 1440.0, 1440]
Monitor_t: [60.0, 2.94, 2.94, 2.94, 1.03, 1.03, 1.66, 1.66, 1.4, 1.4, 0.0]
~~~~~~~~~~~~~~~~~~~ Comparing the results ~~~~~~~~~~~~~~~~~~~
***** lp_Variables: 2402
***** lp_Constraints: 4414
***** lp_objective: 835.8399999999999
***** lp_Sol_time: 13.372
     Drone (1):
          2          | 1          | 4          | 1          | 10        
s_times   0.0        | 131.0      | 253.57     | 322.0      | 424.16    
c_times   65.51      | 191.0      | 256.51     | 382.0      | 425.56    
travels   65.49      | 62.57      | 65.49      | 42.16      | 0.0       
charges   294.49     | 360.0      | 294.49     | 360.0      | 316.44    
~~~~~~~~~~~~~~~~~~~~~~~~~~~~~~~~~~~~~~~~~~
     Drone (2):
          9          | 1          | 7          | 1          | 6         
s_times   0.0        | 84.64      | 174.4      | 204.73     | 308.35    
c_times   43.56      | 144.64     | 176.06     | 264.73     | 309.38    
travels   41.08      | 29.76      | 28.67      | 43.62      | 0.0       
charges   316.44     | 360.0      | 328.58     | 360.0      | 315.35    
~~~~~~~~~~~~~~~~~~~~~~~~~~~~~~~~~~~~~~~~~~
     Drone (3):
          5          | 11         | 1          | 3          | 8         
s_times   0.0        | 55.43      | 98.98      | 221.55     | 266.92    
c_times   44.65      | 55.43      | 158.98     | 224.49     | 268.58    
travels   10.78      | 43.55      | 62.57      | 42.43      | 0.0       
charges   315.35     | 304.57     | 360.0      | 294.49     | 250.4     
~~~~~~~~~~~~~~~~~~~~~~~~~~~~~~~~~~~~~~~~~~
***** nlp_Variables: 212
***** nlp_Constraints: 106
***** nlp_objective: 527.8599999471103
***** nlp_Sol_time: 34.463
     Drone (1):
          8          | 1          | 2          | 1          | 7         
s_times   552.14     | 60.09      | 182.66     | 251.09     | 340.85    
c_times   31.42      | 120.09     | 185.6      | 311.09     | 342.51    
travels   28.67      | 62.57      | 65.49      | 29.76      | 0.0       
charges   328.58     | 360.0      | 294.49     | 360.0      | 328.58    
~~~~~~~~~~~~~~~~~~~~~~~~~~~~~~~~~~~~~~~~~~
     Drone (2):
          10         | 1          | 3          | 1          | 4         
s_times   732.14     | 84.64      | 207.21     | 275.64     | 398.21    
c_times   43.56      | 144.64     | 210.15     | 335.64     | 401.15    
travels   41.08      | 62.57      | 65.49      | 62.57      | 0.0       
charges   316.44     | 360.0      | 294.49     | 360.0      | 294.49    
~~~~~~~~~~~~~~~~~~~~~~~~~~~~~~~~~~~~~~~~~~
     Drone (3):
          6          | 1          | 5          | 1          | 9         
s_times   552.14     | 89.29      | 192.91     | 238.58     | 340.74    
c_times   44.65      | 149.29     | 193.94     | 298.58     | 342.14    
travels   44.64      | 43.62      | 44.64      | 42.16      | 0.0       
charges   315.35     | 360.0      | 315.35     | 360.0      | 316.44    
~~~~~~~~~~~~~~~~~~~~~~~~~~~~~~~~~~~~~~~~~~
