~~~~~~~~~~~~~~~~~~~ [3, 'RS', 5, 360] ~~~~~~~~~~~~~~~~~~~
     seed: 3495569075876177599
 Families: [[1], [2, 3, 4], [5, 6], [7, 8], [9, 10], [11]]
  i_times: [570.0, 750.0, 30.0, 30.0]
Fam slots: [[0, 1, 5], [2, 7], [6, 7], [2, 3]]
Ear_dates: [0, 0.0, 180.0, 900.0, 360.0, 1260.0, 1080.0, 1260.0, 360.0, 540.0, 0]
Due_dates: [1440, 180.0, 360.0, 1080.0, 540.0, 1440.0, 1260.0, 1440.0, 540.0, 720.0, 1440]
Monitor_t: [60.0, 2.94, 2.94, 2.94, 1.03, 1.03, 1.66, 1.66, 1.4, 1.4, 0.0]
~~~~~~~~~~~~~~~~~~~ Comparing the results ~~~~~~~~~~~~~~~~~~~
***** lp_Variables: 2402
***** lp_Constraints: 4414
***** lp_objective: 933.8499999065145
***** lp_Sol_time: 95.388
     Drone (1):
          5          | 1          | 11         | 1          | 8         
s_times   0.0        | 89.29      | 192.84     | 236.39     | 326.15    
c_times   44.65      | 149.29     | 192.84     | 296.39     | 327.81    
travels   44.64      | 43.55      | 43.55      | 29.76      | 0.0       
charges   315.35     | 360.0      | 316.45     | 360.0      | 328.58    
~~~~~~~~~~~~~~~~~~~~~~~~~~~~~~~~~~~~~~~~~~
     Drone (2):
          9          | 0          | 10         | 1          | 3         
s_times   0.0        | 43.56      | 43.56      | 86.04      | 208.61    
c_times   43.56      | 43.56      | 44.96      | 146.04     | 211.55    
travels   6.97       | 5.84       | 41.08      | 62.57      | 0.0       
charges   316.44     | 316.44     | 315.04     | 360.0      | 294.49    
~~~~~~~~~~~~~~~~~~~~~~~~~~~~~~~~~~~~~~~~~~
     Drone (3):
          2          | 1          | 4          | 7          | 6         
s_times   0.0        | 131.0      | 253.57     | 298.94     | 329.02    
c_times   65.51      | 191.0      | 256.51     | 300.6      | 330.05    
travels   65.49      | 62.57      | 42.43      | 28.42      | 0.0       
charges   294.49     | 360.0      | 294.49     | 250.4      | 220.95    
~~~~~~~~~~~~~~~~~~~~~~~~~~~~~~~~~~~~~~~~~~
***** nlp_Variables: 212
***** nlp_Constraints: 106
***** nlp_objective: 816.5799999182361
***** nlp_Sol_time: 59.904
     Drone (1):
          4          | 1          | 3          | 1          | 7         
s_times   389.45     | 131.0      | 253.57     | 322.0      | 411.76    
c_times   65.51      | 191.0      | 256.51     | 382.0      | 413.42    
travels   65.49      | 62.57      | 65.49      | 29.76      | 0.0       
charges   294.49     | 360.0      | 294.49     | 360.0      | 328.58    
~~~~~~~~~~~~~~~~~~~~~~~~~~~~~~~~~~~~~~~~~~
     Drone (2):
          8          | 2          | 1          | 11         | 10        
s_times   443.42     | 72.65      | 141.08     | 244.63     | 250.47    
c_times   31.42      | 75.59      | 201.08     | 244.63     | 251.87    
travels   41.23      | 65.49      | 43.55      | 5.84       | 0.0       
charges   328.58     | 284.41     | 360.0      | 316.45     | 309.21    
~~~~~~~~~~~~~~~~~~~~~~~~~~~~~~~~~~~~~~~~~~
     Drone (3):
          6          | 11         | 1          | 5          | 9         
s_times   953.63     | 55.43      | 98.98      | 202.6      | 220.04    
c_times   44.65      | 55.43      | 158.98     | 203.63     | 221.44    
travels   10.78      | 43.55      | 43.62      | 16.41      | 0.0       
charges   315.35     | 304.57     | 360.0      | 315.35     | 297.54    
~~~~~~~~~~~~~~~~~~~~~~~~~~~~~~~~~~~~~~~~~~
