~~~~~~~~~~~~~~~~~~~ [3, 'RS', 5, 360] ~~~~~~~~~~~~~~~~~~~
     seed: 5085207550295847030
 Families: [[1], [2, 3, 4], [5, 6], [7, 8], [9, 10], [11]]
  i_times: [210.0, 750.0, 210.0, 930.0]
Fam slots: [[1, 2, 4], [1, 6], [1, 3], [1, 7]]
Ear_dates: [0, 180.0, 360.0, 720.0, 180.0, 1080.0, 180.0, 540.0, 180.0, 1260.0, 0]
Due_dates: [1440, 360.0, 540.0, 900.0, 360.0, 1260.0, 360.0, 720.0, 360.0, 1440.0, 1440]
Monitor_t: [60.0, 2.94, 2.94, 2.94, 1.03, 1.03, 1.66, 1.66, 1.4, 1.4, 0.0]
~~~~~~~~~~~~~~~~~~~ Comparing the results ~~~~~~~~~~~~~~~~~~~
***** lp_Variables: 2402
***** lp_Constraints: 4417
***** lp_objective: 835.8399999999995
***** lp_Sol_time: 31.407
     Drone (1):
          0          | 9          | 0          | 7          | 5         
s_times   0.0        | 0.0        | 1.4        | 1.4        | 31.48     
c_times   0.0        | 1.4        | 1.4        | 3.06       | 32.51     
travels   5.84       | 6.97       | 20.04      | 28.42      | 0.0       
charges   360.0      | 358.6      | 358.6      | 356.94     | 327.49    
~~~~~~~~~~~~~~~~~~~~~~~~~~~~~~~~~~~~~~~~~~
     Drone (2):
          8          | 1          | 3          | 1          | 6         
s_times   29.76      | 60.09      | 182.66     | 251.09     | 354.71    
c_times   31.42      | 120.09     | 185.6      | 311.09     | 355.74    
travels   28.67      | 62.57      | 65.49      | 43.62      | 0.0       
charges   328.58     | 360.0      | 294.49     | 360.0      | 315.35    
~~~~~~~~~~~~~~~~~~~~~~~~~~~~~~~~~~~~~~~~~~
     Drone (3):
          2          | 1          | 4          | 1          | 10        
s_times   62.57      | 131.0      | 253.57     | 322.0      | 424.16    
c_times   65.51      | 191.0      | 256.51     | 382.0      | 425.56    
travels   65.49      | 62.57      | 65.49      | 42.16      | 0.0       
charges   294.49     | 360.0      | 294.49     | 360.0      | 316.44    
~~~~~~~~~~~~~~~~~~~~~~~~~~~~~~~~~~~~~~~~~~
***** nlp_Variables: 212
***** nlp_Constraints: 109
***** nlp_objective: 835.8400000000003
***** nlp_Sol_time: 22.859
     Drone (1):
          9          | 5          | 8          | 1          | 11        
s_times   42.16      | 60.66      | 89.33      | 119.66     | 223.21    
c_times   43.56      | 61.69      | 90.99      | 179.66     | 223.21    
travels   17.1       | 27.64      | 28.67      | 43.55      | 0.0       
charges   316.44     | 298.31     | 269.01     | 360.0      | 316.45    
~~~~~~~~~~~~~~~~~~~~~~~~~~~~~~~~~~~~~~~~~~
     Drone (2):
          2          | 1          | 4          | 1          | 10        
s_times   62.57      | 131.0      | 253.57     | 322.0      | 424.16    
c_times   65.51      | 191.0      | 256.51     | 382.0      | 425.56    
travels   65.49      | 62.57      | 65.49      | 42.16      | 0.0       
charges   294.49     | 360.0      | 294.49     | 360.0      | 316.44    
~~~~~~~~~~~~~~~~~~~~~~~~~~~~~~~~~~~~~~~~~~
     Drone (3):
          7          | 3          | 1          | 6          | 1         
s_times   29.76      | 72.65      | 141.08     | 244.7      | 290.37    
c_times   31.42      | 75.59      | 201.08     | 245.73     | 350.37    
travels   41.23      | 65.49      | 43.62      | 44.64      | 0.0       
charges   328.58     | 284.41     | 360.0      | 315.35     | 360.0     
~~~~~~~~~~~~~~~~~~~~~~~~~~~~~~~~~~~~~~~~~~
