~~~~~~~~~~~~~~~~~~~ [3, 'RS', 4, 360] ~~~~~~~~~~~~~~~~~~~
     seed: 891771747759970054
 Families: [[1], [2, 3, 4], [5, 6], [7, 8], [9, 10], [11]]
  i_times: [570.0, 210.0, 30.0, 210.0]
Fam slots: [[0, 4, 5], [0, 2], [5, 6], [5, 7]]
Ear_dates: [0, 0.0, 720.0, 900.0, 0.0, 360.0, 900.0, 1080.0, 900.0, 1260.0, 0]
Due_dates: [1440, 180.0, 900.0, 1080.0, 180.0, 540.0, 1080.0, 1260.0, 1080.0, 1440.0, 1440]
Monitor_t: [60.0, 2.94, 2.94, 2.94, 1.03, 1.03, 1.66, 1.66, 1.4, 1.4, 0.0]
~~~~~~~~~~~~~~~~~~~ Comparing the results ~~~~~~~~~~~~~~~~~~~
***** lp_Variables: 1922
***** lp_Constraints: 3391
***** lp_objective: 985.1199999010528
***** lp_Sol_time: 194.194
     Drone (1):
          5          | 11         | 6          | 8         
s_times   43.62      | 55.43      | 66.21      | 94.88     
c_times   44.65      | 55.43      | 67.24      | 96.54     
travels   10.78      | 10.78      | 27.64      | 0.0       
charges   315.35     | 304.57     | 292.76     | 263.46    
~~~~~~~~~~~~~~~~~~~~~~~~~~~~~~~~~~~~~~~~~~
     Drone (2):
          2          | 1          | 4          | 10        
s_times   62.57      | 131.0      | 253.57     | 283.27    
c_times   65.51      | 191.0      | 256.51     | 284.67    
travels   65.49      | 62.57      | 26.76      | 0.0       
charges   294.49     | 360.0      | 294.49     | 266.33    
~~~~~~~~~~~~~~~~~~~~~~~~~~~~~~~~~~~~~~~~~~
     Drone (3):
          11         | 7          | 3          | 9         
s_times   43.55      | 63.59      | 106.48     | 136.18    
c_times   43.55      | 65.25      | 109.42     | 137.58    
travels   20.04      | 41.23      | 26.76      | 0.0       
charges   316.45     | 294.75     | 250.58     | 222.42    
~~~~~~~~~~~~~~~~~~~~~~~~~~~~~~~~~~~~~~~~~~
***** nlp_Variables: 170
***** nlp_Constraints: 91
***** nlp_objective: 985.12
***** nlp_Sol_time: 183.005
     Drone (1):
          2          | 1          | 4          | 10        
s_times   62.57      | 131.0      | 253.57     | 283.27    
c_times   65.51      | 191.0      | 256.51     | 284.67    
travels   65.49      | 62.57      | 26.76      | 0.0       
charges   294.49     | 360.0      | 294.49     | 266.33    
~~~~~~~~~~~~~~~~~~~~~~~~~~~~~~~~~~~~~~~~~~
     Drone (2):
          5          | 11         | 6          | 8         
s_times   43.62      | 55.43      | 66.21      | 94.88     
c_times   44.65      | 55.43      | 67.24      | 96.54     
travels   10.78      | 10.78      | 27.64      | 0.0       
charges   315.35     | 304.57     | 292.76     | 263.46    
~~~~~~~~~~~~~~~~~~~~~~~~~~~~~~~~~~~~~~~~~~
     Drone (3):
          11         | 7          | 9          | 3         
s_times   43.55      | 63.59      | 82.64      | 109.39    
c_times   43.55      | 65.25      | 84.04      | 112.33    
travels   20.04      | 17.39      | 25.35      | 0.0       
charges   316.45     | 294.75     | 275.96     | 247.67    
~~~~~~~~~~~~~~~~~~~~~~~~~~~~~~~~~~~~~~~~~~
