~~~~~~~~~~~~~~~~~~~ [3, 'RS', 5, 360] ~~~~~~~~~~~~~~~~~~~
     seed: 4848714693239473105
 Families: [[1], [2, 3, 4], [5, 6], [7, 8], [9, 10], [11]]
  i_times: [390.0, 750.0, 930.0, 570.0]
Fam slots: [[0, 3, 6], [1, 6], [1, 7], [2, 6]]
Ear_dates: [0, 0.0, 540.0, 1080.0, 180.0, 1080.0, 180.0, 1260.0, 360.0, 1080.0, 0]
Due_dates: [1440, 180.0, 720.0, 1260.0, 360.0, 1260.0, 360.0, 1440.0, 540.0, 1260.0, 1440]
Monitor_t: [60.0, 2.94, 2.94, 2.94, 1.03, 1.03, 1.66, 1.66, 1.4, 1.4, 0.0]
~~~~~~~~~~~~~~~~~~~ Comparing the results ~~~~~~~~~~~~~~~~~~~
***** lp_Variables: 2402
***** lp_Constraints: 4414
***** lp_objective: 848.2399999150703
***** lp_Sol_time: 26.938
     Drone (1):
          2          | 1          | 4          | 1          | 8         
s_times   0.0        | 131.0      | 253.57     | 322.0      | 411.76    
c_times   65.51      | 191.0      | 256.51     | 382.0      | 413.42    
travels   65.49      | 62.57      | 65.49      | 29.76      | 0.0       
charges   294.49     | 360.0      | 294.49     | 360.0      | 328.58    
~~~~~~~~~~~~~~~~~~~~~~~~~~~~~~~~~~~~~~~~~~
     Drone (2):
          9          | 1          | 3          | 1          | 10        
s_times   0.0        | 84.64      | 207.21     | 275.64     | 377.8     
c_times   43.56      | 144.64     | 210.15     | 335.64     | 379.2     
travels   41.08      | 62.57      | 65.49      | 42.16      | 0.0       
charges   316.44     | 360.0      | 294.49     | 360.0      | 316.44    
~~~~~~~~~~~~~~~~~~~~~~~~~~~~~~~~~~~~~~~~~~
     Drone (3):
          5          | 1          | 7          | 1          | 6         
s_times   0.0        | 89.29      | 179.05     | 209.38     | 313.0     
c_times   44.65      | 149.29     | 180.71     | 269.38     | 314.03    
travels   44.64      | 29.76      | 28.67      | 43.62      | 0.0       
charges   315.35     | 360.0      | 328.58     | 360.0      | 315.35    
~~~~~~~~~~~~~~~~~~~~~~~~~~~~~~~~~~~~~~~~~~
***** nlp_Variables: 212
***** nlp_Constraints: 106
***** nlp_objective: 848.2399999999985
***** nlp_Sol_time: 25.018
     Drone (1):
          9          | 1          | 11         | 1          | 6         
s_times   0.0        | 84.64      | 188.19     | 231.74     | 335.36    
c_times   43.56      | 144.64     | 188.19     | 291.74     | 336.39    
travels   41.08      | 43.55      | 43.55      | 43.62      | 0.0       
charges   316.44     | 360.0      | 316.45     | 360.0      | 315.35    
~~~~~~~~~~~~~~~~~~~~~~~~~~~~~~~~~~~~~~~~~~
     Drone (2):
          2          | 1          | 4          | 1          | 8         
s_times   0.0        | 131.0      | 253.57     | 322.0      | 411.76    
c_times   65.51      | 191.0      | 256.51     | 382.0      | 413.42    
travels   65.49      | 62.57      | 65.49      | 29.76      | 0.0       
charges   294.49     | 360.0      | 294.49     | 360.0      | 328.58    
~~~~~~~~~~~~~~~~~~~~~~~~~~~~~~~~~~~~~~~~~~
     Drone (3):
          5          | 7          | 1          | 3          | 10        
s_times   0.0        | 72.29      | 102.62     | 225.19     | 254.89    
c_times   44.65      | 73.95      | 162.62     | 228.13     | 256.29    
travels   27.64      | 28.67      | 62.57      | 26.76      | 0.0       
charges   315.35     | 286.05     | 360.0      | 294.49     | 266.33    
~~~~~~~~~~~~~~~~~~~~~~~~~~~~~~~~~~~~~~~~~~
