~~~~~~~~~~~~~~~~~~~ [3, 'RS', 4, 360] ~~~~~~~~~~~~~~~~~~~
     seed: 4041382707358370932
 Families: [[1], [2, 3, 4], [5, 6], [7, 8], [9, 10], [11]]
  i_times: [390.0, 30.0, 210.0, 30.0]
Fam slots: [[2, 4, 7], [0, 1], [3, 5], [2, 3]]
Ear_dates: [0, 360.0, 720.0, 1260.0, 0.0, 180.0, 540.0, 900.0, 360.0, 540.0, 0]
Due_dates: [1440, 540.0, 900.0, 1440.0, 180.0, 360.0, 720.0, 1080.0, 540.0, 720.0, 1440]
Monitor_t: [60.0, 2.94, 2.94, 2.94, 1.03, 1.03, 1.66, 1.66, 1.4, 1.4, 0.0]
~~~~~~~~~~~~~~~~~~~ Comparing the results ~~~~~~~~~~~~~~~~~~~
***** lp_Variables: 1922
***** lp_Constraints: 3391
***** lp_objective: 996.35
***** lp_Sol_time: 7.415
     Drone (1):
          9          | 5          | 0          | 6         
s_times   42.16      | 60.66      | 61.69      | 61.69     
c_times   43.56      | 61.69      | 61.69      | 62.72     
travels   17.1       | 10.78      | 10.78      | 0.0       
charges   316.44     | 298.31     | 298.31     | 297.28    
~~~~~~~~~~~~~~~~~~~~~~~~~~~~~~~~~~~~~~~~~~
     Drone (2):
          7          | 10         | 3          | 0         
s_times   29.76      | 48.81      | 75.56      | 78.5      
c_times   31.42      | 50.21      | 78.5       | 78.5      
travels   17.39      | 25.35      | 22.82      | 0.0       
charges   328.58     | 309.79     | 281.5      | 281.5     
~~~~~~~~~~~~~~~~~~~~~~~~~~~~~~~~~~~~~~~~~~
     Drone (3):
          2          | 1          | 8          | 4         
s_times   62.57      | 131.0      | 220.76     | 263.65    
c_times   65.51      | 191.0      | 222.42     | 266.59    
travels   65.49      | 29.76      | 41.23      | 0.0       
charges   294.49     | 360.0      | 328.58     | 284.41    
~~~~~~~~~~~~~~~~~~~~~~~~~~~~~~~~~~~~~~~~~~
***** nlp_Variables: 170
***** nlp_Constraints: 91
***** nlp_objective: 996.35
***** nlp_Sol_time: 15.421
     Drone (1):
          7          | 2          | 1          | 4         
s_times   29.76      | 72.65      | 141.08     | 263.65    
c_times   31.42      | 75.59      | 201.08     | 266.59    
travels   41.23      | 65.49      | 62.57      | 0.0       
charges   328.58     | 284.41     | 360.0      | 294.49    
~~~~~~~~~~~~~~~~~~~~~~~~~~~~~~~~~~~~~~~~~~
     Drone (2):
          5          | 11         | 11         | 10        
s_times   43.62      | 55.43      | 55.43      | 61.27     
c_times   44.65      | 55.43      | 55.43      | 62.67     
travels   10.78      | 0.0        | 5.84       | 0.0       
charges   315.35     | 304.57     | 304.57     | 297.33    
~~~~~~~~~~~~~~~~~~~~~~~~~~~~~~~~~~~~~~~~~~
     Drone (3):
          9          | 6          | 8          | 3         
s_times   42.16      | 60.66      | 89.33      | 132.22    
c_times   43.56      | 61.69      | 90.99      | 135.16    
travels   17.1       | 27.64      | 41.23      | 0.0       
charges   316.44     | 298.31     | 269.01     | 224.84    
~~~~~~~~~~~~~~~~~~~~~~~~~~~~~~~~~~~~~~~~~~
