~~~~~~~~~~~~~~~~~~~ [3, 'RS', 5, 360] ~~~~~~~~~~~~~~~~~~~
     seed: 6172026271958122615
 Families: [[1], [2, 3, 4], [5, 6], [7, 8], [9, 10], [11]]
  i_times: [210.0, 30.0, 210.0, 1110.0]
Fam slots: [[0, 2, 4], [2, 3], [3, 5], [0, 7]]
Ear_dates: [0, 0.0, 360.0, 720.0, 360.0, 540.0, 540.0, 900.0, 0.0, 1260.0, 0]
Due_dates: [1440, 180.0, 540.0, 900.0, 540.0, 720.0, 720.0, 1080.0, 180.0, 1440.0, 1440]
Monitor_t: [60.0, 2.94, 2.94, 2.94, 1.03, 1.03, 1.66, 1.66, 1.4, 1.4, 0.0]
~~~~~~~~~~~~~~~~~~~ Comparing the results ~~~~~~~~~~~~~~~~~~~
***** lp_Variables: 2402
***** lp_Constraints: 4414
***** lp_objective: 284.7799999428348
***** lp_Sol_time: 46.143
     Drone (1):
          10         | 1          | 9          | 1          | 5         
s_times   983.42     | 84.64      | 186.8      | 229.28     | 332.9     
c_times   43.56      | 144.64     | 188.2      | 289.28     | 333.93    
travels   41.08      | 42.16      | 41.08      | 43.62      | 0.0       
charges   316.44     | 360.0      | 316.44     | 360.0      | 315.35    
~~~~~~~~~~~~~~~~~~~~~~~~~~~~~~~~~~~~~~~~~~
     Drone (2):
          4          | 1          | 3          | 1          | 7         
s_times   466.51     | 131.0      | 253.57     | 322.0      | 411.76    
c_times   65.51      | 191.0      | 256.51     | 382.0      | 413.42    
travels   65.49      | 62.57      | 65.49      | 29.76      | 0.0       
charges   294.49     | 360.0      | 294.49     | 360.0      | 328.58    
~~~~~~~~~~~~~~~~~~~~~~~~~~~~~~~~~~~~~~~~~~
     Drone (3):
          8          | 1          | 2          | 1          | 6         
s_times   623.42     | 60.09      | 182.66     | 251.09     | 354.71    
c_times   31.42      | 120.09     | 185.6      | 311.09     | 355.74    
travels   28.67      | 62.57      | 65.49      | 43.62      | 0.0       
charges   328.58     | 360.0      | 294.49     | 360.0      | 315.35    
~~~~~~~~~~~~~~~~~~~~~~~~~~~~~~~~~~~~~~~~~~
***** nlp_Variables: 212
***** nlp_Constraints: 106
***** nlp_objective: 284.7799999999938
***** nlp_Sol_time: 77.914
     Drone (1):
          4          | 1          | 3          | 1          | 7         
s_times   443.42     | 131.0      | 253.57     | 322.0      | 411.76    
c_times   65.51      | 191.0      | 256.51     | 382.0      | 413.42    
travels   65.49      | 62.57      | 65.49      | 29.76      | 0.0       
charges   294.49     | 360.0      | 294.49     | 360.0      | 328.58    
~~~~~~~~~~~~~~~~~~~~~~~~~~~~~~~~~~~~~~~~~~
     Drone (2):
          10         | 1          | 9          | 1          | 5         
s_times   983.42     | 84.64      | 186.8      | 229.28     | 332.9     
c_times   43.56      | 144.64     | 188.2      | 289.28     | 333.93    
travels   41.08      | 42.16      | 41.08      | 43.62      | 0.0       
charges   316.44     | 360.0      | 316.44     | 360.0      | 315.35    
~~~~~~~~~~~~~~~~~~~~~~~~~~~~~~~~~~~~~~~~~~
     Drone (3):
          8          | 1          | 2          | 1          | 6         
s_times   623.42     | 60.09      | 182.66     | 251.09     | 354.71    
c_times   31.42      | 120.09     | 185.6      | 311.09     | 355.74    
travels   28.67      | 62.57      | 65.49      | 43.62      | 0.0       
charges   328.58     | 360.0      | 294.49     | 360.0      | 315.35    
~~~~~~~~~~~~~~~~~~~~~~~~~~~~~~~~~~~~~~~~~~
