~~~~~~~~~~~~~~~~~~~ [3, 'RS', 5, 360] ~~~~~~~~~~~~~~~~~~~
     seed: 5773921551830196944
 Families: [[1], [2, 3, 4], [5, 6], [7, 8], [9, 10], [11]]
  i_times: [570.0, 30.0, 750.0, 30.0]
Fam slots: [[1, 2, 6], [2, 3], [2, 7], [0, 1]]
Ear_dates: [0, 180.0, 360.0, 1080.0, 360.0, 540.0, 360.0, 1260.0, 0.0, 180.0, 0]
Due_dates: [1440, 360.0, 540.0, 1260.0, 540.0, 720.0, 540.0, 1440.0, 180.0, 360.0, 1440]
Monitor_t: [60.0, 2.94, 2.94, 2.94, 1.03, 1.03, 1.66, 1.66, 1.4, 1.4, 0.0]
~~~~~~~~~~~~~~~~~~~ Comparing the results ~~~~~~~~~~~~~~~~~~~
***** lp_Variables: 2402
***** lp_Constraints: 4417
***** lp_objective: 848.2399999150759
***** lp_Sol_time: 18.016
     Drone (1):
          2          | 1          | 3          | 1          | 8         
s_times   62.57      | 131.0      | 253.57     | 322.0      | 411.76    
c_times   65.51      | 191.0      | 256.51     | 382.0      | 413.42    
travels   65.49      | 62.57      | 65.49      | 29.76      | 0.0       
charges   294.49     | 360.0      | 294.49     | 360.0      | 328.58    
~~~~~~~~~~~~~~~~~~~~~~~~~~~~~~~~~~~~~~~~~~
     Drone (2):
          10         | 1          | 7          | 1          | 4         
s_times   42.16      | 84.64      | 174.4      | 204.73     | 327.3     
c_times   43.56      | 144.64     | 176.06     | 264.73     | 330.24    
travels   41.08      | 29.76      | 28.67      | 62.57      | 0.0       
charges   316.44     | 360.0      | 328.58     | 360.0      | 294.49    
~~~~~~~~~~~~~~~~~~~~~~~~~~~~~~~~~~~~~~~~~~
     Drone (3):
          0          | 5          | 9          | 0          | 6         
s_times   0.0        | 0.0        | 17.44      | 18.84      | 18.84     
c_times   0.0        | 1.03       | 18.84      | 18.84      | 19.87     
travels   10.78      | 16.41      | 6.97       | 10.78      | 0.0       
charges   360.0      | 358.97     | 341.16     | 341.16     | 340.13    
~~~~~~~~~~~~~~~~~~~~~~~~~~~~~~~~~~~~~~~~~~
***** nlp_Variables: 212
***** nlp_Constraints: 109
***** nlp_objective: 848.2400000000001
***** nlp_Sol_time: 23.565
     Drone (1):
          5          | 10         | 3          | 1          | 7         
s_times   43.62      | 61.06      | 87.81      | 156.24     | 246.0     
c_times   44.65      | 62.46      | 90.75      | 216.24     | 247.66    
travels   16.41      | 25.35      | 65.49      | 29.76      | 0.0       
charges   315.35     | 297.54     | 269.25     | 360.0      | 328.58    
~~~~~~~~~~~~~~~~~~~~~~~~~~~~~~~~~~~~~~~~~~
     Drone (2):
          2          | 1          | 4          | 1          | 8         
s_times   62.57      | 131.0      | 253.57     | 322.0      | 411.76    
c_times   65.51      | 191.0      | 256.51     | 382.0      | 413.42    
travels   65.49      | 62.57      | 65.49      | 29.76      | 0.0       
charges   294.49     | 360.0      | 294.49     | 360.0      | 328.58    
~~~~~~~~~~~~~~~~~~~~~~~~~~~~~~~~~~~~~~~~~~
     Drone (3):
          9          | 6          | 1          | 11         | 11        
s_times   42.16      | 60.66      | 106.33     | 209.88     | 209.88    
c_times   43.56      | 61.69      | 166.33     | 209.88     | 209.88    
travels   17.1       | 44.64      | 43.55      | 0.0        | 0.0       
charges   316.44     | 298.31     | 360.0      | 316.45     | 316.45    
~~~~~~~~~~~~~~~~~~~~~~~~~~~~~~~~~~~~~~~~~~
