~~~~~~~~~~~~~~~~~~~ [3, 'SB', 5, 360] ~~~~~~~~~~~~~~~~~~~
     seed: 2905279753548131990
 Families: [[1], [2, 3], [4, 5, 6], [7, 8], [9, 10, 11], [12]]
  i_times: [30.0, 210.0, 210.0, 210.0]
Fam slots: [[3, 4], [0, 2, 4], [4, 6], [1, 2, 4]]
Ear_dates: [0, 540.0, 720.0, 0.0, 360.0, 720.0, 720.0, 1080.0, 180.0, 360.0, 720.0, 0]
Due_dates: [1440, 720.0, 900.0, 180.0, 540.0, 900.0, 900.0, 1260.0, 360.0, 540.0, 900.0, 1440]
Monitor_t: [60.0, 2.02, 2.02, 0.68, 0.68, 0.68, 1.68, 1.68, 3.58, 3.58, 3.58, 0.0]
~~~~~~~~~~~~~~~~~~~ Comparing the results ~~~~~~~~~~~~~~~~~~~
***** lp_Variables: 2792
***** lp_Constraints: 5091
***** lp_objective: 792.8899999999999
***** lp_Sol_time: 25.854
     Drone (1):
          12         | 12         | 10         | 1          | 7         
s_times   0.0        | 31.02      | 38.82      | 76.03      | 168.04    
c_times   31.02      | 31.02      | 42.4       | 136.03     | 169.72    
travels   0.0        | 7.8        | 33.63      | 32.01      | 0.0       
charges   328.98     | 328.98     | 317.6      | 360.0      | 326.31    
~~~~~~~~~~~~~~~~~~~~~~~~~~~~~~~~~~~~~~~~~~
     Drone (2):
          9          | 1          | 11         | 1          | 8         
s_times   0.0        | 67.55      | 157.89     | 195.1      | 287.11    
c_times   33.92      | 127.55     | 161.47     | 255.1      | 288.79    
travels   33.63      | 30.34      | 33.63      | 32.01      | 0.0       
charges   326.08     | 360.0      | 326.08     | 360.0      | 326.31    
~~~~~~~~~~~~~~~~~~~~~~~~~~~~~~~~~~~~~~~~~~
     Drone (3):
          4          | 2          | 5          | 3          | 6         
s_times   0.0        | 38.14      | 42.87      | 48.4       | 53.13     
c_times   33.29      | 40.16      | 43.55      | 50.42      | 53.81     
travels   4.85       | 2.71       | 4.85       | 2.71       | 0.0       
charges   326.71     | 319.84     | 316.45     | 309.58     | 306.19    
~~~~~~~~~~~~~~~~~~~~~~~~~~~~~~~~~~~~~~~~~~
***** nlp_Variables: 227
***** nlp_Constraints: 109
***** nlp_objective: 792.8900000000006
***** nlp_Sol_time: 32.105
     Drone (1):
          4          | 3          | 5          | 1          | 6         
s_times   0.0        | 38.14      | 42.87      | 76.3       | 168.91    
c_times   33.29      | 40.16      | 43.55      | 136.3      | 169.59    
travels   4.85       | 2.71       | 32.75      | 32.61      | 0.0       
charges   326.71     | 319.84     | 316.45     | 360.0      | 326.71    
~~~~~~~~~~~~~~~~~~~~~~~~~~~~~~~~~~~~~~~~~~
     Drone (2):
          9          | 1          | 11         | 1          | 8         
s_times   0.0        | 67.55      | 157.89     | 195.1      | 287.11    
c_times   33.92      | 127.55     | 161.47     | 255.1      | 288.79    
travels   33.63      | 30.34      | 33.63      | 32.01      | 0.0       
charges   326.08     | 360.0      | 326.08     | 360.0      | 326.31    
~~~~~~~~~~~~~~~~~~~~~~~~~~~~~~~~~~~~~~~~~~
     Drone (3):
          2          | 10         | 1          | 7          | 1         
s_times   0.0        | 39.36      | 76.57      | 168.58     | 201.76    
c_times   29.96      | 42.94      | 136.57     | 170.26     | 261.76    
travels   9.4        | 33.63      | 32.01      | 31.5       | 0.0       
charges   330.04     | 317.06     | 360.0      | 326.31     | 360.0     
~~~~~~~~~~~~~~~~~~~~~~~~~~~~~~~~~~~~~~~~~~
