~~~~~~~~~~~~~~~~~~~ [3, 'SB', 5, 360] ~~~~~~~~~~~~~~~~~~~
     seed: 6513471332379888036
 Families: [[1], [2, 3], [4, 5, 6], [7, 8], [9, 10, 11], [12]]
  i_times: [210.0, 750.0, 570.0, 210.0]
Fam slots: [[0, 2], [0, 5, 7], [1, 5], [2, 4, 5]]
Ear_dates: [0, 0.0, 360.0, 0.0, 900.0, 1260.0, 180.0, 900.0, 360.0, 720.0, 900.0, 0]
Due_dates: [1440, 180.0, 540.0, 180.0, 1080.0, 1440.0, 360.0, 1080.0, 540.0, 900.0, 1080.0, 1440]
Monitor_t: [60.0, 2.02, 2.02, 0.68, 0.68, 0.68, 1.68, 1.68, 3.58, 3.58, 3.58, 0.0]
~~~~~~~~~~~~~~~~~~~ Comparing the results ~~~~~~~~~~~~~~~~~~~
***** lp_Variables: 2792
***** lp_Constraints: 5091
***** lp_objective: 975.3099999023648
***** lp_Sol_time: 26.476
     Drone (1):
          9          | 1          | 10         | 1          | 11        
s_times   0.0        | 67.55      | 157.89     | 195.1      | 285.44    
c_times   33.92      | 127.55     | 161.47     | 255.1      | 289.02    
travels   33.63      | 30.34      | 33.63      | 30.34      | 0.0       
charges   326.08     | 360.0      | 326.08     | 360.0      | 326.08    
~~~~~~~~~~~~~~~~~~~~~~~~~~~~~~~~~~~~~~~~~~
     Drone (2):
          2          | 1          | 7          | 3          | 8         
s_times   0.0        | 59.89      | 151.9      | 158.72     | 163.57    
c_times   29.96      | 119.89     | 153.58     | 160.74     | 165.25    
travels   29.93      | 32.01      | 5.14       | 2.83       | 0.0       
charges   330.04     | 360.0      | 326.31     | 319.15     | 314.64    
~~~~~~~~~~~~~~~~~~~~~~~~~~~~~~~~~~~~~~~~~~
     Drone (3):
          4          | 1          | 5          | 1          | 6         
s_times   0.0        | 66.04      | 158.65     | 192.08     | 284.69    
c_times   33.29      | 126.04     | 159.33     | 252.08     | 285.37    
travels   32.75      | 32.61      | 32.75      | 32.61      | 0.0       
charges   326.71     | 360.0      | 326.71     | 360.0      | 326.71    
~~~~~~~~~~~~~~~~~~~~~~~~~~~~~~~~~~~~~~~~~~
***** nlp_Variables: 212
***** nlp_Constraints: 97
***** nlp_objective: 970.9299999999972
***** nlp_Sol_time: 17.548
     Drone (1):
          2          | 10         | 3          | 1          | 12        
c_times   29.96      | 42.94      | 54.63      | 144.56     | 175.58    
travels   9.4        | 9.67       | 29.93      | 31.02      | 0.0       
charges   330.04     | 317.06     | 305.37     | 360.0      | 328.98    
~~~~~~~~~~~~~~~~~~~~~~~~~~~~~~~~~~~~~~~~~~
     Drone (2):
          9          | 1          | 11         | 1          | 6         
c_times   33.92      | 127.55     | 161.47     | 255.1      | 288.39    
travels   33.63      | 30.34      | 33.63      | 32.61      | 0.0       
charges   326.08     | 360.0      | 326.08     | 360.0      | 326.71    
~~~~~~~~~~~~~~~~~~~~~~~~~~~~~~~~~~~~~~~~~~
     Drone (3):
          7          | 4          | 12         | 5          | 8         
c_times   33.69      | 38.51      | 40.43      | 43.29      | 48.12     
travels   4.14       | 1.92       | 2.18       | 3.15       | 0.0       
charges   326.31     | 321.49     | 319.57     | 316.71     | 311.88    
~~~~~~~~~~~~~~~~~~~~~~~~~~~~~~~~~~~~~~~~~~
