~~~~~~~~~~~~~~~~~~~ [3, 'SB', 5, 360] ~~~~~~~~~~~~~~~~~~~
     seed: 8402598705087577461
 Families: [[1], [2, 3], [4, 5, 6], [7, 8], [9, 10, 11], [12]]
  i_times: [750.0, 750.0, 210.0, 390.0]
Fam slots: [[0, 5], [1, 2, 7], [2, 4], [2, 5, 7]]
Ear_dates: [0, 0.0, 900.0, 180.0, 360.0, 1260.0, 360.0, 720.0, 360.0, 900.0, 1260.0, 0]
Due_dates: [1440, 180.0, 1080.0, 360.0, 540.0, 1440.0, 540.0, 900.0, 540.0, 1080.0, 1440.0, 1440]
Monitor_t: [60.0, 2.02, 2.02, 0.68, 0.68, 0.68, 1.68, 1.68, 3.58, 3.58, 3.58, 0.0]
~~~~~~~~~~~~~~~~~~~ Comparing the results ~~~~~~~~~~~~~~~~~~~
***** lp_Variables: 2792
***** lp_Constraints: 5091
***** lp_objective: 975.3099999023689
***** lp_Sol_time: 20.639
     Drone (1):
          7          | 2          | 0          | 3          | 8         
s_times   0.0        | 38.83      | 40.85      | 40.85      | 45.7      
c_times   33.69      | 40.85      | 40.85      | 42.87      | 47.38     
travels   5.14       | 2.1        | 3.36       | 2.83       | 0.0       
charges   326.31     | 319.15     | 319.15     | 317.13     | 312.62    
~~~~~~~~~~~~~~~~~~~~~~~~~~~~~~~~~~~~~~~~~~
     Drone (2):
          9          | 1          | 10         | 1          | 11        
s_times   0.0        | 67.55      | 157.89     | 195.1      | 285.44    
c_times   33.92      | 127.55     | 161.47     | 255.1      | 289.02    
travels   33.63      | 30.34      | 33.63      | 30.34      | 0.0       
charges   326.08     | 360.0      | 326.08     | 360.0      | 326.08    
~~~~~~~~~~~~~~~~~~~~~~~~~~~~~~~~~~~~~~~~~~
     Drone (3):
          4          | 1          | 5          | 1          | 6         
s_times   0.0        | 66.04      | 158.65     | 192.08     | 284.69    
c_times   33.29      | 126.04     | 159.33     | 252.08     | 285.37    
travels   32.75      | 32.61      | 32.75      | 32.61      | 0.0       
charges   326.71     | 360.0      | 326.71     | 360.0      | 326.71    
~~~~~~~~~~~~~~~~~~~~~~~~~~~~~~~~~~~~~~~~~~
***** nlp_Variables: 212
***** nlp_Constraints: 97
***** nlp_objective: 970.9300000000001
***** nlp_Sol_time: 43.98
     Drone (1):
          4          | 1          | 5          | 1          | 11        
c_times   33.29      | 126.04     | 159.33     | 252.08     | 286.0     
travels   32.75      | 32.61      | 32.75      | 30.34      | 0.0       
charges   326.71     | 360.0      | 326.71     | 360.0      | 326.08    
~~~~~~~~~~~~~~~~~~~~~~~~~~~~~~~~~~~~~~~~~~
     Drone (2):
          9          | 1          | 10         | 1          | 6         
c_times   33.92      | 127.55     | 161.47     | 255.1      | 288.39    
travels   33.63      | 30.34      | 33.63      | 32.61      | 0.0       
charges   326.08     | 360.0      | 326.08     | 360.0      | 326.71    
~~~~~~~~~~~~~~~~~~~~~~~~~~~~~~~~~~~~~~~~~~
     Drone (3):
          7          | 2          | 8          | 1          | 3         
c_times   33.69      | 40.85      | 45.36      | 136.86     | 166.82    
travels   5.14       | 2.83       | 31.5       | 27.94      | 0.0       
charges   326.31     | 319.15     | 314.64     | 360.0      | 330.04    
~~~~~~~~~~~~~~~~~~~~~~~~~~~~~~~~~~~~~~~~~~
