~~~~~~~~~~~~~~~~~~~ [3, 'SB', 5, 360] ~~~~~~~~~~~~~~~~~~~
     seed: 1563636725012167269
 Families: [[1], [2, 3], [4, 5, 6], [7, 8], [9, 10, 11], [12]]
  i_times: [750.0, 930.0, 390.0, 210.0]
Fam slots: [[0, 5], [0, 6, 7], [1, 4], [3, 5, 7]]
Ear_dates: [0, 0.0, 900.0, 0.0, 1080.0, 1260.0, 180.0, 720.0, 540.0, 900.0, 1260.0, 0]
Due_dates: [1440, 180.0, 1080.0, 180.0, 1260.0, 1440.0, 360.0, 900.0, 720.0, 1080.0, 1440.0, 1440]
Monitor_t: [60.0, 2.02, 2.02, 0.68, 0.68, 0.68, 1.68, 1.68, 3.58, 3.58, 3.58, 0.0]
~~~~~~~~~~~~~~~~~~~ Comparing the results ~~~~~~~~~~~~~~~~~~~
***** lp_Variables: 2792
***** lp_Constraints: 5091
***** lp_objective: 975.3099999023677
***** lp_Sol_time: 36.82
     Drone (1):
          4          | 1          | 5          | 1          | 6         
s_times   0.0        | 66.04      | 158.65     | 192.08     | 284.69    
c_times   33.29      | 126.04     | 159.33     | 252.08     | 285.37    
travels   32.75      | 32.61      | 32.75      | 32.61      | 0.0       
charges   326.71     | 360.0      | 326.71     | 360.0      | 326.71    
~~~~~~~~~~~~~~~~~~~~~~~~~~~~~~~~~~~~~~~~~~
     Drone (2):
          7          | 2          | 8          | 1          | 3         
s_times   0.0        | 38.83      | 43.68      | 76.86      | 164.8     
c_times   33.69      | 40.85      | 45.36      | 136.86     | 166.82    
travels   5.14       | 2.83       | 31.5       | 27.94      | 0.0       
charges   326.31     | 319.15     | 314.64     | 360.0      | 330.04    
~~~~~~~~~~~~~~~~~~~~~~~~~~~~~~~~~~~~~~~~~~
     Drone (3):
          9          | 1          | 10         | 1          | 11        
s_times   0.0        | 67.55      | 157.89     | 195.1      | 285.44    
c_times   33.92      | 127.55     | 161.47     | 255.1      | 289.02    
travels   33.63      | 30.34      | 33.63      | 30.34      | 0.0       
charges   326.08     | 360.0      | 326.08     | 360.0      | 326.08    
~~~~~~~~~~~~~~~~~~~~~~~~~~~~~~~~~~~~~~~~~~
***** nlp_Variables: 227
***** nlp_Constraints: 109
***** nlp_objective: 975.3099999999941
***** nlp_Sol_time: 25.413
     Drone (1):
          12         | 2          | 7          | 3          | 8         
s_times   0.0        | 34.38      | 39.23      | 46.05      | 50.9      
c_times   31.02      | 36.4       | 40.91      | 48.07      | 52.58     
travels   3.36       | 2.83       | 5.14       | 2.83       | 0.0       
charges   328.98     | 323.6      | 319.09     | 311.93     | 307.42    
~~~~~~~~~~~~~~~~~~~~~~~~~~~~~~~~~~~~~~~~~~
     Drone (2):
          9          | 1          | 10         | 1          | 11        
s_times   0.0        | 67.55      | 157.89     | 195.1      | 285.44    
c_times   33.92      | 127.55     | 161.47     | 255.1      | 289.02    
travels   33.63      | 30.34      | 33.63      | 30.34      | 0.0       
charges   326.08     | 360.0      | 326.08     | 360.0      | 326.08    
~~~~~~~~~~~~~~~~~~~~~~~~~~~~~~~~~~~~~~~~~~
     Drone (3):
          4          | 1          | 5          | 1          | 6         
s_times   0.0        | 66.04      | 158.65     | 192.08     | 284.69    
c_times   33.29      | 126.04     | 159.33     | 252.08     | 285.37    
travels   32.75      | 32.61      | 32.75      | 32.61      | 0.0       
charges   326.71     | 360.0      | 326.71     | 360.0      | 326.71    
~~~~~~~~~~~~~~~~~~~~~~~~~~~~~~~~~~~~~~~~~~
