~~~~~~~~~~~~~~~~~~~ [3, 'SB', 5, 360] ~~~~~~~~~~~~~~~~~~~
     seed: 6693802518640224700
 Families: [[1], [2, 3], [4, 5, 6], [7, 8], [9, 10, 11], [12]]
  i_times: [390.0, 210.0, 210.0, 570.0]
Fam slots: [[1, 4], [2, 4, 6], [5, 7], [0, 4, 5]]
Ear_dates: [0, 180.0, 720.0, 360.0, 720.0, 1080.0, 900.0, 1260.0, 0.0, 720.0, 900.0, 0]
Due_dates: [1440, 360.0, 900.0, 540.0, 900.0, 1260.0, 1080.0, 1440.0, 180.0, 900.0, 1080.0, 1440]
Monitor_t: [60.0, 2.02, 2.02, 0.68, 0.68, 0.68, 1.68, 1.68, 3.58, 3.58, 3.58, 0.0]
~~~~~~~~~~~~~~~~~~~ Comparing the results ~~~~~~~~~~~~~~~~~~~
***** lp_Variables: 2792
***** lp_Constraints: 5091
***** lp_objective: 972.89
***** lp_Sol_time: 13.385
     Drone (1):
          4          | 1          | 3          | 7          | 6         
s_times   0.0        | 66.04      | 153.98     | 158.83     | 164.65    
c_times   33.29      | 126.04     | 156.0      | 160.51     | 165.33    
travels   32.75      | 27.94      | 2.83       | 4.14       | 0.0       
charges   326.71     | 360.0      | 330.04     | 325.53     | 320.71    
~~~~~~~~~~~~~~~~~~~~~~~~~~~~~~~~~~~~~~~~~~
     Drone (2):
          2          | 10         | 12         | 0          | 5         
s_times   0.0        | 39.36      | 50.2       | 50.2       | 50.2      
c_times   29.96      | 42.94      | 50.2       | 50.2       | 50.88     
travels   9.4        | 7.26       | 0.0        | 2.18       | 0.0       
charges   330.04     | 317.06     | 309.8      | 309.8      | 309.12    
~~~~~~~~~~~~~~~~~~~~~~~~~~~~~~~~~~~~~~~~~~
     Drone (3):
          9          | 1          | 11         | 1          | 8         
s_times   0.0        | 67.55      | 157.89     | 195.1      | 287.11    
c_times   33.92      | 127.55     | 161.47     | 255.1      | 288.79    
travels   33.63      | 30.34      | 33.63      | 32.01      | 0.0       
charges   326.08     | 360.0      | 326.08     | 360.0      | 326.31    
~~~~~~~~~~~~~~~~~~~~~~~~~~~~~~~~~~~~~~~~~~
***** nlp_Variables: 212
***** nlp_Constraints: 97
***** nlp_objective: 969.5299999999742
***** nlp_Sol_time: 33.201
     Drone (1):
          9          | 1          | 10         | 1          | 8         
c_times   33.92      | 127.55     | 161.47     | 255.1      | 288.79    
travels   33.63      | 30.34      | 33.63      | 32.01      | 0.0       
charges   326.08     | 360.0      | 326.08     | 360.0      | 326.31    
~~~~~~~~~~~~~~~~~~~~~~~~~~~~~~~~~~~~~~~~~~
     Drone (2):
          4          | 1          | 7          | 11         | 3         
c_times   33.29      | 126.04     | 159.73     | 176.4      | 188.09    
travels   32.75      | 32.01      | 13.09      | 9.67       | 0.0       
charges   326.71     | 360.0      | 326.31     | 309.64     | 297.95    
~~~~~~~~~~~~~~~~~~~~~~~~~~~~~~~~~~~~~~~~~~
     Drone (3):
          2          | 1          | 5          | 1          | 6         
c_times   29.96      | 119.89     | 153.18     | 245.93     | 279.22    
travels   29.93      | 32.61      | 32.75      | 32.61      | 0.0       
charges   330.04     | 360.0      | 326.71     | 360.0      | 326.71    
~~~~~~~~~~~~~~~~~~~~~~~~~~~~~~~~~~~~~~~~~~
