~~~~~~~~~~~~~~~~~~~ [3, 'SB', 5, 360] ~~~~~~~~~~~~~~~~~~~
     seed: 8675972377265801060
 Families: [[1], [2, 3], [4, 5, 6], [7, 8], [9, 10, 11], [12]]
  i_times: [1110.0, 210.0, 750.0, 390.0]
Fam slots: [[0, 7], [2, 4, 5], [2, 7], [2, 3, 6]]
Ear_dates: [0, 0.0, 1260.0, 360.0, 720.0, 900.0, 360.0, 1260.0, 360.0, 540.0, 1080.0, 0]
Due_dates: [1440, 180.0, 1440.0, 540.0, 900.0, 1080.0, 540.0, 1440.0, 540.0, 720.0, 1260.0, 1440]
Monitor_t: [60.0, 2.02, 2.02, 0.68, 0.68, 0.68, 1.68, 1.68, 3.58, 3.58, 3.58, 0.0]
~~~~~~~~~~~~~~~~~~~ Comparing the results ~~~~~~~~~~~~~~~~~~~
***** lp_Variables: 2792
***** lp_Constraints: 5091
***** lp_objective: 976.9599999022039
***** lp_Sol_time: 10.993
     Drone (1):
          2          | 1          | 5          | 11         | 7         
s_times   0.0        | 59.89      | 152.5      | 162.31     | 176.82    
c_times   29.96      | 119.89     | 153.18     | 165.89     | 178.5     
travels   29.93      | 32.61      | 9.13       | 10.93      | 0.0       
charges   330.04     | 360.0      | 326.71     | 314.0      | 301.39    
~~~~~~~~~~~~~~~~~~~~~~~~~~~~~~~~~~~~~~~~~~
     Drone (2):
          9          | 1          | 10         | 1          | 3         
s_times   0.0        | 67.55      | 157.89     | 195.1      | 283.04    
c_times   33.92      | 127.55     | 161.47     | 255.1      | 285.06    
travels   33.63      | 30.34      | 33.63      | 27.94      | 0.0       
charges   326.08     | 360.0      | 326.08     | 360.0      | 330.04    
~~~~~~~~~~~~~~~~~~~~~~~~~~~~~~~~~~~~~~~~~~
     Drone (3):
          4          | 1          | 6          | 1          | 8         
s_times   0.0        | 66.04      | 158.65     | 192.08     | 284.09    
c_times   33.29      | 126.04     | 159.33     | 252.08     | 285.77    
travels   32.75      | 32.61      | 32.75      | 32.01      | 0.0       
charges   326.71     | 360.0      | 326.71     | 360.0      | 326.31    
~~~~~~~~~~~~~~~~~~~~~~~~~~~~~~~~~~~~~~~~~~
***** nlp_Variables: 227
***** nlp_Constraints: 109
***** nlp_objective: 976.96
***** nlp_Sol_time: 25.372
     Drone (1):
          2          | 4          | 1          | 6          | 11        
s_times   0.0        | 32.67      | 66.1       | 158.71     | 168.52    
c_times   29.96      | 33.35      | 126.1      | 159.39     | 172.1     
travels   2.71       | 32.75      | 32.61      | 9.13       | 0.0       
charges   330.04     | 326.65     | 360.0      | 326.71     | 314.0     
~~~~~~~~~~~~~~~~~~~~~~~~~~~~~~~~~~~~~~~~~~
     Drone (2):
          7          | 1          | 5          | 1          | 8         
s_times   0.0        | 65.19      | 157.8      | 191.23     | 283.24    
c_times   33.69      | 125.19     | 158.48     | 251.23     | 284.92    
travels   31.5       | 32.61      | 32.75      | 32.01      | 0.0       
charges   326.31     | 360.0      | 326.71     | 360.0      | 326.31    
~~~~~~~~~~~~~~~~~~~~~~~~~~~~~~~~~~~~~~~~~~
     Drone (3):
          9          | 1          | 10         | 1          | 3         
s_times   0.0        | 67.55      | 157.89     | 195.1      | 283.04    
c_times   33.92      | 127.55     | 161.47     | 255.1      | 285.06    
travels   33.63      | 30.34      | 33.63      | 27.94      | 0.0       
charges   326.08     | 360.0      | 326.08     | 360.0      | 330.04    
~~~~~~~~~~~~~~~~~~~~~~~~~~~~~~~~~~~~~~~~~~
