~~~~~~~~~~~~~~~~~~~ [3, 'SB', 5, 360] ~~~~~~~~~~~~~~~~~~~
     seed: 1530421202134992566
 Families: [[1], [2, 3], [4, 5, 6], [7, 8], [9, 10, 11], [12]]
  i_times: [30.0, 390.0, 930.0, 750.0]
Fam slots: [[0, 1], [3, 4, 7], [1, 7], [1, 6, 7]]
Ear_dates: [0, 0.0, 180.0, 540.0, 720.0, 1260.0, 180.0, 1260.0, 180.0, 1080.0, 1260.0, 0]
Due_dates: [1440, 180.0, 360.0, 720.0, 900.0, 1440.0, 360.0, 1440.0, 360.0, 1260.0, 1440.0, 1440]
Monitor_t: [60.0, 2.02, 2.02, 0.68, 0.68, 0.68, 1.68, 1.68, 3.58, 3.58, 3.58, 0.0]
~~~~~~~~~~~~~~~~~~~ Comparing the results ~~~~~~~~~~~~~~~~~~~
***** lp_Variables: 2792
***** lp_Constraints: 5091
***** lp_objective: 975.3099999023648
***** lp_Sol_time: 26.476
     Drone (1):
          9          | 1          | 10         | 1          | 11        
s_times   0.0        | 67.55      | 157.89     | 195.1      | 285.44    
c_times   33.92      | 127.55     | 161.47     | 255.1      | 289.02    
travels   33.63      | 30.34      | 33.63      | 30.34      | 0.0       
charges   326.08     | 360.0      | 326.08     | 360.0      | 326.08    
~~~~~~~~~~~~~~~~~~~~~~~~~~~~~~~~~~~~~~~~~~
     Drone (2):
          2          | 1          | 7          | 3          | 8         
s_times   0.0        | 59.89      | 151.9      | 158.72     | 163.57    
c_times   29.96      | 119.89     | 153.58     | 160.74     | 165.25    
travels   29.93      | 32.01      | 5.14       | 2.83       | 0.0       
charges   330.04     | 360.0      | 326.31     | 319.15     | 314.64    
~~~~~~~~~~~~~~~~~~~~~~~~~~~~~~~~~~~~~~~~~~
     Drone (3):
          4          | 1          | 5          | 1          | 6         
s_times   0.0        | 66.04      | 158.65     | 192.08     | 284.69    
c_times   33.29      | 126.04     | 159.33     | 252.08     | 285.37    
travels   32.75      | 32.61      | 32.75      | 32.61      | 0.0       
charges   326.71     | 360.0      | 326.71     | 360.0      | 326.71    
~~~~~~~~~~~~~~~~~~~~~~~~~~~~~~~~~~~~~~~~~~
***** nlp_Variables: 212
***** nlp_Constraints: 97
***** nlp_objective: 1069.4899999999996
***** nlp_Sol_time: 88.947
     Drone (1):
          9          | 1          | 5          | 1          | 6         
