~~~~~~~~~~~~~~~~~~~ [3, 'SB', 5, 360] ~~~~~~~~~~~~~~~~~~~
     seed: 8315994305035645736
 Families: [[1], [2, 3], [4, 5, 6], [7, 8], [9, 10, 11], [12]]
  i_times: [210.0, 570.0, 210.0, 390.0]
Fam slots: [[5, 7], [2, 3, 7], [1, 3], [2, 5, 6]]
Ear_dates: [0, 900.0, 1260.0, 360.0, 540.0, 1260.0, 180.0, 540.0, 360.0, 900.0, 1080.0, 0]
Due_dates: [1440, 1080.0, 1440.0, 540.0, 720.0, 1440.0, 360.0, 720.0, 540.0, 1080.0, 1260.0, 1440]
Monitor_t: [60.0, 2.02, 2.02, 0.68, 0.68, 0.68, 1.68, 1.68, 3.58, 3.58, 3.58, 0.0]
~~~~~~~~~~~~~~~~~~~ Comparing the results ~~~~~~~~~~~~~~~~~~~
***** lp_Variables: 2792
***** lp_Constraints: 5091
***** lp_objective: 976.96
***** lp_Sol_time: 24.503
     Drone (1):
          7          | 1          | 5          | 2          | 11        
s_times   0.0        | 65.19      | 157.8      | 163.33     | 174.75    
c_times   33.69      | 125.19     | 158.48     | 165.35     | 178.33    
travels   31.5       | 32.61      | 4.85       | 9.4        | 0.0       
charges   326.31     | 360.0      | 326.71     | 319.84     | 306.86    
~~~~~~~~~~~~~~~~~~~~~~~~~~~~~~~~~~~~~~~~~~
     Drone (2):
          9          | 1          | 10         | 1          | 3         
s_times   0.0        | 67.55      | 157.89     | 195.1      | 283.04    
c_times   33.92      | 127.55     | 161.47     | 255.1      | 285.06    
travels   33.63      | 30.34      | 33.63      | 27.94      | 0.0       
charges   326.08     | 360.0      | 326.08     | 360.0      | 330.04    
~~~~~~~~~~~~~~~~~~~~~~~~~~~~~~~~~~~~~~~~~~
     Drone (3):
          4          | 1          | 8          | 1          | 6         
s_times   0.0        | 66.04      | 158.05     | 191.23     | 283.84    
c_times   33.29      | 126.04     | 159.73     | 251.23     | 284.52    
travels   32.75      | 32.01      | 31.5       | 32.61      | 0.0       
charges   326.71     | 360.0      | 326.31     | 360.0      | 326.71    
~~~~~~~~~~~~~~~~~~~~~~~~~~~~~~~~~~~~~~~~~~
***** nlp_Variables: 227
***** nlp_Constraints: 109
***** nlp_objective: 976.96
***** nlp_Sol_time: 40.324
     Drone (1):
          4          | 10         | 1          | 8          | 2         
s_times   0.0        | 42.42      | 79.63      | 171.64     | 178.46    
c_times   33.29      | 46.0       | 139.63     | 173.32     | 180.48    
travels   9.13       | 33.63      | 32.01      | 5.14       | 0.0       
charges   326.71     | 314.0      | 360.0      | 326.31     | 319.15    
~~~~~~~~~~~~~~~~~~~~~~~~~~~~~~~~~~~~~~~~~~
     Drone (2):
          7          | 1          | 5          | 1          | 6         
s_times   0.0        | 65.19      | 157.8      | 191.23     | 283.84    
c_times   33.69      | 125.19     | 158.48     | 251.23     | 284.52    
travels   31.5       | 32.61      | 32.75      | 32.61      | 0.0       
charges   326.31     | 360.0      | 326.71     | 360.0      | 326.71    
~~~~~~~~~~~~~~~~~~~~~~~~~~~~~~~~~~~~~~~~~~
     Drone (3):
          9          | 1          | 11         | 1          | 3         
s_times   0.0        | 67.55      | 157.89     | 195.1      | 283.04    
c_times   33.92      | 127.55     | 161.47     | 255.1      | 285.06    
travels   33.63      | 30.34      | 33.63      | 27.94      | 0.0       
charges   326.08     | 360.0      | 326.08     | 360.0      | 330.04    
~~~~~~~~~~~~~~~~~~~~~~~~~~~~~~~~~~~~~~~~~~
