~~~~~~~~~~~~~~~~~~~~~~~~~~ Instance ~~~~~~~~~~~~~~~~~~~~~~~~~
 Families: [[1], [2, 3, 4], [5, 6, 7], [8, 9], [10]]
Due_dates: [50 10 20 24  8 16 24  5 10 50]
Monitor_t: [5.   2.   2.   2.   1.   1.   1.   1.   1.   0.01]
~~~~~~~~~~~~~~~~~~~ Comparing the results ~~~~~~~~~~~~~~~~~~~
~~~~~ lp_objective: -3.7900000000006004
     Drone (1):[10  2 10  5  3  7]
     s_times: [0.   0.21 2.31 2.42 4.42 7.42]
     c_times: [0.11 2.21 2.32 3.42 6.42 8.42]
      charge: [11.89  9.79  9.68  8.58  5.58  3.58]
~~~~~~~~~~~~~~~~~~~~~~~~~~~~~~~~~~~~~~~~~~
     Drone (2):[10  8 10  9  6  4]
     s_times: [0.   0.21 1.31 1.42 5.42 7.42]
     c_times: [0.11 1.21 1.32 2.42 6.42 9.42]
      charge: [11.89 10.79 10.68  9.58  5.58  2.58]
~~~~~~~~~~~~~~~~~~~~~~~~~~~~~~~~~~~~~~~~~~
~~~~~ nlp_objective: -3.790000000478999
     Drone (1):[10  8 10  5  3  7]
     s_times: [0.   0.21 1.31 1.42 3.42 6.42]
     c_times: [0.11 1.21 1.32 2.42 5.42 7.42]
      charge: [11.89 10.79 10.68  9.58  6.58  4.58]
~~~~~~~~~~~~~~~~~~~~~~~~~~~~~~~~~~~~~~~~~~
     Drone (2):[10  2  9 10  6  4]
     s_times: [0.   0.21 4.21 5.31 5.42 7.42]
     c_times: [0.11 2.21 5.21 5.32 6.42 9.42]
      charge: [11.89  9.79  6.79  6.68  5.58  2.58]
~~~~~~~~~~~~~~~~~~~~~~~~~~~~~~~~~~~~~~~~~~
==========================================
