~~~~~~~~~~~~~~~~~~~ [3, 'SB', 8, 60] ~~~~~~~~~~~~~~~~~~~
     seed: 8150275003776598368
 Families: [[1], [2, 3], [4, 5, 6], [7, 8], [9, 10, 11], [12]]
  i_times: [210.0, 570.0, 390.0, 570.0]
Fam slots: [[5, 7], [0, 4, 7], [1, 4], [0, 2, 6]]
Ear_dates: [0, 900.0, 1260.0, 0.0, 720.0, 1260.0, 180.0, 720.0, 0.0, 360.0, 1080.0, 0]
Due_dates: [1440, 1080.0, 1440.0, 180.0, 900.0, 1440.0, 360.0, 900.0, 180.0, 540.0, 1260.0, 1440]
Monitor_t: [60.0, 2.02, 2.02, 0.68, 0.68, 0.68, 1.68, 1.68, 3.58, 3.58, 3.58, 0.0]
~~~~~~~~~~~~~~~~~~~ Comparing the results ~~~~~~~~~~~~~~~~~~~
***** lp_Variables: 3152
***** lp_Constraints: 5091
***** lp_objective: 2880
***** lp_Sol_time: 2.238
     Drone (1):
          12         | 12         | 12         | 12         | 12        
s_times   0          | 1440       | 1440       | 1440       | 1440      
c_times   1440       | 1440       | 1440       | 1440       | 1440      
travels   0.0        | 0.0        | 0.0        | 0.0        | 0.0       
charges   0          | 0          | 0          | 0          | 0         
~~~~~~~~~~~~~~~~~~~~~~~~~~~~~~~~~~~~~~~~~~
     Drone (2):
          12         | 12         | 12         | 12         | 12        
s_times   0          | 1440       | 1440       | 1440       | 1440      
c_times   1440       | 1440       | 1440       | 1440       | 1440      
travels   0.0        | 0.0        | 0.0        | 0.0        | 0.0       
charges   0          | 0          | 0          | 0          | 0         
~~~~~~~~~~~~~~~~~~~~~~~~~~~~~~~~~~~~~~~~~~
     Drone (3):
          12         | 12         | 12         | 12         | 12        
s_times   0          | 1440       | 1440       | 1440       | 1440      
c_times   1440       | 1440       | 1440       | 1440       | 1440      
travels   0.0        | 0.0        | 0.0        | 0.0        | 0.0       
charges   0          | 0          | 0          | 0          | 0         
~~~~~~~~~~~~~~~~~~~~~~~~~~~~~~~~~~~~~~~~~~
***** nlp_Variables: 650
***** nlp_Constraints: 163
***** nlp_objective: 0.0
***** nlp_Sol_time: 5.551
     Drone (1):
          12         | 10         | 12         | 8          | 12         | 2          | 11         | 12        
s_times   0.0        | 536.42     | 547.26     | 720.0      | 727.04     | 1068.58    | 1080.0     | 1090.84   
c_times   528.62     | 540.0      | 716.07     | 721.68     | 1065.22    | 1070.6     | 1083.58    | 1090.84   
travels   7.8        | 7.26       | 3.93       | 5.36       | 3.36       | 9.4        | 7.26       | 0.0       
charges   60.0       | 48.62      | 41.36      | 35.75      | 30.39      | 25.01      | 12.03      | 4.77      
~~~~~~~~~~~~~~~~~~~~~~~~~~~~~~~~~~~~~~~~~~
     Drone (2):
          9          | 12         | 12         | 12         | 12         | 4          | 12         | 5         
s_times   0.0        | 41.18      | 177.14     | 177.14     | 177.14     | 179.32     | 181.92     | 720.0     
c_times   33.92      | 177.14     | 177.14     | 177.14     | 177.14     | 180.0      | 717.82     | 720.68    
travels   7.26       | 0.0        | 0.0        | 0.0        | 2.18       | 1.92       | 2.18       | 0.0       
charges   26.08      | 18.82      | 18.82      | 18.82      | 18.82      | 15.96      | 14.04      | 11.18     
~~~~~~~~~~~~~~~~~~~~~~~~~~~~~~~~~~~~~~~~~~
     Drone (3):
          12         | 7          | 12         | 3          | 6          | 12         | 12         | 12        
s_times   0.0        | 328.32     | 335.36     | 1260.0     | 1264.73    | 1267.33    | 1267.33    | 1440.0    
c_times   324.39     | 330.0      | 1256.64    | 1262.02    | 1265.41    | 1267.33    | 1440.0     | 1440.0    
travels   3.93       | 5.36       | 3.36       | 2.71       | 1.92       | 0.0        | 0.0        | 0.0       
charges   60.0       | 54.39      | 49.03      | 43.65      | 40.26      | 38.34      | 38.34      | 38.34     
~~~~~~~~~~~~~~~~~~~~~~~~~~~~~~~~~~~~~~~~~~
