~~~~~~~~~~~~~~~~~~~ [3, 'SB', 12, 120] ~~~~~~~~~~~~~~~~~~~
     seed: 590243102736494168
 Families: [[1], [2, 3], [4, 5, 6], [7, 8], [9, 10, 11], [12]]
  i_times: [930.0, 390.0, 390.0, 390.0]
Fam slots: [[0, 6], [0, 1, 4], [3, 6], [2, 5, 6]]
Ear_dates: [0, 0.0, 1080.0, 0.0, 180.0, 720.0, 540.0, 1080.0, 360.0, 900.0, 1080.0, 0]
Due_dates: [1440, 180.0, 1260.0, 180.0, 360.0, 900.0, 720.0, 1260.0, 540.0, 1080.0, 1260.0, 1440]
Monitor_t: [60.0, 2.02, 2.02, 0.68, 0.68, 0.68, 1.68, 1.68, 3.58, 3.58, 3.58, 0.0]
~~~~~~~~~~~~~~~~~~~ Comparing the results ~~~~~~~~~~~~~~~~~~~
***** lp_Variables: 3152
***** lp_Constraints: 5091
***** lp_objective: 2880
***** lp_Sol_time: 2.238
     Drone (1):
          12         | 12         | 12         | 12         | 12        
s_times   0          | 1440       | 1440       | 1440       | 1440      
c_times   1440       | 1440       | 1440       | 1440       | 1440      
travels   0.0        | 0.0        | 0.0        | 0.0        | 0.0       
charges   0          | 0          | 0          | 0          | 0         
~~~~~~~~~~~~~~~~~~~~~~~~~~~~~~~~~~~~~~~~~~
     Drone (2):
          12         | 12         | 12         | 12         | 12        
s_times   0          | 1440       | 1440       | 1440       | 1440      
c_times   1440       | 1440       | 1440       | 1440       | 1440      
travels   0.0        | 0.0        | 0.0        | 0.0        | 0.0       
charges   0          | 0          | 0          | 0          | 0         
~~~~~~~~~~~~~~~~~~~~~~~~~~~~~~~~~~~~~~~~~~
     Drone (3):
          12         | 12         | 12         | 12         | 12        
s_times   0          | 1440       | 1440       | 1440       | 1440      
c_times   1440       | 1440       | 1440       | 1440       | 1440      
travels   0.0        | 0.0        | 0.0        | 0.0        | 0.0       
charges   0          | 0          | 0          | 0          | 0         
~~~~~~~~~~~~~~~~~~~~~~~~~~~~~~~~~~~~~~~~~~
***** nlp_Variables: 974
***** nlp_Constraints: 235
***** nlp_objective: 0.0
***** nlp_Sol_time: 9.554
     Drone (1):
          12         | 2          | 12         | 12         | 12         | 12         | 12         | 12         | 9          | 12         | 10         | 12        
s_times   0.0        | 147.98     | 152.1      | 152.1      | 152.1      | 152.1      | 152.1      | 152.1      | 506.42     | 517.26     | 900.0      | 910.84    
c_times   144.62     | 150.0      | 152.1      | 152.1      | 152.1      | 152.1      | 152.1      | 498.62     | 510.0      | 892.2      | 903.58     | 910.84    
travels   3.36       | 2.1        | 0.0        | 0.0        | 0.0        | 0.0        | 0.0        | 7.8        | 7.26       | 7.8        | 7.26       | 0.0       
charges   120.0      | 114.62     | 112.52     | 112.52     | 112.52     | 112.52     | 112.52     | 112.52     | 101.14     | 93.88      | 82.5       | 75.24     
~~~~~~~~~~~~~~~~~~~~~~~~~~~~~~~~~~~~~~~~~~
     Drone (2):
          12         | 6          | 12         | 12         | 12         | 12         | 12         | 8          | 12         | 12         | 12         | 11        
s_times   0.0        | 720.0      | 722.6      | 1076.07    | 1076.07    | 1076.07    | 1076.07    | 1080.0     | 1087.04    | 1087.04    | 1087.04    | 1094.84   
c_times   717.82     | 720.68     | 1076.07    | 1076.07    | 1076.07    | 1076.07    | 1076.07    | 1081.68    | 1087.04    | 1087.04    | 1087.04    | 1098.42   
travels   2.18       | 1.92       | 0.0        | 0.0        | 0.0        | 0.0        | 3.93       | 5.36       | 0.0        | 0.0        | 7.8        | 0.0       
charges   120.0      | 117.14     | 115.22     | 115.22     | 115.22     | 115.22     | 115.22     | 109.61     | 104.25     | 104.25     | 104.25     | 92.87     
~~~~~~~~~~~~~~~~~~~~~~~~~~~~~~~~~~~~~~~~~~
     Drone (3):
          12         | 4          | 12         | 5          | 12         | 12         | 12         | 12         | 12         | 7          | 12         | 3         
s_times   0.0        | 33.2       | 35.8       | 329.32     | 331.92     | 684.39     | 684.39     | 684.39     | 684.39     | 688.32     | 695.36     | 1080.0    
c_times   31.02      | 33.88      | 327.14     | 330.0      | 684.39     | 684.39     | 684.39     | 684.39     | 684.39     | 690.0      | 1076.64    | 1082.02   
travels   2.18       | 1.92       | 2.18       | 1.92       | 0.0        | 0.0        | 0.0        | 0.0        | 3.93       | 5.36       | 3.36       | 0.0       
charges   120.0      | 117.14     | 115.22     | 112.36     | 110.44     | 110.44     | 110.44     | 110.44     | 110.44     | 104.83     | 99.47      | 94.09     
~~~~~~~~~~~~~~~~~~~~~~~~~~~~~~~~~~~~~~~~~~
