~~~~~~~~~~~~~~~~~~~ [3, 'SB', 8, 30] ~~~~~~~~~~~~~~~~~~~
     seed: 5394683314446883757
 Families: [[1], [2, 3], [4, 5, 6], [7, 8], [9, 10, 11], [12]]
  i_times: [390.0, 390.0, 210.0, 210.0]
Fam slots: [[2, 5], [1, 4, 5], [1, 3], [1, 3, 4]]
Ear_dates: [0, 360.0, 900.0, 180.0, 720.0, 900.0, 180.0, 540.0, 180.0, 540.0, 720.0, 0]
Due_dates: [1440, 540.0, 1080.0, 360.0, 900.0, 1080.0, 360.0, 720.0, 360.0, 720.0, 900.0, 1440]
Monitor_t: [60.0, 2.02, 2.02, 0.68, 0.68, 0.68, 1.68, 1.68, 3.58, 3.58, 3.58, 0.0]
~~~~~~~~~~~~~~~~~~~ Comparing the results ~~~~~~~~~~~~~~~~~~~
***** lp_Variables: 3152
***** lp_Constraints: 5091
***** lp_objective: 2880
***** lp_Sol_time: 2.238
     Drone (1):
          12         | 12         | 12         | 12         | 12        
s_times   0          | 1440       | 1440       | 1440       | 1440      
c_times   1440       | 1440       | 1440       | 1440       | 1440      
travels   0.0        | 0.0        | 0.0        | 0.0        | 0.0       
charges   0          | 0          | 0          | 0          | 0         
~~~~~~~~~~~~~~~~~~~~~~~~~~~~~~~~~~~~~~~~~~
     Drone (2):
          12         | 12         | 12         | 12         | 12        
s_times   0          | 1440       | 1440       | 1440       | 1440      
c_times   1440       | 1440       | 1440       | 1440       | 1440      
travels   0.0        | 0.0        | 0.0        | 0.0        | 0.0       
charges   0          | 0          | 0          | 0          | 0         
~~~~~~~~~~~~~~~~~~~~~~~~~~~~~~~~~~~~~~~~~~
     Drone (3):
          12         | 12         | 12         | 12         | 12        
s_times   0          | 1440       | 1440       | 1440       | 1440      
c_times   1440       | 1440       | 1440       | 1440       | 1440      
travels   0.0        | 0.0        | 0.0        | 0.0        | 0.0       
charges   0          | 0          | 0          | 0          | 0         
~~~~~~~~~~~~~~~~~~~~~~~~~~~~~~~~~~~~~~~~~~
***** nlp_Variables: 650
***** nlp_Constraints: 163
***** nlp_objective: 0.0
***** nlp_Sol_time: 16.74
     Drone (1):
          12         | 12         | 2          | 12         | 12         | 12         | 8          | 10        
s_times   0.0        | 528.59     | 531.95     | 536.07     | 536.07     | 536.07     | 540.0      | 554.77    
c_times   528.59     | 528.59     | 533.97     | 536.07     | 536.07     | 536.07     | 541.68     | 558.35    
travels   0.0        | 3.36       | 2.1        | 0.0        | 0.0        | 3.93       | 13.09      | 0.0       
charges   30.0       | 30.0       | 24.62      | 22.52      | 22.52      | 22.52      | 16.91      | 0.24      
~~~~~~~~~~~~~~~~~~~~~~~~~~~~~~~~~~~~~~~~~~
     Drone (2):
          12         | 12         | 7          | 4          | 12         | 5          | 12         | 11        
s_times   0.0        | 324.39     | 328.32     | 334.14     | 336.74     | 720.0      | 722.6      | 730.4     
c_times   324.39     | 324.39     | 330.0      | 334.82     | 717.82     | 720.68     | 722.6      | 733.98    
travels   0.0        | 3.93       | 4.14       | 1.92       | 2.18       | 1.92       | 7.8        | 0.0       
charges   30.0       | 30.0       | 24.39      | 19.57      | 17.65      | 14.79      | 12.87      | 1.49      
~~~~~~~~~~~~~~~~~~~~~~~~~~~~~~~~~~~~~~~~~~
     Drone (3):
          12         | 12         | 12         | 9          | 12         | 12         | 3          | 6         
s_times   0.0        | 333.39     | 333.39     | 341.19     | 352.03     | 920.61     | 923.97     | 928.7     
c_times   333.39     | 333.39     | 333.39     | 344.77     | 920.61     | 920.61     | 925.99     | 929.38    
travels   0.0        | 0.0        | 7.8        | 7.26       | 0.0        | 3.36       | 2.71       | 0.0       
charges   30.0       | 30.0       | 30.0       | 18.62      | 11.36      | 11.36      | 5.98       | 2.59      
~~~~~~~~~~~~~~~~~~~~~~~~~~~~~~~~~~~~~~~~~~
