~~~~~~~~~~~~~~~~~~~ [3, 'SB', 6, 120] ~~~~~~~~~~~~~~~~~~~
     seed: 736641922508776789
 Families: [[1], [2, 3], [4, 5, 6], [7, 8], [9, 10, 11], [12]]
  i_times: [210.0, 570.0, 570.0, 210.0]
Fam slots: [[3, 5], [2, 6, 7], [1, 5], [0, 1, 3]]
Ear_dates: [0, 540.0, 900.0, 360.0, 1080.0, 1260.0, 180.0, 900.0, 0.0, 180.0, 540.0, 0]
Due_dates: [1440, 720.0, 1080.0, 540.0, 1260.0, 1440.0, 360.0, 1080.0, 180.0, 360.0, 720.0, 1440]
Monitor_t: [60.0, 2.02, 2.02, 0.68, 0.68, 0.68, 1.68, 1.68, 3.58, 3.58, 3.58, 0.0]
~~~~~~~~~~~~~~~~~~~ Comparing the results ~~~~~~~~~~~~~~~~~~~
***** lp_Variables: 3152
***** lp_Constraints: 5091
***** lp_objective: 2880
***** lp_Sol_time: 2.238
     Drone (1):
          12         | 12         | 12         | 12         | 12        
s_times   0          | 1440       | 1440       | 1440       | 1440      
c_times   1440       | 1440       | 1440       | 1440       | 1440      
travels   0.0        | 0.0        | 0.0        | 0.0        | 0.0       
charges   0          | 0          | 0          | 0          | 0         
~~~~~~~~~~~~~~~~~~~~~~~~~~~~~~~~~~~~~~~~~~
     Drone (2):
          12         | 12         | 12         | 12         | 12        
s_times   0          | 1440       | 1440       | 1440       | 1440      
c_times   1440       | 1440       | 1440       | 1440       | 1440      
travels   0.0        | 0.0        | 0.0        | 0.0        | 0.0       
charges   0          | 0          | 0          | 0          | 0         
~~~~~~~~~~~~~~~~~~~~~~~~~~~~~~~~~~~~~~~~~~
     Drone (3):
          12         | 12         | 12         | 12         | 12        
s_times   0          | 1440       | 1440       | 1440       | 1440      
c_times   1440       | 1440       | 1440       | 1440       | 1440      
travels   0.0        | 0.0        | 0.0        | 0.0        | 0.0       
charges   0          | 0          | 0          | 0          | 0         
~~~~~~~~~~~~~~~~~~~~~~~~~~~~~~~~~~~~~~~~~~
***** nlp_Variables: 488
***** nlp_Constraints: 127
***** nlp_objective: 0.0
***** nlp_Sol_time: 6.236
     Drone (1):
          12         | 11         | 12         | 2          | 12         | 5         
s_times   0.0        | 540.0      | 550.84     | 695.74     | 699.86     | 1080.0    
c_times   532.2      | 543.58     | 692.38     | 697.76     | 1077.82    | 1080.68   
travels   7.8        | 7.26       | 3.36       | 2.1        | 2.18       | 0.0       
charges   120.0      | 108.62     | 101.36     | 95.98      | 93.88      | 91.02     
~~~~~~~~~~~~~~~~~~~~~~~~~~~~~~~~~~~~~~~~~~
     Drone (2):
          12         | 10         | 7          | 12         | 3          | 8         
s_times   0.0        | 326.42     | 340.93     | 347.97     | 907.76     | 912.61    
c_times   318.62     | 330.0      | 342.61     | 904.4      | 909.78     | 914.29    
travels   7.8        | 10.93      | 5.36       | 3.36       | 2.83       | 0.0       
charges   120.0      | 108.62     | 96.01      | 90.65      | 85.27      | 80.76     
~~~~~~~~~~~~~~~~~~~~~~~~~~~~~~~~~~~~~~~~~~
     Drone (3):
          12         | 9          | 12         | 4          | 12         | 6         
s_times   0.0        | 112.84     | 123.68     | 509.32     | 511.92     | 1439.32   
c_times   105.04     | 116.42     | 507.14     | 510.0      | 1437.14    | 1440.0    
travels   7.8        | 7.26       | 2.18       | 1.92       | 2.18       | 0.0       
charges   120.0      | 108.62     | 101.36     | 98.5       | 96.58      | 93.72     
~~~~~~~~~~~~~~~~~~~~~~~~~~~~~~~~~~~~~~~~~~
