~~~~~~~~~~~~~~~~~~~ [3, 'SB', 5, 180] ~~~~~~~~~~~~~~~~~~~
     seed: 5649972314184723674
 Families: [[1], [2, 3], [4, 5, 6], [7, 8], [9, 10, 11], [12]]
  i_times: [390.0, 750.0, 750.0, 30.0]
Fam slots: [[4, 7], [0, 5, 7], [2, 7], [1, 2, 3]]
Ear_dates: [0, 720.0, 1260.0, 0.0, 900.0, 1260.0, 360.0, 1260.0, 180.0, 360.0, 540.0, 0]
Due_dates: [1440, 900.0, 1440.0, 180.0, 1080.0, 1440.0, 540.0, 1440.0, 360.0, 540.0, 720.0, 1440]
Monitor_t: [60.0, 2.02, 2.02, 0.68, 0.68, 0.68, 1.68, 1.68, 3.58, 3.58, 3.58, 0.0]
~~~~~~~~~~~~~~~~~~~ Comparing the results ~~~~~~~~~~~~~~~~~~~
***** lp_Variables: 3929
***** lp_Constraints: 7498
***** lp_objective: 116.4199999882579
     Drone (1):
          12         | 10         | 12         | 11         | 12         | 1          | 2         
s_times   0.0        | 390.0      | 400.84     | 423.58     | 434.42     | 663.62     | 751.56    
c_times   382.2      | 393.58     | 415.78     | 427.16     | 632.6      | 723.62     | 753.58    
travels   7.8        | 7.26       | 7.8        | 7.26       | 31.02      | 27.94      | 0.0       
charges   360.0      | 348.62     | 341.36     | 329.98     | 322.72     | 360.0      | 330.04    
~~~~~~~~~~~~~~~~~~~~~~~~~~~~~~~~~~~~~~~~~~
     Drone (2):
          12         | 4          | 12         | 9          | 12         | 5          | 1         
s_times   0.0        | 32.9       | 35.5       | 356.42     | 367.26     | 783.58     | 817.01    
c_times   30.72      | 33.58      | 348.62     | 360.0      | 781.4      | 784.26     | 877.01    
travels   2.18       | 1.92       | 7.8        | 7.26       | 2.18       | 32.75      | 0.0       
charges   360.0      | 357.14     | 355.22     | 343.84     | 336.58     | 333.72     | 360.0     
~~~~~~~~~~~~~~~~~~~~~~~~~~~~~~~~~~~~~~~~~~
     Drone (3):
          12         | 7          | 12         | 12         | 3          | 8          | 6         
s_times   0.0        | 399.95     | 406.99     | 406.99     | 1143.58    | 1148.43    | 1154.25   
c_times   396.02     | 401.63     | 406.99     | 1140.22    | 1145.6     | 1150.11    | 1154.93   
travels   3.93       | 5.36       | 0.0        | 3.36       | 2.83       | 4.14       | 0.0       
charges   360.0      | 354.39     | 349.03     | 349.03     | 343.65     | 339.14     | 334.32    
~~~~~~~~~~~~~~~~~~~~~~~~~~~~~~~~~~~~~~~~~~
***** nlp_Variables: 569
***** nlp_Constraints: 145
***** nlp_objective: 116.41999998825693
     Drone (1):
          12         | 12         | 10         | 12         | 5          | 2          | 12        
s_times   0.0        | 118.97     | 390.0      | 400.84     | 783.88     | 789.41     | 793.53    
c_times   118.97     | 382.2      | 393.58     | 781.7      | 784.56     | 791.43     | 793.53    
travels   0.0        | 7.8        | 7.26       | 2.18       | 4.85       | 2.1        | 0.0       
charges   360.0      | 360.0      | 348.62     | 341.36     | 338.5      | 331.63     | 329.53    
~~~~~~~~~~~~~~~~~~~~~~~~~~~~~~~~~~~~~~~~~~
     Drone (2):
          12         | 9          | 12         | 3          | 6          | 12         | 8         
s_times   0.0        | 356.42     | 367.26     | 1149.16    | 1153.89    | 1156.49    | 1160.42   
c_times   348.62     | 360.0      | 1145.8     | 1151.18    | 1154.57    | 1156.49    | 1162.1    
travels   7.8        | 7.26       | 3.36       | 2.71       | 1.92       | 3.93       | 0.0       
charges   360.0      | 348.62     | 341.36     | 335.98     | 332.59     | 330.67     | 325.06    
~~~~~~~~~~~~~~~~~~~~~~~~~~~~~~~~~~~~~~~~~~
     Drone (3):
          12         | 4          | 12         | 7          | 12         | 12         | 11        
s_times   0.0        | 33.2       | 35.8       | 408.74     | 415.78     | 415.78     | 423.58    
c_times   31.02      | 33.88      | 404.81     | 410.42     | 415.78     | 415.78     | 427.16    
travels   2.18       | 1.92       | 3.93       | 5.36       | 0.0        | 7.8        | 0.0       
charges   360.0      | 357.14     | 355.22     | 349.61     | 344.25     | 344.25     | 332.87    
~~~~~~~~~~~~~~~~~~~~~~~~~~~~~~~~~~~~~~~~~~
