~~~~~~~~~~~~~~~~~~~ [3, 'SB', 5, 180] ~~~~~~~~~~~~~~~~~~~
     seed: 4529959197188438100
 Families: [[1], [2, 3], [4, 5, 6], [7, 8], [9, 10, 11], [12]]
  i_times: [30.0, 570.0, 570.0, 750.0]
Fam slots: [[0, 1], [0, 2, 6], [3, 7], [0, 2, 7]]
Ear_dates: [0, 0.0, 180.0, 0.0, 360.0, 1080.0, 540.0, 1260.0, 0.0, 360.0, 1260.0, 0]
Due_dates: [1440, 180.0, 360.0, 180.0, 540.0, 1260.0, 720.0, 1440.0, 180.0, 540.0, 1440.0, 1440]
Monitor_t: [60.0, 2.02, 2.02, 0.68, 0.68, 0.68, 1.68, 1.68, 3.58, 3.58, 3.58, 0.0]
~~~~~~~~~~~~~~~~~~~ Comparing the results ~~~~~~~~~~~~~~~~~~~
***** lp_Variables: 3929
***** lp_Constraints: 7498
***** lp_objective: 0.0
     Drone (1):
          12         | 9          | 12         | 1          | 2          | 12         | 6         
s_times   0.0        | 7.8        | 18.64      | 60.04      | 147.98     | 152.1      | 1080.0    
c_times   0.0        | 11.38      | 29.02      | 120.04     | 150.0      | 1077.82    | 1080.68   
travels   7.8        | 7.26       | 31.02      | 27.94      | 2.1        | 2.18       | 0.0       
charges   360.0      | 348.62     | 341.36     | 360.0      | 330.04     | 327.94     | 325.08    
~~~~~~~~~~~~~~~~~~~~~~~~~~~~~~~~~~~~~~~~~~
     Drone (2):
          4          | 12         | 3          | 12         | 10         | 12         | 7         
s_times   0.0        | 35.21      | 180.0      | 184.12     | 521.26     | 532.1      | 688.32    
c_times   33.29      | 176.64     | 182.02     | 513.46     | 524.84     | 684.39     | 690.0     
travels   1.92       | 3.36       | 2.1        | 7.8        | 7.26       | 3.93       | 0.0       
charges   326.71     | 324.79     | 319.41     | 317.31     | 305.93     | 298.67     | 293.06    
~~~~~~~~~~~~~~~~~~~~~~~~~~~~~~~~~~~~~~~~~~
     Drone (3):
          12         | 1          | 5          | 12         | 8          | 12         | 11        
s_times   0.0        | 416.71     | 509.32     | 511.92     | 1260.0     | 1267.04    | 1274.84   
c_times   385.69     | 476.71     | 510.0      | 1256.07    | 1261.68    | 1267.04    | 1278.42   
travels   31.02      | 32.61      | 1.92       | 3.93       | 5.36       | 7.8        | 0.0       
charges   360.0      | 360.0      | 326.71     | 324.79     | 319.18     | 313.82     | 302.44    
~~~~~~~~~~~~~~~~~~~~~~~~~~~~~~~~~~~~~~~~~~
***** nlp_Variables: 569
***** nlp_Constraints: 145
***** nlp_objective: 0.0
     Drone (1):
          12         | 2          | 12         | 3          | 12         | 5          | 12        
s_times   0.0        | 147.98     | 152.1      | 180.0      | 184.12     | 509.32     | 511.92    
c_times   144.62     | 150.0      | 176.64     | 182.02     | 507.14     | 510.0      | 511.92    
travels   3.36       | 2.1        | 3.36       | 2.1        | 2.18       | 1.92       | 0.0       
charges   360.0      | 354.62     | 352.52     | 347.14     | 345.04     | 342.18     | 340.26    
~~~~~~~~~~~~~~~~~~~~~~~~~~~~~~~~~~~~~~~~~~
     Drone (2):
          4          | 9          | 12         | 10         | 12         | 12         | 7         
s_times   0.0        | 42.42      | 53.26      | 506.42     | 517.26     | 517.26     | 702.83    
c_times   33.29      | 46.0       | 498.62     | 510.0      | 517.26     | 698.9      | 704.51    
travels   9.13       | 7.26       | 7.8        | 7.26       | 0.0        | 3.93       | 0.0       
charges   326.71     | 314.0      | 306.74     | 295.36     | 288.1      | 288.1      | 282.49    
~~~~~~~~~~~~~~~~~~~~~~~~~~~~~~~~~~~~~~~~~~
     Drone (3):
          12         | 12         | 12         | 6          | 12         | 11         | 8         
s_times   0.0        | 31.02      | 31.02      | 1080.0     | 1082.6     | 1260.0     | 1274.51   
c_times   31.02      | 31.02      | 1077.82    | 1080.68    | 1252.2     | 1263.58    | 1276.19   
travels   0.0        | 0.0        | 2.18       | 1.92       | 7.8        | 10.93      | 0.0       
charges   360.0      | 360.0      | 360.0      | 357.14     | 355.22     | 343.84     | 331.23    
~~~~~~~~~~~~~~~~~~~~~~~~~~~~~~~~~~~~~~~~~~
