~~~~~~~~~~~~~~~~~~~ [3, 'SB', 5, 180] ~~~~~~~~~~~~~~~~~~~
     seed: 6250151134722590351
 Families: [[1], [2, 3], [4, 5, 6], [7, 8], [9, 10, 11], [12]]
  i_times: [30.0, 210.0, 30.0, 210.0]
Fam slots: [[3, 4], [2, 4, 5], [2, 3], [3, 4, 6]]
Ear_dates: [0, 540.0, 720.0, 360.0, 720.0, 900.0, 360.0, 540.0, 540.0, 720.0, 1080.0, 0]
Due_dates: [1440, 720.0, 900.0, 540.0, 900.0, 1080.0, 540.0, 720.0, 720.0, 900.0, 1260.0, 1440]
Monitor_t: [60.0, 2.02, 2.02, 0.68, 0.68, 0.68, 1.68, 1.68, 3.58, 3.58, 3.58, 0.0]
~~~~~~~~~~~~~~~~~~~ Comparing the results ~~~~~~~~~~~~~~~~~~~
***** lp_Variables: 3742
***** lp_Constraints: 6798
***** lp_objective: 0.0
     Drone (1):
          12         | 5          | 1          | 12         | 6         
s_times   0.0        | 750.0      | 783.43     | 874.45     | 960.68    
c_times   747.82     | 750.68     | 843.43     | 958.5      | 961.36    
travels   2.18       | 32.75      | 31.02      | 2.18       | 0.0       
charges   180.0      | 177.14     | 180.0      | 148.98     | 146.12    
~~~~~~~~~~~~~~~~~~~~~~~~~~~~~~~~~~~~~~~~~~
     Drone (2):
          12         | 4          | 8          | 12         | 10        
s_times   0.0        | 539.32     | 543.15     | 550.19     | 866.42    
c_times   537.14     | 540.0      | 544.83     | 858.62     | 870.0     
travels   2.18       | 3.15       | 5.36       | 7.8        | 0.0       
charges   180.0      | 177.14     | 172.31     | 166.95     | 155.57    
~~~~~~~~~~~~~~~~~~~~~~~~~~~~~~~~~~~~~~~~~~
     Drone (3):
          12         | 7          | 12         | 2          | 12        
s_times   0.0        | 538.32     | 545.36     | 687.98     | 692.1     
c_times   534.39     | 540.0      | 684.62     | 690.0      | 1440.0    
travels   3.93       | 5.36       | 3.36       | 2.1        | 0.0       
charges   180.0      | 174.39     | 169.03     | 163.65     | 161.55    
~~~~~~~~~~~~~~~~~~~~~~~~~~~~~~~~~~~~~~~~~~
     Drone (4):
          12         | 9          | 3          | 12         | 11        
s_times   0.0        | 706.75     | 720.0      | 724.12     | 1080.0    
c_times   698.95     | 710.33     | 722.02     | 1072.2     | 1083.58   
travels   7.8        | 9.67       | 2.1        | 7.8        | 0.0       
charges   180.0      | 168.62     | 156.93     | 154.83     | 143.45    
~~~~~~~~~~~~~~~~~~~~~~~~~~~~~~~~~~~~~~~~~~
***** nlp_Variables: 542
***** nlp_Constraints: 138
***** nlp_objective: 0.0
     Drone (1):
          12         | 9          | 5          | 3          | 12        
s_times   0.0        | 707.88     | 720.0      | 725.53     | 729.65    
c_times   700.08     | 711.46     | 720.68     | 727.55     | 729.65    
travels   7.8        | 8.54       | 4.85       | 2.1        | 0.0       
charges   180.0      | 168.62     | 159.4      | 152.53     | 150.43    
~~~~~~~~~~~~~~~~~~~~~~~~~~~~~~~~~~~~~~~~~~
     Drone (2):
          12         | 4          | 7          | 12         | 8         
s_times   0.0        | 509.32     | 513.15     | 520.19     | 544.83    
c_times   507.14     | 510.0      | 514.83     | 540.9      | 546.51    
travels   2.18       | 3.15       | 5.36       | 3.93       | 0.0       
charges   180.0      | 177.14     | 172.31     | 166.95     | 161.34    
~~~~~~~~~~~~~~~~~~~~~~~~~~~~~~~~~~~~~~~~~~
     Drone (3):
          12         | 12         | 6          | 12         | 11        
s_times   0.0        | 31.02      | 900.0      | 902.6      | 1080.0    
c_times   31.02      | 897.82     | 900.68     | 1072.2     | 1083.58   
travels   0.0        | 2.18       | 1.92       | 7.8        | 0.0       
charges   180.0      | 180.0      | 177.14     | 175.22     | 163.84    
~~~~~~~~~~~~~~~~~~~~~~~~~~~~~~~~~~~~~~~~~~
     Drone (4):
          12         | 12         | 2          | 12         | 10        
s_times   0.0        | 31.02      | 693.51     | 697.63     | 866.42    
c_times   31.02      | 690.15     | 695.53     | 858.62     | 870.0     
travels   0.0        | 3.36       | 2.1        | 7.8        | 0.0       
charges   180.0      | 180.0      | 174.62     | 172.52     | 161.14    
~~~~~~~~~~~~~~~~~~~~~~~~~~~~~~~~~~~~~~~~~~
