~~~~~~~~~~~~~~~~~~~ [3, 'SB', 5, 180] ~~~~~~~~~~~~~~~~~~~
     seed: 8373727588332473260
 Families: [[1], [2, 3], [4, 5, 6], [7, 8], [9, 10, 11], [12]]
  i_times: [210.0, 390.0, 570.0, 210.0]
Fam slots: [[3, 5], [1, 4, 7], [3, 7], [3, 4, 6]]
Ear_dates: [0, 540.0, 900.0, 180.0, 720.0, 1260.0, 540.0, 1260.0, 540.0, 720.0, 1080.0, 0]
Due_dates: [1440, 720.0, 1080.0, 360.0, 900.0, 1440.0, 720.0, 1440.0, 720.0, 900.0, 1260.0, 1440]
Monitor_t: [60.0, 2.02, 2.02, 0.68, 0.68, 0.68, 1.68, 1.68, 3.58, 3.58, 3.58, 0.0]
~~~~~~~~~~~~~~~~~~~ Comparing the results ~~~~~~~~~~~~~~~~~~~
***** lp_Variables: 2807
***** lp_Constraints: 5104
***** lp_objective: 138.57999998604203
     Drone (1):
          12         | 5          | 12         | 3          | 11        
s_times   0.0        | 730.74     | 733.34     | 930.0      | 941.42    
c_times   728.56     | 731.42     | 926.64     | 932.02     | 945.0     
travels   2.18       | 1.92       | 3.36       | 9.4        | 0.0       
charges   180.0      | 177.14     | 175.22     | 169.84     | 156.86    
~~~~~~~~~~~~~~~~~~~~~~~~~~~~~~~~~~~~~~~~~~
     Drone (2):
          12         | 9          | 7          | 2          | 10        
s_times   0.0        | 696.65     | 711.16     | 717.98     | 729.4     
c_times   688.85     | 700.23     | 712.84     | 720.0      | 732.98    
travels   7.8        | 10.93      | 5.14       | 9.4        | 0.0       
charges   180.0      | 168.62     | 156.01     | 148.85     | 135.87    
~~~~~~~~~~~~~~~~~~~~~~~~~~~~~~~~~~~~~~~~~~
     Drone (3):
          12         | 4          | 12         | 6          | 8         
s_times   0.0        | 340.06     | 342.66     | 1121.42    | 1125.25   
c_times   337.88     | 340.74     | 1119.24    | 1122.1     | 1126.93   
travels   2.18       | 1.92       | 2.18       | 3.15       | 0.0       
charges   180.0      | 177.14     | 175.22     | 172.36     | 167.53    
~~~~~~~~~~~~~~~~~~~~~~~~~~~~~~~~~~~~~~~~~~
***** nlp_Variables: 407
***** nlp_Constraints: 109
***** nlp_objective: 138.5799999860419
     Drone (1):
          12         | 4          | 12         | 8          | 6         
s_times   0.0        | 345.88     | 348.48     | 1121.42    | 1127.24   
c_times   343.7      | 346.56     | 1117.49    | 1123.1     | 1127.92   
travels   2.18       | 1.92       | 3.93       | 4.14       | 0.0       
charges   180.0      | 177.14     | 175.22     | 169.61     | 164.79    
~~~~~~~~~~~~~~~~~~~~~~~~~~~~~~~~~~~~~~~~~~
     Drone (2):
          12         | 5          | 12         | 3          | 11        
s_times   0.0        | 736.56     | 739.16     | 930.0      | 941.42    
c_times   734.38     | 737.24     | 926.64     | 932.02     | 945.0     
travels   2.18       | 1.92       | 3.36       | 9.4        | 0.0       
charges   180.0      | 177.14     | 175.22     | 169.84     | 156.86    
~~~~~~~~~~~~~~~~~~~~~~~~~~~~~~~~~~~~~~~~~~
     Drone (3):
          12         | 9          | 7          | 2          | 10        
s_times   0.0        | 696.65     | 711.16     | 717.98     | 729.4     
c_times   688.85     | 700.23     | 712.84     | 720.0      | 732.98    
travels   7.8        | 10.93      | 5.14       | 9.4        | 0.0       
charges   180.0      | 168.62     | 156.01     | 148.85     | 135.87    
~~~~~~~~~~~~~~~~~~~~~~~~~~~~~~~~~~~~~~~~~~
