~~~~~~~~~~~~~~~~~~~ [3, 'SB', 5, 180] ~~~~~~~~~~~~~~~~~~~
     seed: 1856652794603224491
 Families: [[1], [2, 3], [4, 5, 6], [7, 8], [9, 10, 11], [12]]
  i_times: [30.0, 30.0, 30.0, 750.0]
Fam slots: [[2, 3], [2, 3, 4], [3, 4], [0, 1, 6]]
Ear_dates: [0, 360.0, 540.0, 360.0, 540.0, 720.0, 540.0, 720.0, 0.0, 180.0, 1080.0, 0]
Due_dates: [1440, 540.0, 720.0, 540.0, 720.0, 900.0, 720.0, 900.0, 180.0, 360.0, 1260.0, 1440]
Monitor_t: [60.0, 2.02, 2.02, 0.68, 0.68, 0.68, 1.68, 1.68, 3.58, 3.58, 3.58, 0.0]
~~~~~~~~~~~~~~~~~~~ Comparing the results ~~~~~~~~~~~~~~~~~~~
***** lp_Variables: 3742
***** lp_Constraints: 6798
***** lp_objective: 119.31999998796803
     Drone (1):
          12         | 10         | 12         | 7          | 6         
s_times   0.0        | 356.42     | 367.26     | 594.86     | 600.68    
c_times   348.62     | 360.0      | 590.93     | 596.54     | 601.36    
travels   7.8        | 7.26       | 3.93       | 4.14       | 0.0       
charges   180.0      | 168.62     | 161.36     | 155.75     | 150.93    
~~~~~~~~~~~~~~~~~~~~~~~~~~~~~~~~~~~~~~~~~~
     Drone (2):
          12         | 12         | 9          | 12         | 2         
s_times   0.0        | 168.62     | 176.42     | 187.26     | 537.98    
c_times   168.62     | 168.62     | 180.0      | 534.62     | 540.0     
travels   0.0        | 7.8        | 7.26       | 3.36       | 0.0       
charges   180.0      | 180.0      | 168.62     | 161.36     | 155.98    
~~~~~~~~~~~~~~~~~~~~~~~~~~~~~~~~~~~~~~~~~~
     Drone (3):
          12         | 4          | 3          | 12         | 8         
s_times   0.0        | 539.32     | 544.85     | 548.97     | 600.68    
c_times   537.14     | 540.0      | 546.87     | 596.75     | 602.36    
travels   2.18       | 4.85       | 2.1        | 3.93       | 0.0       
charges   180.0      | 177.14     | 170.27     | 168.17     | 162.56    
~~~~~~~~~~~~~~~~~~~~~~~~~~~~~~~~~~~~~~~~~~
     Drone (4):
          12         | 5          | 12         | 12         | 11        
s_times   0.0        | 570.0      | 572.6      | 572.6      | 960.68    
c_times   567.82     | 570.68     | 572.6      | 952.88     | 964.26    
travels   2.18       | 1.92       | 0.0        | 7.8        | 0.0       
charges   180.0      | 177.14     | 175.22     | 175.22     | 163.84    
~~~~~~~~~~~~~~~~~~~~~~~~~~~~~~~~~~~~~~~~~~
***** nlp_Variables: 542
***** nlp_Constraints: 138
***** nlp_objective: 119.32000000000002
     Drone (1):
          12         | 12         | 10         | 12         | 3         
s_times   0.0        | 199.3      | 207.1      | 217.94     | 566.61    
c_times   199.3      | 199.3      | 210.68     | 563.25     | 568.63    
travels   0.0        | 7.8        | 7.26       | 3.36       | 0.0       
charges   180.0      | 180.0      | 168.62     | 161.36     | 155.98    
~~~~~~~~~~~~~~~~~~~~~~~~~~~~~~~~~~~~~~~~~~
     Drone (2):
          12         | 9          | 12         | 2          | 4         
s_times   0.0        | 38.82      | 49.66      | 534.59     | 539.32    
c_times   31.02      | 42.4       | 531.23     | 536.61     | 540.0     
travels   7.8        | 7.26       | 3.36       | 2.71       | 0.0       
charges   180.0      | 168.62     | 161.36     | 155.98     | 152.59    
~~~~~~~~~~~~~~~~~~~~~~~~~~~~~~~~~~~~~~~~~~
     Drone (3):
          12         | 5          | 7          | 12         | 11        
s_times   0.0        | 570.0      | 573.83     | 580.87     | 960.68    
c_times   567.82     | 570.68     | 575.51     | 952.88     | 964.26    
travels   2.18       | 3.15       | 5.36       | 7.8        | 0.0       
charges   180.0      | 177.14     | 172.31     | 166.95     | 155.57    
~~~~~~~~~~~~~~~~~~~~~~~~~~~~~~~~~~~~~~~~~~
     Drone (4):
          12         | 6          | 8          | 1          | 12        
s_times   0.0        | 600.68     | 604.51     | 637.69     | 728.71    
c_times   598.5      | 601.36     | 606.19     | 697.69     | 728.71    
travels   2.18       | 3.15       | 31.5       | 31.02      | 0.0       
charges   180.0      | 177.14     | 172.31     | 180.0      | 148.98    
~~~~~~~~~~~~~~~~~~~~~~~~~~~~~~~~~~~~~~~~~~
