~~~~~~~~~~~~~~~~~~~ [3, 'SB', 5, 180] ~~~~~~~~~~~~~~~~~~~
     seed: 9092947237554204724
 Families: [[1], [2, 3], [4, 5, 6], [7, 8], [9, 10, 11], [12]]
  i_times: [750.0, 210.0, 750.0, 30.0]
Fam slots: [[0, 5], [2, 4, 6], [0, 5], [5, 6, 7]]
Ear_dates: [0, 0.0, 900.0, 360.0, 720.0, 1080.0, 0.0, 900.0, 900.0, 1080.0, 1260.0, 0]
Due_dates: [1440, 180.0, 1080.0, 540.0, 900.0, 1260.0, 180.0, 1080.0, 1080.0, 1260.0, 1440.0, 1440]
Monitor_t: [60.0, 2.02, 2.02, 0.68, 0.68, 0.68, 1.68, 1.68, 3.58, 3.58, 3.58, 0.0]
~~~~~~~~~~~~~~~~~~~ Comparing the results ~~~~~~~~~~~~~~~~~~~
***** lp_Variables: 3742
***** lp_Constraints: 6798
***** lp_objective: 119.31999998796806
     Drone (1):
          12         | 2          | 7          | 12         | 4         
s_times   0.0        | 29.0       | 33.85      | 40.89      | 539.32    
c_times   25.64      | 31.02      | 35.53      | 537.14     | 540.0     
travels   3.36       | 2.83       | 5.36       | 2.18       | 0.0       
charges   180.0      | 174.62     | 170.11     | 164.75     | 161.89    
~~~~~~~~~~~~~~~~~~~~~~~~~~~~~~~~~~~~~~~~~~
     Drone (2):
          12         | 9          | 12         | 10         | 1         
s_times   0.0        | 1073.52    | 1084.36    | 1107.1     | 1144.31   
c_times   1065.72    | 1077.1     | 1099.3     | 1110.68    | 1204.31   
travels   7.8        | 7.26       | 7.8        | 33.63      | 0.0       
charges   180.0      | 168.62     | 161.36     | 149.98     | 180.0     
~~~~~~~~~~~~~~~~~~~~~~~~~~~~~~~~~~~~~~~~~~
     Drone (3):
          12         | 12         | 6          | 12         | 11        
s_times   0.0        | 0.0        | 960.68     | 963.28     | 1140.68   
c_times   0.0        | 958.5      | 961.36     | 1132.88    | 1144.26   
travels   0.0        | 2.18       | 1.92       | 7.8        | 0.0       
charges   180.0      | 180.0      | 177.14     | 175.22     | 163.84    
~~~~~~~~~~~~~~~~~~~~~~~~~~~~~~~~~~~~~~~~~~
     Drone (4):
          12         | 5          | 12         | 3          | 8         
s_times   0.0        | 750.0      | 752.6      | 780.68     | 785.53    
c_times   747.82     | 750.68     | 777.32     | 782.7      | 787.21    
travels   2.18       | 1.92       | 3.36       | 2.83       | 0.0       
charges   180.0      | 177.14     | 175.22     | 169.84     | 165.33    
~~~~~~~~~~~~~~~~~~~~~~~~~~~~~~~~~~~~~~~~~~
***** nlp_Variables: 542
***** nlp_Constraints: 138
***** nlp_objective: 119.31999998796992
     Drone (1):
          12         | 2          | 7          | 12         | 5         
s_times   0.0        | 173.47     | 178.32     | 185.36     | 750.0     
c_times   170.11     | 175.49     | 180.0      | 747.82     | 750.68    
travels   3.36       | 2.83       | 5.36       | 2.18       | 0.0       
charges   180.0      | 174.62     | 170.11     | 164.75     | 161.89    
~~~~~~~~~~~~~~~~~~~~~~~~~~~~~~~~~~~~~~~~~~
     Drone (2):
          12         | 3          | 8          | 12         | 6         
s_times   0.0        | 925.15     | 930.0      | 937.04     | 960.68    
c_times   921.79     | 927.17     | 931.68     | 958.5      | 961.36    
travels   3.36       | 2.83       | 5.36       | 2.18       | 0.0       
charges   180.0      | 174.62     | 170.11     | 164.75     | 161.89    
~~~~~~~~~~~~~~~~~~~~~~~~~~~~~~~~~~~~~~~~~~
     Drone (3):
          12         | 12         | 10         | 12         | 11        
s_times   0.0        | 31.02      | 1107.1     | 1117.94    | 1140.68   
c_times   31.02      | 1099.3     | 1110.68    | 1132.88    | 1144.26   
travels   0.0        | 7.8        | 7.26       | 7.8        | 0.0       
charges   180.0      | 180.0      | 168.62     | 161.36     | 149.98    
~~~~~~~~~~~~~~~~~~~~~~~~~~~~~~~~~~~~~~~~~~
     Drone (4):
          12         | 4          | 12         | 9          | 12        
s_times   0.0        | 539.32     | 541.92     | 1073.52    | 1084.36   
c_times   537.14     | 540.0      | 1065.72    | 1077.1     | 1084.36   
travels   2.18       | 1.92       | 7.8        | 7.26       | 0.0       
charges   180.0      | 177.14     | 175.22     | 163.84     | 156.58    
~~~~~~~~~~~~~~~~~~~~~~~~~~~~~~~~~~~~~~~~~~
