~~~~~~~~~~~~~~~~~~~ [3, 'SB', 5, 180] ~~~~~~~~~~~~~~~~~~~
     seed: 7918736497546989691
 Families: [[1], [2, 3], [4, 5, 6], [7, 8], [9, 10, 11], [12]]
  i_times: [30.0, 750.0, 210.0, 750.0]
Fam slots: [[1, 2], [1, 2, 7], [0, 2], [0, 5, 6]]
Ear_dates: [0, 180.0, 360.0, 180.0, 360.0, 1260.0, 0.0, 360.0, 0.0, 900.0, 1080.0, 0]
Due_dates: [1440, 360.0, 540.0, 360.0, 540.0, 1440.0, 180.0, 540.0, 180.0, 1080.0, 1260.0, 1440]
Monitor_t: [60.0, 2.02, 2.02, 0.68, 0.68, 0.68, 1.68, 1.68, 3.58, 3.58, 3.58, 0.0]
~~~~~~~~~~~~~~~~~~~ Comparing the results ~~~~~~~~~~~~~~~~~~~
***** lp_Variables: 3742
***** lp_Constraints: 6798
***** lp_objective: 0.0
     Drone (1):
          12         | 8          | 3          | 12         | 6         
s_times   0.0        | 360.0      | 366.82     | 370.94     | 1260.0    
c_times   356.07     | 361.68     | 368.84     | 1257.82    | 1260.68   
travels   3.93       | 5.14       | 2.1        | 2.18       | 0.0       
charges   180.0      | 174.39     | 167.23     | 165.13     | 162.27    
~~~~~~~~~~~~~~~~~~~~~~~~~~~~~~~~~~~~~~~~~~
     Drone (2):
          12         | 7          | 9          | 12         | 5         
s_times   0.0        | 148.32     | 163.09     | 173.93     | 539.32    
c_times   144.39     | 150.0      | 166.67     | 537.14     | 540.0     
travels   3.93       | 13.09      | 7.26       | 2.18       | 0.0       
charges   180.0      | 174.39     | 157.72     | 150.46     | 147.6     
~~~~~~~~~~~~~~~~~~~~~~~~~~~~~~~~~~~~~~~~~~
     Drone (3):
          12         | 12         | 10         | 12         | 11        
s_times   0.0        | 22.9462    | 900.0      | 910.84     | 1099.2824 
c_times   22.9462    | 892.2      | 903.58     | 1091.4824  | 1102.8624 
travels   0.0        | 7.8        | 7.26       | 7.8        | 0.0       
charges   180.0      | 180.0      | 168.62     | 161.36     | 149.98    
~~~~~~~~~~~~~~~~~~~~~~~~~~~~~~~~~~~~~~~~~~
     Drone (4):
          12         | 4          | 2          | 1          | 12        
s_times   0.0        | 352.45     | 357.98     | 389.93     | 480.95    
c_times   350.27     | 353.13     | 360.0      | 449.93     | 507.73    
travels   2.18       | 4.85       | 29.93      | 31.02      | 0.0       
charges   180.0      | 177.14     | 170.27     | 180.0      | 148.98    
~~~~~~~~~~~~~~~~~~~~~~~~~~~~~~~~~~~~~~~~~~
***** nlp_Variables: 542
***** nlp_Constraints: 138
***** nlp_objective: 0.0
     Drone (1):
          12         | 3          | 12         | 5          | 12        
s_times   0.0        | 360.0      | 364.12     | 509.32     | 511.92    
c_times   356.64     | 362.02     | 507.14     | 510.0      | 1440.0    
travels   3.36       | 2.1        | 2.18       | 1.92       | 0.0       
charges   180.0      | 174.62     | 172.52     | 169.66     | 167.74    
~~~~~~~~~~~~~~~~~~~~~~~~~~~~~~~~~~~~~~~~~~
     Drone (2):
          12         | 9          | 7          | 12         | 10        
s_times   0.0        | 146.42     | 160.93     | 167.97     | 900.0     
c_times   138.62     | 150.0      | 162.61     | 892.2      | 903.58    
travels   7.8        | 10.93      | 5.36       | 7.8        | 0.0       
charges   180.0      | 168.62     | 156.01     | 150.65     | 139.27    
~~~~~~~~~~~~~~~~~~~~~~~~~~~~~~~~~~~~~~~~~~
     Drone (3):
          12         | 4          | 12         | 2          | 8         
s_times   0.0        | 241.9      | 244.5      | 355.15     | 360.0     
c_times   239.72     | 242.58     | 351.79     | 357.17     | 361.68    
travels   2.18       | 1.92       | 3.36       | 2.83       | 0.0       
charges   180.0      | 177.14     | 175.22     | 169.84     | 165.33    
~~~~~~~~~~~~~~~~~~~~~~~~~~~~~~~~~~~~~~~~~~
     Drone (4):
          12         | 12         | 11         | 12         | 6         
s_times   0.0        | 1239.18    | 1246.98    | 1257.82    | 1260.0    
c_times   1239.18    | 1239.18    | 1250.56    | 1257.82    | 1260.68   
travels   0.0        | 7.8        | 7.26       | 2.18       | 0.0       
charges   180.0      | 180.0      | 168.62     | 161.36     | 158.5     
~~~~~~~~~~~~~~~~~~~~~~~~~~~~~~~~~~~~~~~~~~
