~~~~~~~~~~~~~~~~~~~ [3, 'SB', 5, 180] ~~~~~~~~~~~~~~~~~~~
     seed: 5877203797565918564
 Families: [[1], [2, 3], [4, 5, 6], [7, 8], [9, 10, 11], [12]]
  i_times: [210.0, 390.0, 570.0, 30.0]
Fam slots: [[5, 7], [2, 5, 7], [3, 7], [3, 4, 5]]
Ear_dates: [0, 900.0, 1260.0, 360.0, 900.0, 1260.0, 540.0, 1260.0, 540.0, 720.0, 900.0, 0]
Due_dates: [1440, 1080.0, 1440.0, 540.0, 1080.0, 1440.0, 720.0, 1440.0, 720.0, 900.0, 1080.0, 1440]
Monitor_t: [60.0, 2.02, 2.02, 0.68, 0.68, 0.68, 1.68, 1.68, 3.58, 3.58, 3.58, 0.0]
~~~~~~~~~~~~~~~~~~~ Comparing the results ~~~~~~~~~~~~~~~~~~~
***** lp_Variables: 2994
***** lp_Constraints: 5202
***** lp_objective: 133.32999998656555
     Drone (1):
          12         | 9          | 7          | 10        
s_times   0.0        | 703.81     | 718.32     | 733.09    
c_times   696.01     | 707.39     | 720.0      | 736.67    
travels   7.8        | 10.93      | 13.09      | 0.0       
charges   180.0      | 168.62     | 156.01     | 139.34    
~~~~~~~~~~~~~~~~~~~~~~~~~~~~~~~~~~~~~~~~~~
     Drone (2):
          12         | 4          | 12         | 2         
s_times   0.0        | 539.32     | 541.92     | 934.66    
c_times   537.14     | 540.0      | 931.3      | 936.68    
travels   2.18       | 1.92       | 3.36       | 0.0       
charges   180.0      | 177.14     | 175.22     | 169.84    
~~~~~~~~~~~~~~~~~~~~~~~~~~~~~~~~~~~~~~~~~~
     Drone (3):
          12         | 12         | 11         | 5         
s_times   0.0        | 375.99     | 766.67     | 778.79    
c_times   375.99     | 758.87     | 770.25     | 779.47    
travels   0.0        | 7.8        | 8.54       | 0.0       
charges   180.0      | 180.0      | 168.62     | 159.4     
~~~~~~~~~~~~~~~~~~~~~~~~~~~~~~~~~~~~~~~~~~
     Drone (4):
          12         | 3          | 8          | 6         
s_times   0.0        | 1146.68    | 1151.53    | 1157.35   
c_times   1143.32    | 1148.7     | 1153.21    | 1158.03   
travels   3.36       | 2.83       | 4.14       | 0.0       
charges   180.0      | 174.62     | 170.11     | 165.29    
~~~~~~~~~~~~~~~~~~~~~~~~~~~~~~~~~~~~~~~~~~
***** nlp_Variables: 434
***** nlp_Constraints: 114
***** nlp_objective: 133.32999998656783
     Drone (1):
          12         | 8          | 3          | 6         
s_times   0.0        | 1126.67    | 1133.49    | 1138.22   
c_times   1122.74    | 1128.35    | 1135.51    | 1138.9    
travels   3.93       | 5.14       | 2.71       | 0.0       
charges   180.0      | 174.39     | 167.23     | 163.84    
~~~~~~~~~~~~~~~~~~~~~~~~~~~~~~~~~~~~~~~~~~
     Drone (2):
          12         | 4          | 12         | 2         
s_times   0.0        | 505.81     | 508.41     | 921.47    
c_times   503.63     | 506.49     | 918.11     | 923.49    
travels   2.18       | 1.92       | 3.36       | 0.0       
charges   180.0      | 177.14     | 175.22     | 169.84    
~~~~~~~~~~~~~~~~~~~~~~~~~~~~~~~~~~~~~~~~~~
     Drone (3):
          12         | 9          | 7          | 10        
s_times   0.0        | 703.81     | 718.32     | 733.09    
c_times   696.01     | 707.39     | 720.0      | 736.67    
travels   7.8        | 10.93      | 13.09      | 0.0       
charges   180.0      | 168.62     | 156.01     | 139.34    
~~~~~~~~~~~~~~~~~~~~~~~~~~~~~~~~~~~~~~~~~~
     Drone (4):
          12         | 11         | 1          | 5         
s_times   0.0        | 766.67     | 803.88     | 896.49    
c_times   758.87     | 770.25     | 863.88     | 897.17    
travels   7.8        | 33.63      | 32.61      | 0.0       
charges   180.0      | 168.62     | 180.0      | 146.71    
~~~~~~~~~~~~~~~~~~~~~~~~~~~~~~~~~~~~~~~~~~
