~~~~~~~~~~~~~~~~~~~ [3, 'SB', 5, 180] ~~~~~~~~~~~~~~~~~~~
     seed: 6663214645104485584
 Families: [[1], [2, 3], [4, 5, 6], [7, 8], [9, 10, 11], [12]]
  i_times: [1110.0, 570.0, 210.0, 570.0]
Fam slots: [[0, 7], [0, 4, 6], [5, 7], [1, 5, 6]]
Ear_dates: [0, 0.0, 1260.0, 0.0, 720.0, 1080.0, 900.0, 1260.0, 180.0, 900.0, 1080.0, 0]
Due_dates: [1440, 180.0, 1440.0, 180.0, 900.0, 1260.0, 1080.0, 1440.0, 360.0, 1080.0, 1260.0, 1440]
Monitor_t: [60.0, 2.02, 2.02, 0.68, 0.68, 0.68, 1.68, 1.68, 3.58, 3.58, 3.58, 0.0]
~~~~~~~~~~~~~~~~~~~ Comparing the results ~~~~~~~~~~~~~~~~~~~
***** lp_Variables: 3742
***** lp_Constraints: 6798
***** lp_objective: 0.0
     Drone (1):
          12         | 12         | 5          | 12         | 7         
s_times   0.0        | 717.82     | 730.88     | 733.48     | 1059.25   
c_times   717.82     | 728.7      | 731.56     | 1055.32    | 1060.93   
travels   0.0        | 2.18       | 1.92       | 3.93       | 0.0       
charges   180.0      | 180.0      | 177.14     | 175.22     | 169.61    
~~~~~~~~~~~~~~~~~~~~~~~~~~~~~~~~~~~~~~~~~~
     Drone (2):
          12         | 4          | 2          | 12         | 6         
s_times   0.0        | 160.2      | 165.73     | 169.85     | 1080.0    
c_times   158.02     | 160.88     | 167.75     | 1077.82    | 1080.68   
travels   2.18       | 4.85       | 2.1        | 2.18       | 0.0       
charges   180.0      | 177.14     | 170.27     | 168.17     | 165.31    
~~~~~~~~~~~~~~~~~~~~~~~~~~~~~~~~~~~~~~~~~~
     Drone (3):
          12         | 12         | 11         | 8          | 3         
s_times   0.0        | 0.0        | 1256.42    | 1270.93    | 1277.75   
c_times   0.0        | 1248.62    | 1260.0     | 1272.61    | 1279.77   
travels   0.0        | 7.8        | 10.93      | 5.14       | 0.0       
charges   180.0      | 180.0      | 168.62     | 156.01     | 148.85    
~~~~~~~~~~~~~~~~~~~~~~~~~~~~~~~~~~~~~~~~~~
     Drone (4):
          12         | 12         | 9          | 12         | 10        
s_times   0.0        | 318.62     | 326.42     | 337.26     | 900.0     
c_times   318.62     | 318.62     | 330.0      | 892.2      | 903.58    
travels   0.0        | 7.8        | 7.26       | 7.8        | 0.0       
charges   180.0      | 180.0      | 168.62     | 161.36     | 149.98    
~~~~~~~~~~~~~~~~~~~~~~~~~~~~~~~~~~~~~~~~~~
***** nlp_Variables: 542
***** nlp_Constraints: 138
***** nlp_objective: 0.0
     Drone (1):
          12         | 7          | 6          | 12         | 11        
s_times   0.0        | 1074.18    | 1080.0     | 1082.6     | 1256.42   
c_times   1070.25    | 1075.86    | 1080.68    | 1248.62    | 1260.0    
travels   3.93       | 4.14       | 1.92       | 7.8        | 0.0       
charges   180.0      | 174.39     | 169.57     | 167.65     | 156.27    
~~~~~~~~~~~~~~~~~~~~~~~~~~~~~~~~~~~~~~~~~~
     Drone (2):
          12         | 12         | 5          | 12         | 12        
s_times   0.0        | 31.02      | 720.0      | 722.6      | 722.6     
c_times   31.02      | 717.82     | 720.68     | 722.6      | 722.6     
travels   0.0        | 2.18       | 1.92       | 0.0        | 0.0       
charges   180.0      | 180.0      | 177.14     | 175.22     | 175.22    
~~~~~~~~~~~~~~~~~~~~~~~~~~~~~~~~~~~~~~~~~~
     Drone (3):
          12         | 9          | 12         | 8          | 3         
s_times   0.0        | 326.42     | 337.26     | 1260.0     | 1266.82   
c_times   318.62     | 330.0      | 1256.07    | 1261.68    | 1268.84   
travels   7.8        | 7.26       | 3.93       | 5.14       | 0.0       
charges   180.0      | 168.62     | 161.36     | 155.75     | 148.59    
~~~~~~~~~~~~~~~~~~~~~~~~~~~~~~~~~~~~~~~~~~
     Drone (4):
          12         | 2          | 4          | 12         | 10        
s_times   0.0        | 174.59     | 179.32     | 181.92     | 900.0     
c_times   171.23     | 176.61     | 180.0      | 892.2      | 903.58    
travels   3.36       | 2.71       | 1.92       | 7.8        | 0.0       
charges   180.0      | 174.62     | 171.23     | 169.31     | 157.93    
~~~~~~~~~~~~~~~~~~~~~~~~~~~~~~~~~~~~~~~~~~
