~~~~~~~~~~~~~~~~~~~ [3, 'SB', 5, 180] ~~~~~~~~~~~~~~~~~~~
     seed: 8889857440297245816
 Families: [[1], [2, 3], [4, 5, 6], [7, 8], [9, 10, 11], [12]]
  i_times: [750.0, 210.0, 30.0, 390.0]
Fam slots: [[2, 7], [3, 4, 6], [5, 6], [2, 5, 7]]
Ear_dates: [0, 360.0, 1260.0, 540.0, 720.0, 1080.0, 900.0, 1080.0, 360.0, 900.0, 1260.0, 0]
Due_dates: [1440, 540.0, 1440.0, 720.0, 900.0, 1260.0, 1080.0, 1260.0, 540.0, 1080.0, 1440.0, 1440]
Monitor_t: [60.0, 2.02, 2.02, 0.68, 0.68, 0.68, 1.68, 1.68, 3.58, 3.58, 3.58, 0.0]
~~~~~~~~~~~~~~~~~~~ Comparing the results ~~~~~~~~~~~~~~~~~~~
***** lp_Variables: 3742
***** lp_Constraints: 6497
***** lp_objective: 0.0
     Drone (1):
          12         | 11         | 12         | 3         
s_times   0.0        | 1260.0     | 1270.84    | 1274.2    
c_times   1252.2     | 1263.58    | 1270.84    | 1276.22   
travels   7.8        | 7.26       | 3.36       | 0.0       
charges   180.0      | 168.62     | 161.36     | 155.98    
~~~~~~~~~~~~~~~~~~~~~~~~~~~~~~~~~~~~~~~~~~
     Drone (2):
          12         | 2          | 12         | 5         
s_times   0.0        | 522.18     | 526.3      | 869.32    
c_times   518.82     | 524.2      | 867.14     | 870.0     
travels   3.36       | 2.1        | 2.18       | 0.0       
charges   180.0      | 174.62     | 172.52     | 169.66    
~~~~~~~~~~~~~~~~~~~~~~~~~~~~~~~~~~~~~~~~~~
     Drone (3):
          12         | 7          | 12         | 8         
s_times   0.0        | 1048.32    | 1055.36    | 1080.0    
c_times   1044.39    | 1050.0     | 1076.07    | 1081.68   
travels   3.93       | 5.36       | 3.93       | 0.0       
charges   180.0      | 174.39     | 169.03     | 163.42    
~~~~~~~~~~~~~~~~~~~~~~~~~~~~~~~~~~~~~~~~~~
     Drone (4):
          12         | 9          | 12         | 4         
s_times   0.0        | 506.42     | 517.26     | 658.64    
c_times   498.62     | 510.0      | 656.46     | 659.32    
travels   7.8        | 7.26       | 2.18       | 0.0       
charges   180.0      | 168.62     | 161.36     | 158.5     
~~~~~~~~~~~~~~~~~~~~~~~~~~~~~~~~~~~~~~~~~~
     Drone (5):
          12         | 10         | 12         | 6         
s_times   0.0        | 900.0      | 910.84     | 1080.0    
c_times   892.2      | 903.58     | 1077.82    | 1080.68   
travels   7.8        | 7.26       | 2.18       | 0.0       
charges   180.0      | 168.62     | 161.36     | 158.5     
~~~~~~~~~~~~~~~~~~~~~~~~~~~~~~~~~~~~~~~~~~
***** nlp_Variables: 542
***** nlp_Constraints: 137
***** nlp_objective: 0.0
     Drone (1):
          12         | 2          | 12         | 9         
s_times   0.0        | 513.6      | 517.72     | 525.52    
c_times   510.24     | 515.62     | 517.72     | 529.1     
travels   3.36       | 2.1        | 7.8        | 0.0       
charges   180.0      | 174.62     | 172.52     | 161.14    
~~~~~~~~~~~~~~~~~~~~~~~~~~~~~~~~~~~~~~~~~~
     Drone (2):
          12         | 10         | 1          | 7         
s_times   0.0        | 919.1      | 956.31     | 1048.32   
c_times   911.3      | 922.68     | 1016.31    | 1050.0    
travels   7.8        | 33.63      | 32.01      | 0.0       
charges   180.0      | 168.62     | 180.0      | 146.31    
~~~~~~~~~~~~~~~~~~~~~~~~~~~~~~~~~~~~~~~~~~
     Drone (3):
          12         | 4          | 12         | 5         
s_times   0.0        | 664.46     | 667.06     | 875.14    
c_times   662.28     | 665.14     | 872.96     | 875.82    
travels   2.18       | 1.92       | 2.18       | 0.0       
charges   180.0      | 177.14     | 175.22     | 172.36    
~~~~~~~~~~~~~~~~~~~~~~~~~~~~~~~~~~~~~~~~~~
     Drone (4):
          12         | 1          | 3          | 11        
s_times   0.0        | 1177.68    | 1265.62    | 1277.04   
c_times   1146.66    | 1237.68    | 1267.64    | 1280.62   
travels   31.02      | 27.94      | 9.4        | 0.0       
charges   180.0      | 180.0      | 150.04     | 137.06    
~~~~~~~~~~~~~~~~~~~~~~~~~~~~~~~~~~~~~~~~~~
     Drone (5):
          12         | 1          | 8          | 6         
s_times   0.0        | 987.99     | 1080.0     | 1085.82   
c_times   956.97     | 1047.99    | 1081.68    | 1086.5    
travels   31.02      | 32.01      | 4.14       | 0.0       
charges   180.0      | 180.0      | 146.31     | 141.49    
~~~~~~~~~~~~~~~~~~~~~~~~~~~~~~~~~~~~~~~~~~
