~~~~~~~~~~~~~~~~~~~ [3, 'SB', 5, 180] ~~~~~~~~~~~~~~~~~~~
     seed: 6513711800869491556
 Families: [[1], [2, 3], [4, 5, 6], [7, 8], [9, 10, 11], [12]]
  i_times: [390.0, 750.0, 570.0, 210.0]
Fam slots: [[0, 3], [1, 2, 7], [1, 5], [1, 2, 4]]
Ear_dates: [0, 0.0, 540.0, 180.0, 360.0, 1260.0, 180.0, 900.0, 180.0, 360.0, 720.0, 0]
Due_dates: [1440, 180.0, 720.0, 360.0, 540.0, 1440.0, 360.0, 1080.0, 360.0, 540.0, 900.0, 1440]
Monitor_t: [60.0, 2.02, 2.02, 0.68, 0.68, 0.68, 1.68, 1.68, 3.58, 3.58, 3.58, 0.0]
~~~~~~~~~~~~~~~~~~~ Comparing the results ~~~~~~~~~~~~~~~~~~~
***** lp_Variables: 3742
***** lp_Constraints: 6798
***** lp_objective: 0.0
     Drone (1):
          12         | 7          | 4          | 12         | 11        
s_times   0.0        | 353.5      | 359.32     | 361.92     | 732.71    
c_times   349.57     | 355.18     | 360.0      | 724.91     | 736.29    
travels   3.93       | 4.14       | 1.92       | 7.8        | 0.0       
charges   180.0      | 174.39     | 169.57     | 167.65     | 156.27    
~~~~~~~~~~~~~~~~~~~~~~~~~~~~~~~~~~~~~~~~~~
     Drone (2):
          12         | 2          | 12         | 5          | 10        
s_times   0.0        | 177.98     | 182.1      | 509.32     | 519.13    
c_times   174.62     | 180.0      | 507.14     | 510.0      | 522.71    
travels   3.36       | 2.1        | 2.18       | 9.13       | 0.0       
charges   180.0      | 174.62     | 172.52     | 169.66     | 156.95    
~~~~~~~~~~~~~~~~~~~~~~~~~~~~~~~~~~~~~~~~~~
     Drone (3):
          12         | 1          | 9          | 12         | 3         
s_times   0.0        | 266.08     | 356.42     | 367.26     | 570.0     
c_times   235.06     | 326.08     | 360.0      | 566.64     | 572.02    
travels   31.02      | 30.34      | 7.26       | 3.36       | 0.0       
charges   180.0      | 180.0      | 146.08     | 138.82     | 133.44    
~~~~~~~~~~~~~~~~~~~~~~~~~~~~~~~~~~~~~~~~~~
     Drone (4):
          12         | 8          | 12         | 6          | 1         
s_times   0.0        | 925.18     | 932.22     | 1260.0     | 1293.43   
c_times   921.25     | 926.86     | 1257.82    | 1260.68    | 1353.43   
travels   3.93       | 5.36       | 2.18       | 32.75      | 0.0       
charges   180.0      | 174.39     | 169.03     | 166.17     | 180.0     
~~~~~~~~~~~~~~~~~~~~~~~~~~~~~~~~~~~~~~~~~~
***** nlp_Variables: 542
***** nlp_Constraints: 138
***** nlp_objective: 0.0
     Drone (1):
          12         | 2          | 12         | 12         | 7         
s_times   0.0        | 147.98     | 152.1      | 152.1      | 328.32    
c_times   144.62     | 150.0      | 152.1      | 324.39     | 330.0     
travels   3.36       | 2.1        | 0.0        | 3.93       | 0.0       
charges   180.0      | 174.62     | 172.52     | 172.52     | 166.91    
~~~~~~~~~~~~~~~~~~~~~~~~~~~~~~~~~~~~~~~~~~
     Drone (2):
          12         | 4          | 9          | 12         | 3         
s_times   0.0        | 346.61     | 356.42     | 367.26     | 540.0     
c_times   344.43     | 347.29     | 360.0      | 536.64     | 542.02    
travels   2.18       | 9.13       | 7.26       | 3.36       | 0.0       
charges   180.0      | 177.14     | 164.43     | 157.17     | 151.79    
~~~~~~~~~~~~~~~~~~~~~~~~~~~~~~~~~~~~~~~~~~
     Drone (3):
          12         | 12         | 8          | 12         | 6         
s_times   0.0        | 896.07     | 900.0      | 907.04     | 1269.22   
c_times   896.07     | 896.07     | 901.68     | 1267.04    | 1269.9    
travels   0.0        | 3.93       | 5.36       | 2.18       | 0.0       
charges   180.0      | 180.0      | 174.39     | 169.03     | 166.17    
~~~~~~~~~~~~~~~~~~~~~~~~~~~~~~~~~~~~~~~~~~
     Drone (4):
          12         | 10         | 5          | 12         | 11        
s_times   0.0        | 506.42     | 518.54     | 521.14     | 720.0     
c_times   498.62     | 510.0      | 519.22     | 712.2      | 723.58    
travels   7.8        | 8.54       | 1.92       | 7.8        | 0.0       
charges   180.0      | 168.62     | 159.4      | 157.48     | 146.1     
~~~~~~~~~~~~~~~~~~~~~~~~~~~~~~~~~~~~~~~~~~
