~~~~~~~~~~~~~~~~~~~ [3, 'SB', 5, 180] ~~~~~~~~~~~~~~~~~~~
     seed: 812696030802675257
 Families: [[1], [2, 3], [4, 5, 6], [7, 8], [9, 10, 11], [12]]
  i_times: [30.0, 30.0, 570.0, 210.0]
Fam slots: [[0, 1], [2, 3, 4], [3, 7], [2, 3, 5]]
Ear_dates: [0, 0.0, 180.0, 360.0, 540.0, 720.0, 540.0, 1260.0, 360.0, 540.0, 900.0, 0]
Due_dates: [1440, 180.0, 360.0, 540.0, 720.0, 900.0, 720.0, 1440.0, 540.0, 720.0, 1080.0, 1440]
Monitor_t: [60.0, 2.02, 2.02, 0.68, 0.68, 0.68, 1.68, 1.68, 3.58, 3.58, 3.58, 0.0]
~~~~~~~~~~~~~~~~~~~ Comparing the results ~~~~~~~~~~~~~~~~~~~
***** lp_Variables: 3742
***** lp_Constraints: 6497
***** lp_objective: 119.31999998796799
     Drone (1):
          12         | 1          | 11         | 12        
s_times   0.0        | 690.34     | 780.68     | 791.52    
c_times   659.32     | 750.34     | 784.26     | 791.52    
travels   31.02      | 30.34      | 7.26       | 0.0       
charges   180.0      | 180.0      | 146.08     | 138.82    
~~~~~~~~~~~~~~~~~~~~~~~~~~~~~~~~~~~~~~~~~~
     Drone (2):
          12         | 10         | 7          | 6         
s_times   0.0        | 580.35     | 594.86     | 600.68    
c_times   572.55     | 583.93     | 596.54     | 601.36    
travels   7.8        | 10.93      | 4.14       | 0.0       
charges   180.0      | 168.62     | 156.01     | 151.19    
~~~~~~~~~~~~~~~~~~~~~~~~~~~~~~~~~~~~~~~~~~
     Drone (3):
          12         | 9          | 4          | 12        
s_times   0.0        | 527.2      | 539.32     | 541.92    
c_times   519.4      | 530.78     | 540.0      | 541.92    
travels   7.8        | 8.54       | 1.92       | 0.0       
charges   180.0      | 168.62     | 159.4      | 157.48    
~~~~~~~~~~~~~~~~~~~~~~~~~~~~~~~~~~~~~~~~~~
     Drone (4):
          12         | 2          | 12         | 8         
s_times   0.0        | 28.66      | 32.78      | 1153.93   
c_times   25.3       | 30.68      | 1150.0     | 1155.61   
travels   3.36       | 2.1        | 3.93       | 0.0       
charges   180.0      | 174.62     | 172.52     | 166.91    
~~~~~~~~~~~~~~~~~~~~~~~~~~~~~~~~~~~~~~~~~~
     Drone (5):
          12         | 3          | 12         | 5         
s_times   0.0        | 60.68      | 64.8       | 570.0     
c_times   57.32      | 62.7       | 567.82     | 570.68    
travels   3.36       | 2.1        | 2.18       | 0.0       
charges   180.0      | 174.62     | 172.52     | 169.66    
~~~~~~~~~~~~~~~~~~~~~~~~~~~~~~~~~~~~~~~~~~
***** nlp_Variables: 542
***** nlp_Constraints: 137
***** nlp_objective: 119.31999998797006
     Drone (1):
          12         | 2          | 12         | 3         
s_times   0.0        | 34.38      | 38.5       | 66.4      
c_times   31.02      | 36.4       | 63.04      | 68.42     
travels   3.36       | 2.1        | 3.36       | 0.0       
charges   180.0      | 174.62     | 172.52     | 167.14    
~~~~~~~~~~~~~~~~~~~~~~~~~~~~~~~~~~~~~~~~~~
     Drone (2):
          12         | 6          | 12         | 8         
s_times   0.0        | 600.68     | 603.28     | 1268.0    
c_times   598.5      | 601.36     | 1264.07    | 1269.68   
travels   2.18       | 1.92       | 3.93       | 0.0       
charges   180.0      | 177.14     | 175.22     | 169.61    
~~~~~~~~~~~~~~~~~~~~~~~~~~~~~~~~~~~~~~~~~~
     Drone (3):
          12         | 4          | 12         | 11        
s_times   0.0        | 539.32     | 541.92     | 780.68    
c_times   537.14     | 540.0      | 772.88     | 784.26    
travels   2.18       | 1.92       | 7.8        | 0.0       
charges   180.0      | 177.14     | 175.22     | 163.84    
~~~~~~~~~~~~~~~~~~~~~~~~~~~~~~~~~~~~~~~~~~
     Drone (4):
          12         | 10         | 1          | 7         
s_times   0.0        | 567.1      | 604.31     | 696.32    
c_times   559.3      | 570.68     | 664.31     | 698.0     
travels   7.8        | 33.63      | 32.01      | 0.0       
charges   180.0      | 168.62     | 180.0      | 146.31    
~~~~~~~~~~~~~~~~~~~~~~~~~~~~~~~~~~~~~~~~~~
     Drone (5):
          12         | 9          | 1          | 5         
s_times   0.0        | 440.18     | 477.39     | 570.0     
c_times   432.38     | 443.76     | 537.39     | 570.68    
travels   7.8        | 33.63      | 32.61      | 0.0       
charges   180.0      | 168.62     | 180.0      | 146.71    
~~~~~~~~~~~~~~~~~~~~~~~~~~~~~~~~~~~~~~~~~~
