~~~~~~~~~~~~~~~~~~~ [3, 'SB', 5, 180] ~~~~~~~~~~~~~~~~~~~
     seed: 7398268232918813430
 Families: [[1], [2, 3], [4, 5, 6], [7, 8], [9, 10, 11], [12]]
  i_times: [210.0, 390.0, 390.0, 570.0]
Fam slots: [[0, 2], [0, 2, 5], [4, 7], [0, 3, 7]]
Ear_dates: [0, 0.0, 360.0, 0.0, 360.0, 900.0, 720.0, 1260.0, 0.0, 540.0, 1260.0, 0]
Due_dates: [1440, 180.0, 540.0, 180.0, 540.0, 1080.0, 900.0, 1440.0, 180.0, 720.0, 1440.0, 1440]
Monitor_t: [60.0, 2.02, 2.02, 0.68, 0.68, 0.68, 1.68, 1.68, 3.58, 3.58, 3.58, 0.0]
~~~~~~~~~~~~~~~~~~~ Comparing the results ~~~~~~~~~~~~~~~~~~~
***** lp_Variables: 3742
***** lp_Constraints: 6798
***** lp_objective: 0.0
     Drone (1):
          12         | 2          | 9          | 12         | 3         
s_times   0.0        | 147.98     | 159.4      | 170.24     | 360.0     
c_times   144.62     | 150.0      | 162.98     | 356.64     | 362.02    
travels   3.36       | 9.4        | 7.26       | 3.36       | 0.0       
charges   180.0      | 174.62     | 161.64     | 154.38     | 149.0     
~~~~~~~~~~~~~~~~~~~~~~~~~~~~~~~~~~~~~~~~~~
     Drone (2):
          12         | 6          | 12         | 8          | 11        
s_times   0.0        | 900.0      | 902.6      | 1260.0     | 1274.77   
c_times   897.82     | 900.68     | 1256.07    | 1261.68    | 1278.35   
travels   2.18       | 1.92       | 3.93       | 13.09      | 0.0       
charges   180.0      | 177.14     | 175.22     | 169.61     | 152.94    
~~~~~~~~~~~~~~~~~~~~~~~~~~~~~~~~~~~~~~~~~~
     Drone (3):
          12         | 10         | 12         | 12         | 7         
s_times   0.0        | 701.19     | 712.03     | 712.03     | 868.32    
c_times   693.39     | 704.77     | 712.03     | 864.39     | 870.0     
travels   7.8        | 7.26       | 0.0        | 3.93       | 0.0       
charges   180.0      | 168.62     | 161.36     | 161.36     | 155.75    
~~~~~~~~~~~~~~~~~~~~~~~~~~~~~~~~~~~~~~~~~~
     Drone (4):
          12         | 12         | 4          | 12         | 5         
s_times   0.0        | 0.0        | 118.64     | 121.24     | 509.32    
c_times   0.0        | 116.46     | 119.32     | 507.14     | 510.0     
travels   0.0        | 2.18       | 1.92       | 2.18       | 0.0       
charges   180.0      | 180.0      | 177.14     | 175.22     | 172.36    
~~~~~~~~~~~~~~~~~~~~~~~~~~~~~~~~~~~~~~~~~~
***** nlp_Variables: 542
***** nlp_Constraints: 138
***** nlp_objective: 0.0
     Drone (1):
          12         | 12         | 5          | 12         | 10        
s_times   0.0        | 31.02      | 509.32     | 511.92     | 701.19    
c_times   31.02      | 507.14     | 510.0      | 693.39     | 704.77    
travels   0.0        | 2.18       | 1.92       | 7.8        | 0.0       
charges   180.0      | 180.0      | 177.14     | 175.22     | 163.84    
~~~~~~~~~~~~~~~~~~~~~~~~~~~~~~~~~~~~~~~~~~
     Drone (2):
          12         | 4          | 2          | 12         | 7         
s_times   0.0        | 172.45     | 177.98     | 182.1      | 868.32    
c_times   170.27     | 173.13     | 180.0      | 864.39     | 870.0     
travels   2.18       | 4.85       | 2.1        | 3.93       | 0.0       
charges   180.0      | 177.14     | 170.27     | 168.17     | 162.56    
~~~~~~~~~~~~~~~~~~~~~~~~~~~~~~~~~~~~~~~~~~
     Drone (3):
          12         | 9          | 12         | 6          | 12        
s_times   0.0        | 127.61     | 138.45     | 900.0      | 902.6     
c_times   119.81     | 131.19     | 897.82     | 900.68     | 902.6     
travels   7.8        | 7.26       | 2.18       | 1.92       | 0.0       
charges   180.0      | 168.62     | 161.36     | 158.5      | 156.58    
~~~~~~~~~~~~~~~~~~~~~~~~~~~~~~~~~~~~~~~~~~
     Drone (4):
          12         | 3          | 12         | 8          | 11        
s_times   0.0        | 390.0      | 394.12     | 1260.0     | 1274.77   
c_times   386.64     | 392.02     | 1256.07    | 1261.68    | 1278.35   
travels   3.36       | 2.1        | 3.93       | 13.09      | 0.0       
charges   180.0      | 174.62     | 172.52     | 166.91     | 150.24    
~~~~~~~~~~~~~~~~~~~~~~~~~~~~~~~~~~~~~~~~~~
