~~~~~~~~~~~~~~~~~~~ [3, 'SB', 5, 180] ~~~~~~~~~~~~~~~~~~~
     seed: 6384446502498083540
 Families: [[1], [2, 3], [4, 5, 6], [7, 8], [9, 10, 11], [12]]
  i_times: [390.0, 570.0, 30.0, 30.0]
Fam slots: [[2, 5], [1, 2, 6], [5, 6], [3, 4, 5]]
Ear_dates: [0, 360.0, 900.0, 180.0, 360.0, 1080.0, 900.0, 1080.0, 540.0, 720.0, 900.0, 0]
Due_dates: [1440, 540.0, 1080.0, 360.0, 540.0, 1260.0, 1080.0, 1260.0, 720.0, 900.0, 1080.0, 1440]
Monitor_t: [60.0, 2.02, 2.02, 0.68, 0.68, 0.68, 1.68, 1.68, 3.58, 3.58, 3.58, 0.0]
~~~~~~~~~~~~~~~~~~~ Comparing the results ~~~~~~~~~~~~~~~~~~~
***** lp_Variables: 3742
***** lp_Constraints: 6798
***** lp_objective: 116.41999998824122
     Drone (1):
          12         | 5          | 2          | 12         | 10        
s_times   0.0        | 399.28     | 404.81     | 408.93     | 750.0     
c_times   397.1      | 399.96     | 406.83     | 742.2      | 753.58    
travels   2.18       | 4.85       | 2.1        | 7.8        | 0.0       
charges   180.0      | 177.14     | 170.27     | 168.17     | 156.79    
~~~~~~~~~~~~~~~~~~~~~~~~~~~~~~~~~~~~~~~~~~
     Drone (2):
          12         | 3          | 12         | 6          | 8         
s_times   0.0        | 783.58     | 787.7      | 963.58     | 967.41    
c_times   780.22     | 785.6      | 961.4      | 964.26     | 969.09    
travels   3.36       | 2.1        | 2.18       | 3.15       | 0.0       
charges   180.0      | 174.62     | 172.52     | 169.66     | 164.83    
~~~~~~~~~~~~~~~~~~~~~~~~~~~~~~~~~~~~~~~~~~
     Drone (3):
          12         | 9          | 12         | 11         | 1         
s_times   0.0        | 716.42     | 727.26     | 783.58     | 820.79    
c_times   708.62     | 720.0      | 775.78     | 787.16     | 880.79    
travels   7.8        | 7.26       | 7.8        | 33.63      | 0.0       
charges   180.0      | 168.62     | 161.36     | 149.98     | 180.0     
~~~~~~~~~~~~~~~~~~~~~~~~~~~~~~~~~~~~~~~~~~
     Drone (4):
          12         | 4          | 12         | 7          | 1         
s_times   0.0        | 63.58      | 66.18      | 935.73     | 968.91    
c_times   61.4       | 64.26      | 931.8      | 937.41     | 1028.91   
travels   2.18       | 1.92       | 3.93       | 31.5       | 0.0       
charges   180.0      | 177.14     | 175.22     | 169.61     | 180.0     
~~~~~~~~~~~~~~~~~~~~~~~~~~~~~~~~~~~~~~~~~~
***** nlp_Variables: 542
***** nlp_Constraints: 138
***** nlp_objective: 116.41999998826114
     Drone (1):
          12         | 2          | 5          | 12         | 9         
s_times   0.0        | 392.31     | 397.04     | 399.64     | 716.42    
c_times   388.95     | 394.33     | 397.72     | 708.62     | 720.0     
travels   3.36       | 2.71       | 1.92       | 7.8        | 0.0       
charges   180.0      | 174.62     | 171.23     | 169.31     | 157.93    
~~~~~~~~~~~~~~~~~~~~~~~~~~~~~~~~~~~~~~~~~~
     Drone (2):
          12         | 12         | 11         | 12         | 8         
s_times   0.0        | 31.02      | 783.58     | 794.42     | 963.58    
c_times   31.02      | 775.78     | 787.16     | 959.65     | 965.26    
travels   0.0        | 7.8        | 7.26       | 3.93       | 0.0       
charges   180.0      | 180.0      | 168.62     | 161.36     | 155.75    
~~~~~~~~~~~~~~~~~~~~~~~~~~~~~~~~~~~~~~~~~~
     Drone (3):
          12         | 4          | 1          | 12         | 10        
s_times   0.0        | 63.58      | 97.01      | 188.03     | 750.0     
c_times   61.4       | 64.26      | 157.01     | 742.2      | 753.58    
travels   2.18       | 32.75      | 31.02      | 7.8        | 0.0       
charges   180.0      | 177.14     | 180.0      | 148.98     | 137.6     
~~~~~~~~~~~~~~~~~~~~~~~~~~~~~~~~~~~~~~~~~~
     Drone (4):
          12         | 3          | 12         | 7          | 6         
s_times   0.0        | 783.58     | 787.7      | 957.76     | 963.58    
c_times   780.22     | 785.6      | 953.83     | 959.44     | 964.26    
travels   3.36       | 2.1        | 3.93       | 4.14       | 0.0       
charges   180.0      | 174.62     | 172.52     | 166.91     | 162.09    
~~~~~~~~~~~~~~~~~~~~~~~~~~~~~~~~~~~~~~~~~~
