~~~~~~~~~~~~~~~~~~~ [3, 'SB', 5, 180] ~~~~~~~~~~~~~~~~~~~
     seed: 7596566493980115587
 Families: [[1], [2, 3], [4, 5, 6], [7, 8], [9, 10, 11], [12]]
  i_times: [750.0, 210.0, 390.0, 390.0]
Fam slots: [[1, 6], [1, 3, 4], [0, 3], [0, 1, 4]]
Ear_dates: [0, 180.0, 1080.0, 180.0, 540.0, 720.0, 0.0, 540.0, 0.0, 180.0, 720.0, 0]
Due_dates: [1440, 360.0, 1260.0, 360.0, 720.0, 900.0, 180.0, 720.0, 180.0, 360.0, 900.0, 1440]
Monitor_t: [60.0, 2.02, 2.02, 0.68, 0.68, 0.68, 1.68, 1.68, 3.58, 3.58, 3.58, 0.0]
~~~~~~~~~~~~~~~~~~~ Comparing the results ~~~~~~~~~~~~~~~~~~~
***** lp_Variables: 3742
***** lp_Constraints: 6798
***** lp_objective: 0.0
     Drone (1):
          9          | 12         | 2          | 12         | 10        
s_times   0.0        | 41.18      | 327.98     | 332.1      | 339.9     
c_times   33.92      | 324.62     | 330.0      | 332.1      | 343.48    
travels   7.26       | 3.36       | 2.1        | 7.8        | 0.0       
charges   146.08     | 138.82     | 133.44     | 131.34     | 119.96    
~~~~~~~~~~~~~~~~~~~~~~~~~~~~~~~~~~~~~~~~~~
     Drone (2):
          12         | 5          | 12         | 12         | 8         
s_times   0.0        | 540.0      | 542.6      | 542.6      | 546.53    
c_times   537.82     | 540.68     | 542.6      | 542.6      | 548.21    
travels   2.18       | 1.92       | 0.0        | 3.93       | 0.0       
charges   180.0      | 177.14     | 175.22     | 175.22     | 169.61    
~~~~~~~~~~~~~~~~~~~~~~~~~~~~~~~~~~~~~~~~~~
     Drone (3):
          12         | 12         | 7          | 12         | 3         
s_times   0.0        | 0.0        | 154.85     | 161.89     | 1080.0    
c_times   0.0        | 150.92     | 156.53     | 1076.64    | 1082.02   
travels   0.0        | 3.93       | 5.36       | 3.36       | 0.0       
charges   180.0      | 180.0      | 174.39     | 169.03     | 163.65    
~~~~~~~~~~~~~~~~~~~~~~~~~~~~~~~~~~~~~~~~~~
     Drone (4):
          12         | 4          | 12         | 11         | 6         
s_times   0.0        | 329.32     | 331.92     | 733.48     | 745.6     
c_times   327.14     | 330.0      | 725.68     | 737.06     | 746.28    
travels   2.18       | 1.92       | 7.8        | 8.54       | 0.0       
charges   180.0      | 177.14     | 175.22     | 163.84     | 154.62    
~~~~~~~~~~~~~~~~~~~~~~~~~~~~~~~~~~~~~~~~~~
***** nlp_Variables: 542
***** nlp_Constraints: 138
***** nlp_objective: 0.0
     Drone (1):
          12         | 7          | 9          | 12         | 10        
s_times   0.0        | 152.15     | 166.92     | 177.76     | 336.23    
c_times   148.22     | 153.83     | 170.5      | 328.43     | 339.81    
travels   3.93       | 13.09      | 7.26       | 7.8        | 0.0       
charges   180.0      | 174.39     | 157.72     | 150.46     | 139.08    
~~~~~~~~~~~~~~~~~~~~~~~~~~~~~~~~~~~~~~~~~~
     Drone (2):
          12         | 12         | 12         | 6          | 11        
s_times   0.0        | 31.02      | 31.02      | 720.0      | 729.81    
c_times   31.02      | 31.02      | 717.82     | 720.68     | 733.39    
travels   0.0        | 0.0        | 2.18       | 9.13       | 0.0       
charges   180.0      | 180.0      | 180.0      | 177.14     | 164.43    
~~~~~~~~~~~~~~~~~~~~~~~~~~~~~~~~~~~~~~~~~~
     Drone (3):
          12         | 4          | 2          | 12         | 3         
s_times   0.0        | 329.32     | 334.85     | 338.97     | 1086.87   
c_times   327.14     | 330.0      | 336.87     | 1083.51    | 1088.89   
travels   2.18       | 4.85       | 2.1        | 3.36       | 0.0       
charges   180.0      | 177.14     | 170.27     | 168.17     | 162.79    
~~~~~~~~~~~~~~~~~~~~~~~~~~~~~~~~~~~~~~~~~~
     Drone (4):
          12         | 12         | 12         | 5          | 8         
s_times   0.0        | 31.02      | 31.02      | 540.0      | 543.83    
c_times   31.02      | 31.02      | 537.82     | 540.68     | 545.51    
travels   0.0        | 0.0        | 2.18       | 3.15       | 0.0       
charges   180.0      | 180.0      | 180.0      | 177.14     | 172.31    
~~~~~~~~~~~~~~~~~~~~~~~~~~~~~~~~~~~~~~~~~~
