~~~~~~~~~~~~~~~~~~~ [3, 'SB', 5, 180] ~~~~~~~~~~~~~~~~~~~
     seed: 3287070230468569074
 Families: [[1], [2, 3], [4, 5, 6], [7, 8], [9, 10, 11], [12]]
  i_times: [210.0, 390.0, 390.0, 390.0]
Fam slots: [[5, 7], [0, 3, 5], [0, 3], [2, 5, 6]]
Ear_dates: [0, 900.0, 1260.0, 0.0, 540.0, 900.0, 0.0, 540.0, 360.0, 900.0, 1080.0, 0]
Due_dates: [1440, 1080.0, 1440.0, 180.0, 720.0, 1080.0, 180.0, 720.0, 540.0, 1080.0, 1260.0, 1440]
Monitor_t: [60.0, 2.02, 2.02, 0.68, 0.68, 0.68, 1.68, 1.68, 3.58, 3.58, 3.58, 0.0]
~~~~~~~~~~~~~~~~~~~ Comparing the results ~~~~~~~~~~~~~~~~~~~
***** lp_Variables: 3742
***** lp_Constraints: 6798
***** lp_objective: 0.0
     Drone (1):
          12         | 4          | 1          | 12         | 8         
s_times   0.0        | 149.32     | 182.75     | 273.77     | 570.0     
c_times   147.14     | 150.0      | 242.75     | 566.07     | 571.68    
travels   2.18       | 32.75      | 31.02      | 3.93       | 0.0       
charges   180.0      | 177.14     | 180.0      | 148.98     | 143.37    
~~~~~~~~~~~~~~~~~~~~~~~~~~~~~~~~~~~~~~~~~~
     Drone (2):
          12         | 2          | 12         | 11         | 3         
s_times   0.0        | 1077.98    | 1082.1     | 1246.75    | 1260.0    
c_times   1074.62    | 1080.0     | 1238.95    | 1250.33    | 1262.02   
travels   3.36       | 2.1        | 7.8        | 9.67       | 0.0       
charges   180.0      | 174.62     | 172.52     | 161.14     | 149.45    
~~~~~~~~~~~~~~~~~~~~~~~~~~~~~~~~~~~~~~~~~~
     Drone (3):
          12         | 9          | 12         | 6          | 10        
s_times   0.0        | 536.42     | 547.26     | 920.19     | 930.0     
c_times   528.62     | 540.0      | 918.01     | 920.87     | 933.58    
travels   7.8        | 7.26       | 2.18       | 9.13       | 0.0       
charges   180.0      | 168.62     | 161.36     | 158.5      | 145.79    
~~~~~~~~~~~~~~~~~~~~~~~~~~~~~~~~~~~~~~~~~~
     Drone (4):
          12         | 7          | 12         | 1          | 5         
s_times   0.0        | 178.32     | 185.36     | 447.39     | 540.0     
c_times   174.39     | 180.0      | 416.37     | 507.39     | 540.68    
travels   3.93       | 5.36       | 31.02      | 32.61      | 0.0       
charges   180.0      | 174.39     | 169.03     | 180.0      | 146.71    
~~~~~~~~~~~~~~~~~~~~~~~~~~~~~~~~~~~~~~~~~~
***** nlp_Variables: 542
***** nlp_Constraints: 138
***** nlp_objective: 0.0
     Drone (1):
          12         | 4          | 12         | 2          | 11        
s_times   0.0        | 179.32     | 181.92     | 1068.58    | 1080.0    
c_times   177.14     | 180.0      | 1065.22    | 1070.6     | 1083.58   
travels   2.18       | 1.92       | 3.36       | 9.4        | 0.0       
charges   180.0      | 177.14     | 175.22     | 169.84     | 156.86    
~~~~~~~~~~~~~~~~~~~~~~~~~~~~~~~~~~~~~~~~~~
     Drone (2):
          12         | 9          | 8          | 5          | 12        
s_times   0.0        | 536.42     | 550.93     | 556.75     | 559.35    
c_times   528.62     | 540.0      | 552.61     | 557.43     | 559.35    
travels   7.8        | 10.93      | 4.14       | 1.92       | 0.0       
charges   180.0      | 168.62     | 156.01     | 151.19     | 149.27    
~~~~~~~~~~~~~~~~~~~~~~~~~~~~~~~~~~~~~~~~~~
     Drone (3):
          12         | 1          | 6          | 12         | 3         
s_times   0.0        | 854.82     | 947.43     | 950.03     | 1280.6    
c_times   823.8      | 914.82     | 948.11     | 1277.24    | 1282.62   
travels   31.02      | 32.61      | 1.92       | 3.36       | 0.0       
charges   180.0      | 180.0      | 146.71     | 144.79     | 139.41    
~~~~~~~~~~~~~~~~~~~~~~~~~~~~~~~~~~~~~~~~~~
     Drone (4):
          12         | 7          | 12         | 10         | 12        
s_times   0.0        | 159.25     | 166.29     | 900.0      | 910.84    
c_times   155.32     | 160.93     | 892.2      | 903.58     | 910.84    
travels   3.93       | 5.36       | 7.8        | 7.26       | 0.0       
charges   180.0      | 174.39     | 169.03     | 157.65     | 150.39    
~~~~~~~~~~~~~~~~~~~~~~~~~~~~~~~~~~~~~~~~~~
