~~~~~~~~~~~~~~~~~~~ [3, 'SB', 5, 180] ~~~~~~~~~~~~~~~~~~~
     seed: 8518883774975163482
 Families: [[1], [2, 3], [4, 5, 6], [7, 8], [9, 10, 11], [12]]
  i_times: [30.0, 210.0, 750.0, 570.0]
Fam slots: [[6, 7], [1, 2, 4], [0, 5], [0, 4, 7]]
Ear_dates: [0, 1080.0, 1260.0, 180.0, 360.0, 720.0, 0.0, 900.0, 0.0, 720.0, 1260.0, 0]
Due_dates: [1440, 1260.0, 1440.0, 360.0, 540.0, 900.0, 180.0, 1080.0, 180.0, 900.0, 1440.0, 1440]
Monitor_t: [60.0, 2.02, 2.02, 0.68, 0.68, 0.68, 1.68, 1.68, 3.58, 3.58, 3.58, 0.0]
~~~~~~~~~~~~~~~~~~~ Comparing the results ~~~~~~~~~~~~~~~~~~~
***** lp_Variables: 2994
***** lp_Constraints: 5202
***** lp_objective: 110.1
     Drone (1):
          12         | 5          | 12         | 8         
s_times   0.0        | 509.32     | 511.92     | 900.0     
c_times   507.14     | 510.0      | 896.07     | 901.68    
travels   2.18       | 1.92       | 3.93       | 0.0       
charges   180.0      | 177.14     | 175.22     | 169.61    
~~~~~~~~~~~~~~~~~~~~~~~~~~~~~~~~~~~~~~~~~~
     Drone (2):
          12         | 7          | 9          | 4         
s_times   0.0        | 271.75     | 286.52     | 298.64    
c_times   267.82     | 273.43     | 290.1      | 299.32    
travels   3.93       | 13.09      | 8.54       | 0.0       
charges   180.0      | 174.39     | 157.72     | 148.5     
~~~~~~~~~~~~~~~~~~~~~~~~~~~~~~~~~~~~~~~~~~
     Drone (3):
          12         | 2          | 11         | 3         
s_times   0.0        | 1292.56    | 1303.98    | 1317.23   
c_times   1289.2     | 1294.58    | 1307.56    | 1319.25   
travels   3.36       | 9.4        | 9.67       | 0.0       
charges   180.0      | 174.62     | 161.64     | 149.95    
~~~~~~~~~~~~~~~~~~~~~~~~~~~~~~~~~~~~~~~~~~
     Drone (4):
          12         | 6          | 12         | 10        
s_times   0.0        | 720.0      | 722.6      | 730.4     
c_times   717.82     | 720.68     | 722.6      | 733.98    
travels   2.18       | 1.92       | 7.8        | 0.0       
charges   180.0      | 177.14     | 175.22     | 163.84    
~~~~~~~~~~~~~~~~~~~~~~~~~~~~~~~~~~~~~~~~~~
***** nlp_Variables: 434
***** nlp_Constraints: 114
***** nlp_objective: 110.09999998888827
     Drone (1):
          12         | 2          | 11         | 3         
s_times   0.0        | 1172.06    | 1183.48    | 1196.73   
c_times   1168.7     | 1174.08    | 1187.06    | 1198.75   
travels   3.36       | 9.4        | 9.67       | 0.0       
charges   180.0      | 174.62     | 161.64     | 149.95    
~~~~~~~~~~~~~~~~~~~~~~~~~~~~~~~~~~~~~~~~~~
     Drone (2):
          12         | 6          | 12         | 8         
s_times   0.0        | 609.9      | 612.5      | 913.33    
c_times   607.72     | 610.58     | 909.4      | 915.01    
travels   2.18       | 1.92       | 3.93       | 0.0       
charges   180.0      | 177.14     | 175.22     | 169.61    
~~~~~~~~~~~~~~~~~~~~~~~~~~~~~~~~~~~~~~~~~~
     Drone (3):
          12         | 5          | 12         | 10        
s_times   0.0        | 399.22     | 401.82     | 609.9     
c_times   397.04     | 399.9      | 602.1      | 613.48    
travels   2.18       | 1.92       | 7.8        | 0.0       
charges   180.0      | 177.14     | 175.22     | 163.84    
~~~~~~~~~~~~~~~~~~~~~~~~~~~~~~~~~~~~~~~~~~
     Drone (4):
          12         | 7          | 9          | 4         
s_times   0.0        | 161.65     | 176.42     | 188.54    
c_times   157.72     | 163.33     | 180.0      | 189.22    
travels   3.93       | 13.09      | 8.54       | 0.0       
charges   180.0      | 174.39     | 157.72     | 148.5     
~~~~~~~~~~~~~~~~~~~~~~~~~~~~~~~~~~~~~~~~~~
