~~~~~~~~~~~~~~~~~~~ [3, 'SB', 6, 240] ~~~~~~~~~~~~~~~~~~~
 Families: [[1], [2, 3], [4, 5, 6], [7, 8], [9, 10, 11], [12]]
Due_dates: [1440, 180.0, 360.0, 360.0, 900.0, 1260.0, 540.0, 1080.0, 360.0, 1080.0, 1260.0, 1440]
Ear_dates: [0, 0.0, 180.0, 180.0, 720.0, 1080.0, 360.0, 900.0, 180.0, 900.0, 1080.0, 0]
Monitor_t: [60.0, 2.02, 2.02, 0.68, 0.68, 0.68, 1.68, 1.68, 3.58, 3.58, 3.58, 0.0]
~~~~~~~~~~~~~~~~~~~ Comparing the results ~~~~~~~~~~~~~~~~~~~
***** lp_objective: 735.3100000000006
***** lp_Sol_time: 44.234
     Drone (1):
          7          | 2          | 12         | 1          | 3          | 8         
s_times   32.01      | 38.83      | 42.95      | 73.97      | 161.91     | 166.76    
c_times   33.69      | 40.85      | 42.95      | 133.97     | 163.93     | 168.44    
travels   5.14       | 2.1        | 31.02      | 27.94      | 2.83       | 0.0       
charges   206.31     | 199.15     | 197.05     | 240.0      | 210.04     | 205.53    
~~~~~~~~~~~~~~~~~~~~~~~~~~~~~~~~~~~~~~~~~~
     Drone (2):
          9          | 1          | 1          | 10         | 1          | 11        
s_times   30.34      | 67.55      | 127.55     | 217.89     | 255.1      | 345.44    
c_times   33.92      | 127.55     | 187.55     | 221.47     | 315.1      | 349.02    
travels   33.63      | 10000.0    | 30.34      | 33.63      | 30.34      | 0.0       
charges   206.08     | 240.0      | 240.0      | 206.08     | 240.0      | 206.08    
~~~~~~~~~~~~~~~~~~~~~~~~~~~~~~~~~~~~~~~~~~
     Drone (3):
          4          | 1          | 5          | 1          | 1          | 6         
s_times   32.61      | 66.04      | 158.65     | 192.08     | 252.08     | 344.69    
c_times   33.29      | 126.04     | 159.33     | 252.08     | 312.08     | 345.37    
travels   32.75      | 32.61      | 32.75      | 10000.0    | 32.61      | 0.0       
charges   206.71     | 240.0      | 206.71     | 240.0      | 240.0      | 206.71    
~~~~~~~~~~~~~~~~~~~~~~~~~~~~~~~~~~~~~~~~~~
***** nlp_objective: 779.63
***** nlp_Sol_time: 177.414
     Drone (1):
          9          | 1          | 5          | 1          | 8          | 11        
s_times   30.34      | 67.55      | 160.16     | 193.59     | 285.6      | 300.37    
c_times   33.92      | 127.55     | 160.84     | 253.59     | 287.28     | 303.95    
travels   33.63      | 32.61      | 32.75      | 32.01      | 13.09      | 0.0       
charges   206.08     | 240.0      | 206.71     | 240.0      | 206.31     | 189.64    
~~~~~~~~~~~~~~~~~~~~~~~~~~~~~~~~~~~~~~~~~~
     Drone (2):
          4          | 1          | 7          | 10         | 1          | 6         
s_times   32.61      | 66.04      | 158.05     | 172.82     | 210.03     | 302.64    
c_times   33.29      | 126.04     | 159.73     | 176.4      | 270.03     | 303.32    
travels   32.75      | 32.01      | 13.09      | 33.63      | 32.61      | 0.0       
charges   206.71     | 240.0      | 206.31     | 189.64     | 240.0      | 206.71    
~~~~~~~~~~~~~~~~~~~~~~~~~~~~~~~~~~~~~~~~~~
     Drone (3):
          0          | 0          | 2          | 1          | 12         | 3         
s_times   0.0        | 0.0        | 0.0        | 31.95      | 122.97     | 126.33    
c_times   0.0        | 0.0        | 2.02       | 91.95      | 122.97     | 128.35    
travels   0.0        | 3.36       | 29.93      | 31.02      | 3.36       | 0.0       
charges   240.0      | 240.0      | 237.98     | 240.0      | 208.98     | 203.6     
~~~~~~~~~~~~~~~~~~~~~~~~~~~~~~~~~~~~~~~~~~
