~~~~~~~~~~~~~~~~~~~ [3, 'SB', 6, 240] ~~~~~~~~~~~~~~~~~~~
 Families: [[1], [2, 3], [4, 5, 6], [7, 8], [9, 10, 11], [12]]
Due_dates: [1440, 180.0, 360.0, 360.0, 900.0, 1260.0, 540.0, 1080.0, 360.0, 1080.0, 1260.0, 1440]
Ear_dates: [0, 0.0, 180.0, 180.0, 720.0, 1080.0, 360.0, 900.0, 180.0, 900.0, 1080.0, 0]
Monitor_t: [60.0, 2.02, 2.02, 0.68, 0.68, 0.68, 1.68, 1.68, 3.58, 3.58, 3.58, 0.0]
~~~~~~~~~~~~~~~~~~~ Comparing the results ~~~~~~~~~~~~~~~~~~~
***** lp_objective: 779.63
***** lp_Sol_time: 159.215
     Drone (1):
          4          | 1          | 8          | 10         | 1          | 11        
s_times   32.61      | 66.04      | 158.05     | 172.82     | 210.03     | 300.37    
c_times   33.29      | 126.04     | 159.73     | 176.4      | 270.03     | 303.95    
travels   32.75      | 32.01      | 13.09      | 33.63      | 30.34      | 0.0       
charges   206.71     | 240.0      | 206.31     | 189.64     | 240.0      | 206.08    
~~~~~~~~~~~~~~~~~~~~~~~~~~~~~~~~~~~~~~~~~~
     Drone (2):
          2          | 1          | 3          | 1          | 12         | 1         
s_times   27.94      | 59.89      | 147.83     | 179.78     | 270.8      | 301.82    
c_times   29.96      | 119.89     | 149.85     | 239.78     | 270.8      | 361.82    
travels   29.93      | 27.94      | 29.93      | 31.02      | 31.02      | 0.0       
charges   210.04     | 240.0      | 210.04     | 240.0      | 208.98     | 240.0     
~~~~~~~~~~~~~~~~~~~~~~~~~~~~~~~~~~~~~~~~~~
     Drone (3):
          7          | 9          | 1          | 5          | 1          | 6         
s_times   32.01      | 46.78      | 83.99      | 176.6      | 210.03     | 302.64    
c_times   33.69      | 50.36      | 143.99     | 177.28     | 270.03     | 303.32    
travels   13.09      | 33.63      | 32.61      | 32.75      | 32.61      | 0.0       
charges   206.31     | 189.64     | 240.0      | 206.71     | 240.0      | 206.71    
~~~~~~~~~~~~~~~~~~~~~~~~~~~~~~~~~~~~~~~~~~
***** nlp_objective: 779.63
***** nlp_Sol_time: 159.146
     Drone (1):
          9          | 1          | 5          | 1          | 8          | 11        
s_times   30.34      | 67.55      | 160.16     | 193.59     | 285.6      | 300.37    
c_times   33.92      | 127.55     | 160.84     | 253.59     | 287.28     | 303.95    
travels   33.63      | 32.61      | 32.75      | 32.01      | 13.09      | 0.0       
charges   206.08     | 240.0      | 206.71     | 240.0      | 206.31     | 189.64    
~~~~~~~~~~~~~~~~~~~~~~~~~~~~~~~~~~~~~~~~~~
     Drone (2):
          4          | 1          | 7          | 10         | 1          | 6         
s_times   32.61      | 66.04      | 158.05     | 172.82     | 210.03     | 302.64    
c_times   33.29      | 126.04     | 159.73     | 176.4      | 270.03     | 303.32    
travels   32.75      | 32.01      | 13.09      | 33.63      | 32.61      | 0.0       
charges   206.71     | 240.0      | 206.31     | 189.64     | 240.0      | 206.71    
~~~~~~~~~~~~~~~~~~~~~~~~~~~~~~~~~~~~~~~~~~
     Drone (3):
          0          | 0          | 2          | 1          | 12         | 3         
s_times   0.0        | 0.0        | 0.0        | 31.95      | 122.97     | 126.33    
c_times   0.0        | 0.0        | 2.02       | 91.95      | 122.97     | 128.35    
travels   0.0        | 3.36       | 29.93      | 31.02      | 3.36       | 0.0       
charges   240.0      | 240.0      | 237.98     | 240.0      | 208.98     | 203.6     
~~~~~~~~~~~~~~~~~~~~~~~~~~~~~~~~~~~~~~~~~~
