~~~~~~~~~~~~~~~~~~~ [2, 'SB', 6, 720] ~~~~~~~~~~~~~~~~~~~
 Families: [[1], [2, 3], [4, 5, 6], [7, 8], [9, 10, 11], [12]]
Due_dates: [1440, 0.0, 180.0, 180.0, 720.0, 1080.0, 360.0, 900.0, 180.0, 900.0, 1080.0, 1440]
Ear_dates: [0, 180.0, 360.0, 360.0, 900.0, 1260.0, 540.0, 1080.0, 360.0, 1080.0, 1260.0, 0]
Monitor_t: [60.0, 2.02, 2.02, 0.68, 0.68, 0.68, 1.68, 1.68, 3.58, 3.58, 3.58, 0.0]
~~~~~~~~~~~~~~~~~~~ Comparing the results ~~~~~~~~~~~~~~~~~~~
***** lp_objective: 0
***** lp_Sol_time: 0.187
     Drone (1):
          0          | 0          | 0          | 0          | 0          | 0         
s_times   0          | 0          | 0          | 0          | 0          | 0         
c_times   0          | 0          | 0          | 0          | 0          | 0         
travels   0.0        | 0.0        | 0.0        | 0.0        | 0.0        | 0.0       
charges   0          | 0          | 0          | 0          | 0          | 0         
~~~~~~~~~~~~~~~~~~~~~~~~~~~~~~~~~~~~~~~~~~
     Drone (2):
          0          | 0          | 0          | 0          | 0          | 0         
s_times   0          | 0          | 0          | 0          | 0          | 0         
c_times   0          | 0          | 0          | 0          | 0          | 0         
travels   0.0        | 0.0        | 0.0        | 0.0        | 0.0        | 0.0       
charges   0          | 0          | 0          | 0          | 0          | 0         
~~~~~~~~~~~~~~~~~~~~~~~~~~~~~~~~~~~~~~~~~~
***** nlp_objective: 0
***** nlp_Sol_time: 0.193
     Drone (1):
          0          | 0          | 0          | 0          | 0          | 0         
s_times   0          | 0          | 0          | 0          | 0          | 0         
c_times   0          | 0          | 0          | 0          | 0          | 0         
travels   0.0        | 0.0        | 0.0        | 0.0        | 0.0        | 0.0       
charges   0          | 0          | 0          | 0          | 0          | 0         
~~~~~~~~~~~~~~~~~~~~~~~~~~~~~~~~~~~~~~~~~~
     Drone (2):
          0          | 0          | 0          | 0          | 0          | 0         
s_times   0          | 0          | 0          | 0          | 0          | 0         
c_times   0          | 0          | 0          | 0          | 0          | 0         
travels   0.0        | 0.0        | 0.0        | 0.0        | 0.0        | 0.0       
charges   0          | 0          | 0          | 0          | 0          | 0         
~~~~~~~~~~~~~~~~~~~~~~~~~~~~~~~~~~~~~~~~~~
