~~~~~~~~~~~~~~~~~~~ [5, 'LA', 8, 720, 600] ~~~~~~~~~~~~~~~~~~~
 Families: [[1], [2, 3, 4, 5, 6], [7, 8, 9, 10], [11, 12, 13, 14, 15], [16, 17, 18, 19], [20, 21, 22, 23, 24], [25, 26, 27, 28], [29, 30, 31, 32], [33, 34, 35, 36], [37]]
Due_dates: [1440, 288.0, 576.0, 864.0, 1152.0, 1440.0, 360.0, 720.0, 1080.0, 1440.0, 288.0, 576.0, 864.0, 1152.0, 1440.0, 360.0, 720.0, 1080.0, 1440.0, 288.0, 576.0, 864.0, 1152.0, 1440.0, 360.0, 720.0, 1080.0, 1440.0, 360.0, 720.0, 1080.0, 1440.0, 360.0, 720.0, 1080.0, 1440.0, 1440]
Ear_dates: [0, 28.8, 57.6, 86.4, 115.2, 144.0, 36.0, 72.0, 108.0, 144.0, 28.8, 57.6, 86.4, 115.2, 144.0, 36.0, 72.0, 108.0, 144.0, 28.8, 57.6, 86.4, 115.2, 144.0, 36.0, 72.0, 108.0, 144.0, 36.0, 72.0, 108.0, 144.0, 36.0, 72.0, 108.0, 144.0, 0]
Monitor_t: [60.0, 2.05, 2.05, 2.05, 2.05, 2.05, 2.54, 2.54, 2.54, 2.54, 7.51, 7.51, 7.51, 7.51, 7.51, 3.93, 3.93, 3.93, 3.93, 3.33, 3.33, 3.33, 3.33, 3.33, 1.97, 1.97, 1.97, 1.97, 3.72, 3.72, 3.72, 3.72, 4.6, 4.6, 4.6, 4.6, 0.0]
~~~~~~~~~~~~~~~~~~~ Comparing the results ~~~~~~~~~~~~~~~~~~~
***** lp_objective: 28.8
***** lp_Sol_time: 3089.76
     Drone (1):
          20         | 25         | 21         | 30         | 13         | 6          | 36         | 10        
s_times   0.0        | 86.364     | 110.5942   | 141.6266   | 192.0924   | 234.18     | 258.0015   | 284.5945  
c_times   63.7534    | 88.3387    | 113.9194   | 145.3486   | 199.6057   | 236.227    | 262.6016   | 287.137   
charges   656.2466   | 631.6613   | 606.0806   | 574.6514   | 520.3943   | 483.773    | 457.3984   | 432.863   
~~~~~~~~~~~~~~~~~~~~~~~~~~~~~~~~~~~~~~~~~~
     Drone (2):
          11         | 29         | 27         | 4          | 34         | 23         | 9          | 32        
s_times   0.0        | 128.8662   | 147.3472   | 151.4373   | 175.2588   | 210.7319   | 227.1987   | 244.3769  
c_times   80.9108    | 132.5882   | 149.3219   | 153.4843   | 179.859    | 214.0571   | 229.7412   | 248.0989  
charges   639.0892   | 587.4118   | 570.6781   | 566.5157   | 540.141    | 505.9429   | 490.2588   | 471.9011  
~~~~~~~~~~~~~~~~~~~~~~~~~~~~~~~~~~~~~~~~~~
     Drone (3):
          2          | 7          | 16         | 3          | 12         | 22         | 18         | 35        
s_times   0.0        | 59.1512    | 77.0803    | 103.7415   | 136.1481   | 181.0144   | 188.1631   | 232.2967  
c_times   46.9308    | 61.6937    | 81.0151    | 105.7884   | 143.6613   | 184.3396   | 192.0979   | 236.8968  
charges   673.0692   | 658.3063   | 638.9849   | 614.2116   | 576.3387   | 535.6604   | 527.9021   | 483.1032  
~~~~~~~~~~~~~~~~~~~~~~~~~~~~~~~~~~~~~~~~~~
     Drone (4):
          0          | 1          | 33         | 26         | 17         | 31         | 5          | 19        
s_times   0.0        | 0.0        | 88.8064    | 114.4971   | 140.0149   | 176.2526   | 197.066    | 222.3316  
c_times   0.0        | 60.0       | 93.4065    | 116.4718   | 143.9497   | 179.9746   | 199.113    | 226.2664  
charges   720.0      | 720.0      | 686.5935   | 663.5282   | 636.0503   | 600.0254   | 580.887    | 553.7336  
~~~~~~~~~~~~~~~~~~~~~~~~~~~~~~~~~~~~~~~~~~
     Drone (5):
          0          | 1          | 8          | 1          | 14         | 24         | 28         | 15        
s_times   0.0        | 0.0        | 109.6628   | 161.4284   | 294.8259   | 339.6923   | 365.6281   | 398.8479  
c_times   0.0        | 60.0       | 112.2053   | 221.4284   | 302.3392   | 343.0174   | 367.6028   | 406.3612  
charges   720.0      | 720.0      | 667.7947   | 720.0      | 639.0892   | 598.4109   | 573.8256   | 535.0672  
~~~~~~~~~~~~~~~~~~~~~~~~~~~~~~~~~~~~~~~~~~
***** nlp_objective: 28.800000008546387
***** nlp_Sol_time: 55837.543
     Drone (1):
          0          | 37         | 16         | 12         | 7          | 33         | 17         | 10        
s_times   0.0        | 0.0        | 15.5485    | 39.5382    | 85.0335    | 110.3069   | 151.4261   | 173.1798  
c_times   0.0        | 0.0        | 19.4833    | 47.0515    | 87.576     | 114.907    | 155.3609   | 175.7224  
charges   720.0      | 720.0      | 700.5167   | 672.9485   | 632.424    | 605.093    | 564.6391   | 544.2776  
~~~~~~~~~~~~~~~~~~~~~~~~~~~~~~~~~~~~~~~~~~
     Drone (2):
          0          | 1          | 30         | 26         | 8          | 27         | 23         | 35        
s_times   0.0        | 0.0        | 95.0707    | 113.5517   | 127.5134   | 138.8616   | 163.0918   | 201.3823  
c_times   0.0        | 60.0       | 98.7927    | 115.5264   | 130.056    | 140.8363   | 166.417    | 205.9824  
charges   720.0      | 720.0      | 681.2073   | 664.4736   | 649.944    | 639.1637   | 613.583    | 574.0176  
~~~~~~~~~~~~~~~~~~~~~~~~~~~~~~~~~~~~~~~~~~
     Drone (3):
          0          | 11         | 25         | 29         | 3          | 22         | 34         | 5         
s_times   0.0        | 0.0        | 44.5191    | 59.2897    | 80.1031    | 104.3639   | 142.6544   | 170.598   
c_times   0.0        | 7.5133     | 46.4938    | 63.0117    | 82.1501    | 107.689    | 147.2545   | 172.6449  
charges   720.0      | 712.4867   | 673.5062   | 656.9883   | 637.8499   | 612.311    | 572.7455   | 547.3551  
~~~~~~~~~~~~~~~~~~~~~~~~~~~~~~~~~~~~~~~~~~
     Drone (4):
          2          | 21         | 14         | 4          | 18         | 24         | 6          | 36        
s_times   0.0        | 69.1445    | 99.8179    | 141.9055   | 167.1711   | 182.0835   | 206.4649   | 230.2864  
c_times   46.9308    | 72.4697    | 107.3312   | 143.9525   | 171.1059   | 185.4086   | 208.5119   | 234.8865  
charges   673.0692   | 647.5303   | 612.6688   | 576.0475   | 548.8941   | 534.5914   | 511.4881   | 485.1135  
~~~~~~~~~~~~~~~~~~~~~~~~~~~~~~~~~~~~~~~~~~
     Drone (5):
          20         | 13         | 31         | 9          | 15         | 28         | 19         | 32        
s_times   0.0        | 91.1015    | 146.5702   | 167.6353   | 200.4304   | 244.9495   | 270.4673   | 306.705   
c_times   63.7534    | 98.6148    | 150.2922   | 170.1778   | 207.9437   | 246.9242   | 274.4021   | 310.427   
charges   656.2466   | 621.3852   | 569.7078   | 549.8222   | 512.0563   | 473.0758   | 445.5979   | 409.573   
~~~~~~~~~~~~~~~~~~~~~~~~~~~~~~~~~~~~~~~~~~
