~~~~~~~~~~~~~~~~~~~ [4, 'SB_RS', 6, 720, 120] ~~~~~~~~~~~~~~~~~~~
 Families: [[1], [2, 3], [4, 5, 6], [7, 8], [9, 10, 11], [12, 13, 14], [15, 16], [17, 18], [19, 20], [21], [22]]
Due_dates: [1440, 720.0, 1440.0, 480.0, 960.0, 1440.0, 720.0, 1440.0, 480.0, 960.0, 1440.0, 480.0, 960.0, 1440.0, 720.0, 1440.0, 720.0, 1440.0, 720.0, 1440.0, 1440, 1440]
Ear_dates: [0, 72.0, 144.0, 48.0, 96.0, 144.0, 72.0, 144.0, 48.0, 96.0, 144.0, 48.0, 96.0, 144.0, 72.0, 144.0, 72.0, 144.0, 72.0, 144.0, 0, 0]
Monitor_t: [60.0, 2.02, 2.02, 0.68, 0.68, 0.68, 1.68, 1.68, 3.58, 3.58, 3.58, 2.94, 2.94, 2.94, 1.03, 1.03, 1.66, 1.66, 1.4, 1.4, 0.0, 0.0]
~~~~~~~~~~~~~~~~~~~ Comparing the results ~~~~~~~~~~~~~~~~~~~
***** lp_objective: 43.55267117782381
***** lp_Sol_time: 21.129
     Drone (1):
          21         | 12         | 2          | 14         | 11         | 6         
s_times   0.0        | 67.3991    | 110.9414   | 149.0081   | 197.5269   | 209.6522  
c_times   31.0206    | 70.3438    | 112.9596   | 151.9528   | 201.1097   | 210.336   
charges   688.9794   | 649.6562   | 607.0404   | 568.0472   | 518.8903   | 509.664   
~~~~~~~~~~~~~~~~~~~~~~~~~~~~~~~~~~~~~~~~~~
     Drone (2):
          0          | 1          | 13         | 3          | 18         | 8         
s_times   0.0        | 0.0        | 122.5689   | 166.1112   | 193.391    | 220.3847  
c_times   0.0        | 60.0       | 125.5135   | 168.1293   | 195.0481   | 222.0616  
charges   720.0      | 720.0      | 654.4865   | 611.8707   | 584.9519   | 557.9384  
~~~~~~~~~~~~~~~~~~~~~~~~~~~~~~~~~~~~~~~~~~
     Drone (3):
          22         | 9          | 15         | 5          | 10         | 20        
s_times   0.0        | 74.1961    | 98.8195    | 114.8569   | 124.6728   | 161.071   
c_times   43.5527    | 77.7789    | 99.8518    | 115.5407   | 128.2557   | 162.4749  
charges   676.4473   | 642.2211   | 620.1482   | 604.4593   | 591.7443   | 557.5251  
~~~~~~~~~~~~~~~~~~~~~~~~~~~~~~~~~~~~~~~~~~
     Drone (4):
          22         | 4          | 19         | 7          | 17         | 16        
s_times   0.0        | 64.5288    | 90.1591    | 113.5502   | 138.053    | 168.133   
c_times   43.5527    | 65.2126    | 91.563     | 115.2272   | 139.7101   | 169.1654  
charges   676.4473   | 654.7874   | 628.437    | 604.7728   | 580.2899   | 550.8346  
~~~~~~~~~~~~~~~~~~~~~~~~~~~~~~~~~~~~~~~~~~
***** nlp_objective: 43.552671177823804
***** nlp_Sol_time: 59.759
     Drone (1):
          22         | 4          | 15         | 13         | 18         | 16        
s_times   0.0        | 64.5288    | 79.6482    | 99.9116    | 145.2867   | 175.3668  
c_times   43.5527    | 65.2126    | 80.6805    | 102.8562   | 146.9438   | 176.3991  
charges   676.4473   | 654.7874   | 639.3195   | 617.1438   | 573.0562   | 543.6009  
~~~~~~~~~~~~~~~~~~~~~~~~~~~~~~~~~~~~~~~~~~
     Drone (2):
          22         | 9          | 19         | 10         | 6          | 14        
s_times   0.0        | 74.1961    | 110.5942   | 145.5641   | 157.6894   | 192.9197  
c_times   43.5527    | 77.7789    | 111.9981   | 149.1469   | 158.3732   | 195.8643  
charges   676.4473   | 642.2211   | 608.0019   | 570.8531   | 561.6268   | 524.1357  
~~~~~~~~~~~~~~~~~~~~~~~~~~~~~~~~~~~~~~~~~~
     Drone (3):
          21         | 1          | 7          | 20         | 8          | 3         
s_times   0.0        | 62.0412    | 154.0464   | 176.2889   | 199.6801   | 206.4961  
c_times   31.0206    | 122.0412   | 155.7233   | 177.6928   | 201.357    | 208.5143  
charges   688.9794   | 720.0      | 686.3179   | 664.3484   | 640.6842   | 633.5269  
~~~~~~~~~~~~~~~~~~~~~~~~~~~~~~~~~~~~~~~~~~
     Drone (4):
          21         | 12         | 17         | 5          | 11         | 2         
s_times   0.0        | 67.3991    | 112.7743   | 142.11     | 151.926    | 165.1818  
c_times   31.0206    | 70.3438    | 114.4314   | 142.7938   | 155.5088   | 167.1999  
charges   688.9794   | 649.6562   | 605.5686   | 577.2062   | 564.4912   | 552.8001  
~~~~~~~~~~~~~~~~~~~~~~~~~~~~~~~~~~~~~~~~~~
