~~~~~~~~~~~~~~~~~~~ [3, 'SB', 5, 120] ~~~~~~~~~~~~~~~~~~~
     seed: 4573178597354531961
 Families: [[1], [2, 3], [4, 5, 6], [7, 8], [9, 10, 11], [12]]
  i_times: [210.0, 390.0, 390.0, 210.0]
Fam slots: [[2, 4], [2, 5, 7], [2, 5], [2, 3, 5]]
Ear_dates: [0, 360.0, 720.0, 360.0, 900.0, 1260.0, 360.0, 900.0, 360.0, 540.0, 900.0, 0]
Due_dates: [1440, 540.0, 900.0, 540.0, 1080.0, 1440.0, 540.0, 1080.0, 540.0, 720.0, 1080.0, 1440]
Monitor_t: [60.0, 2.02, 2.02, 0.68, 0.68, 0.68, 1.68, 1.68, 3.58, 3.58, 3.58, 0.0]
~~~~~~~~~~~~~~~~~~~ Comparing the results ~~~~~~~~~~~~~~~~~~~
***** lp_Variables: 3742
***** lp_Constraints: 6798
***** lp_objective: 116.42000000000007
     Drone (1):
          12         | 6          | 8          | 12         | 3         
s_times   0.0        | 992.46     | 996.29     | 1003.33    | 1080.0    
c_times   990.28     | 993.14     | 997.97     | 1076.64    | 1082.02   
travels   2.18       | 3.15       | 5.36       | 3.36       | 0.0       
charges   120.0      | 117.14     | 112.31     | 106.95     | 101.57    
~~~~~~~~~~~~~~~~~~~~~~~~~~~~~~~~~~~~~~~~~~
     Drone (2):
          12         | 4          | 1          | 5          | 1         
s_times   0.0        | 475.74     | 509.17     | 601.78     | 635.21    
c_times   473.56     | 476.42     | 569.17     | 602.46     | 695.21    
travels   2.18       | 32.75      | 32.61      | 32.75      | 0.0       
charges   120.0      | 117.14     | 120.0      | 86.71      | 120.0     
~~~~~~~~~~~~~~~~~~~~~~~~~~~~~~~~~~~~~~~~~~
     Drone (3):
          12         | 9          | 12         | 7          | 2         
s_times   0.0        | 292.84     | 303.68     | 784.61     | 791.43    
c_times   285.04     | 296.42     | 780.68     | 786.29     | 793.45    
travels   7.8        | 7.26       | 3.93       | 5.14       | 0.0       
charges   120.0      | 108.62     | 101.36     | 95.75      | 88.59     
~~~~~~~~~~~~~~~~~~~~~~~~~~~~~~~~~~~~~~~~~~
     Drone (4):
          12         | 12         | 10         | 12         | 11        
s_times   0.0        | 678.62     | 686.42     | 697.26     | 1080.0    
c_times   678.62     | 678.62     | 690.0      | 1072.2     | 1083.58   
travels   0.0        | 7.8        | 7.26       | 7.8        | 0.0       
charges   120.0      | 120.0      | 108.62     | 101.36     | 89.98     
~~~~~~~~~~~~~~~~~~~~~~~~~~~~~~~~~~~~~~~~~~
***** nlp_Variables: 542
***** nlp_Constraints: 139
***** nlp_objective: 0.0
     Drone (1):
          12         | 5          | 8          | 11        
s_times   0.0        | 900.0      | 903.83     | 918.6     
c_times   897.82     | 900.68     | 905.51     | 922.18    
travels   2.18       | 3.15       | 13.09      | 0.0       
charges   180.0      | 177.14     | 172.31     | 155.64    
~~~~~~~~~~~~~~~~~~~~~~~~~~~~~~~~~~~~~~~~~~
     Drone (2):
          12         | 9          | 7          | 12        
s_times   0.0        | 497.64     | 512.15     | 519.19    
c_times   489.84     | 501.22     | 513.83     | 519.19    
travels   7.8        | 10.93      | 5.36       | 0.0       
charges   180.0      | 168.62     | 156.01     | 150.65    
~~~~~~~~~~~~~~~~~~~~~~~~~~~~~~~~~~~~~~~~~~
     Drone (3):
          12         | 6          | 1          | 12        
s_times   0.0        | 1260.0     | 1293.43    | 1384.45   
c_times   1257.82    | 1260.68    | 1353.43    | 1384.45   
travels   2.18       | 32.75      | 31.02      | 0.0       
charges   180.0      | 177.14     | 180.0      | 148.98    
~~~~~~~~~~~~~~~~~~~~~~~~~~~~~~~~~~~~~~~~~~
     Drone (4):
          12         | 12         | 10         | 3         
s_times   0.0        | 31.02      | 711.22     | 724.47    
c_times   31.02      | 703.42     | 714.8      | 726.49    
travels   0.0        | 7.8        | 9.67       | 0.0       
charges   180.0      | 180.0      | 168.62     | 156.93    
~~~~~~~~~~~~~~~~~~~~~~~~~~~~~~~~~~~~~~~~~~
     Drone (5):
          12         | 12         | 4          | 2         
s_times   0.0        | 31.02      | 509.32     | 514.85    
c_times   31.02      | 507.14     | 510.0      | 516.87    
travels   0.0        | 2.18       | 4.85       | 0.0       
charges   180.0      | 180.0      | 177.14     | 170.27    
~~~~~~~~~~~~~~~~~~~~~~~~~~~~~~~~~~~~~~~~~~
