~~~~~~~~~~~~~~~~~~~ [3, 'SB', 5, 180] ~~~~~~~~~~~~~~~~~~~
     seed: 4473652921051120652
 Families: [[1], [2, 3], [4, 5, 6], [7, 8], [9, 10, 11], [12]]
  i_times: [210.0, 210.0, 390.0, 570.0]
Fam slots: [[5, 7], [4, 6, 7], [0, 3], [0, 4, 5]]
Ear_dates: [0, 900.0, 1260.0, 720.0, 1080.0, 1260.0, 0.0, 540.0, 0.0, 720.0, 900.0, 0]
Due_dates: [1440, 1080.0, 1440.0, 900.0, 1260.0, 1440.0, 180.0, 720.0, 180.0, 900.0, 1080.0, 1440]
Monitor_t: [60.0, 2.02, 2.02, 0.68, 0.68, 0.68, 1.68, 1.68, 3.58, 3.58, 3.58, 0.0]
~~~~~~~~~~~~~~~~~~~ Comparing the results ~~~~~~~~~~~~~~~~~~~
***** lp_Variables: 3742
***** lp_Constraints: 6798
***** lp_objective: 0.0
     Drone (1):
          12         | 12         | 10         | 12         | 4         
s_times   0.0        | 0.0        | 720.0      | 730.84     | 869.32    
c_times   0.0        | 712.2      | 723.58     | 867.14     | 870.0     
travels   0.0        | 7.8        | 7.26       | 2.18       | 0.0       
charges   180.0      | 180.0      | 168.62     | 161.36     | 158.5     
~~~~~~~~~~~~~~~~~~~~~~~~~~~~~~~~~~~~~~~~~~
     Drone (2):
          12         | 12         | 12         | 9          | 7         
s_times   0.0        | 0.0        | 138.62     | 146.42     | 160.93    
c_times   0.0        | 138.62     | 138.62     | 150.0      | 162.61    
travels   0.0        | 0.0        | 7.8        | 10.93      | 0.0       
charges   180.0      | 180.0      | 180.0      | 168.62     | 156.01    
~~~~~~~~~~~~~~~~~~~~~~~~~~~~~~~~~~~~~~~~~~
     Drone (3):
          12         | 12         | 11         | 2          | 5         
s_times   0.0        | 0.0        | 1062.02    | 1075.27    | 1080.0    
c_times   0.0        | 1054.22    | 1065.6     | 1077.29    | 1080.68   
travels   0.0        | 7.8        | 9.67       | 2.71       | 0.0       
charges   180.0      | 180.0      | 168.62     | 156.93     | 153.54    
~~~~~~~~~~~~~~~~~~~~~~~~~~~~~~~~~~~~~~~~~~
     Drone (4):
          12         | 8          | 12         | 6          | 3         
s_times   0.0        | 552.61     | 559.65     | 1281.76    | 1287.29   
c_times   548.68     | 554.29     | 1279.58    | 1282.44    | 1289.31   
travels   3.93       | 5.36       | 2.18       | 4.85       | 0.0       
charges   180.0      | 174.39     | 169.03     | 166.17     | 159.3     
~~~~~~~~~~~~~~~~~~~~~~~~~~~~~~~~~~~~~~~~~~
***** nlp_Variables: 542
***** nlp_Constraints: 138
***** nlp_objective: 0.0
     Drone (1):
          12         | 7          | 9          | 12         | 8         
s_times   0.0        | 148.32     | 163.09     | 173.93     | 540.0     
c_times   144.39     | 150.0      | 166.67     | 536.07     | 541.68    
travels   3.93       | 13.09      | 7.26       | 3.93       | 0.0       
charges   180.0      | 174.39     | 157.72     | 150.46     | 144.85    
~~~~~~~~~~~~~~~~~~~~~~~~~~~~~~~~~~~~~~~~~~
     Drone (2):
          12         | 11         | 12         | 3          | 6         
s_times   0.0        | 1076.42    | 1087.26    | 1260.0     | 1264.73   
c_times   1068.62    | 1080.0     | 1256.64    | 1262.02    | 1265.41   
travels   7.8        | 7.26       | 3.36       | 2.71       | 0.0       
charges   180.0      | 168.62     | 161.36     | 155.98     | 152.59    
~~~~~~~~~~~~~~~~~~~~~~~~~~~~~~~~~~~~~~~~~~
     Drone (3):
          12         | 10         | 12         | 5          | 12        
s_times   0.0        | 736.67     | 747.51     | 1110.0     | 1112.6    
c_times   728.87     | 740.25     | 1107.82    | 1110.68    | 1112.6    
travels   7.8        | 7.26       | 2.18       | 1.92       | 0.0       
charges   180.0      | 168.62     | 161.36     | 158.5      | 156.58    
~~~~~~~~~~~~~~~~~~~~~~~~~~~~~~~~~~~~~~~~~~
     Drone (4):
          12         | 4          | 12         | 2          | 12        
s_times   0.0        | 899.32     | 901.92     | 1047.98    | 1052.1    
c_times   897.14     | 900.0      | 1044.62    | 1050.0     | 1052.1    
travels   2.18       | 1.92       | 3.36       | 2.1        | 0.0       
charges   180.0      | 177.14     | 175.22     | 169.84     | 167.74    
~~~~~~~~~~~~~~~~~~~~~~~~~~~~~~~~~~~~~~~~~~
