~~~~~~~~~~~~~~~~~~~ [3, 'SB', 5, 180] ~~~~~~~~~~~~~~~~~~~
     seed: 7426029024011932543
 Families: [[1], [2, 3], [4, 5, 6], [7, 8], [9, 10, 11], [12]]
  i_times: [210.0, 390.0, 390.0, 30.0]
Fam slots: [[2, 4], [1, 4, 6], [2, 5], [5, 6, 7]]
Ear_dates: [0, 360.0, 720.0, 180.0, 720.0, 1080.0, 360.0, 900.0, 900.0, 1080.0, 1260.0, 0]
Due_dates: [1440, 540.0, 900.0, 360.0, 900.0, 1260.0, 540.0, 1080.0, 1080.0, 1260.0, 1440.0, 1440]
Monitor_t: [60.0, 2.02, 2.02, 0.68, 0.68, 0.68, 1.68, 1.68, 3.58, 3.58, 3.58, 0.0]
~~~~~~~~~~~~~~~~~~~ Comparing the results ~~~~~~~~~~~~~~~~~~~
***** lp_Variables: 3742
***** lp_Constraints: 6798
***** lp_objective: 116.41999998825806
     Drone (1):
          12         | 7          | 12         | 12         | 2         
s_times   0.0        | 565.2      | 572.24     | 572.24     | 575.6     
c_times   561.27     | 566.88     | 572.24     | 572.24     | 577.62    
travels   3.93       | 5.36       | 0.0        | 3.36       | 0.0       
charges   180.0      | 174.39     | 169.03     | 169.03     | 163.65    
~~~~~~~~~~~~~~~~~~~~~~~~~~~~~~~~~~~~~~~~~~
     Drone (2):
          12         | 4          | 12         | 8          | 12        
s_times   0.0        | 401.67     | 404.27     | 956.88     | 963.92    
c_times   399.49     | 402.35     | 952.95     | 958.56     | 963.92    
travels   2.18       | 1.92       | 3.93       | 5.36       | 0.0       
charges   180.0      | 177.14     | 175.22     | 169.61     | 164.25    
~~~~~~~~~~~~~~~~~~~~~~~~~~~~~~~~~~~~~~~~~~
     Drone (3):
          12         | 6          | 9          | 12         | 11        
s_times   0.0        | 1183.03    | 1192.84    | 1203.68    | 1260.0    
c_times   1180.85    | 1183.71    | 1196.42    | 1252.2     | 1263.58   
travels   2.18       | 9.13       | 7.26       | 7.8        | 0.0       
charges   180.0      | 177.14     | 164.43     | 157.17     | 145.79    
~~~~~~~~~~~~~~~~~~~~~~~~~~~~~~~~~~~~~~~~~~
     Drone (4):
          12         | 3          | 5          | 12         | 10        
s_times   0.0        | 787.62     | 792.35     | 794.95     | 1226.42   
c_times   784.26     | 789.64     | 793.03     | 1218.62    | 1230.0    
travels   3.36       | 2.71       | 1.92       | 7.8        | 0.0       
charges   180.0      | 174.62     | 171.23     | 169.31     | 157.93    
~~~~~~~~~~~~~~~~~~~~~~~~~~~~~~~~~~~~~~~~~~
***** nlp_Variables: 542
***** nlp_Constraints: 138
***** nlp_objective: 116.41999993025524
     Drone (1):
          12         | 4          | 12         | 2          | 7         
s_times   0.0        | 307.18     | 309.78     | 533.47     | 538.32    
c_times   305.0      | 307.86     | 530.11     | 535.49     | 540.0     
travels   2.18       | 1.92       | 3.36       | 2.83       | 0.0       
charges   180.0      | 177.14     | 175.22     | 169.84     | 165.33    
~~~~~~~~~~~~~~~~~~~~~~~~~~~~~~~~~~~~~~~~~~
     Drone (2):
          12         | 3          | 5          | 12         | 11        
s_times   0.0        | 693.13     | 697.86     | 700.46     | 1143.58   
c_times   689.77     | 695.15     | 698.54     | 1135.78    | 1147.16   
travels   3.36       | 2.71       | 1.92       | 7.8        | 0.0       
charges   180.0      | 174.62     | 171.23     | 169.31     | 157.93    
~~~~~~~~~~~~~~~~~~~~~~~~~~~~~~~~~~~~~~~~~~
     Drone (3):
          12         | 8          | 12         | 9          | 6         
s_times   0.0        | 783.58     | 790.62     | 1076.42    | 1088.54   
c_times   779.65     | 785.26     | 1068.62    | 1080.0     | 1089.22   
travels   3.93       | 5.36       | 7.8        | 8.54       | 0.0       
charges   180.0      | 174.39     | 169.03     | 157.65     | 148.43    
~~~~~~~~~~~~~~~~~~~~~~~~~~~~~~~~~~~~~~~~~~
     Drone (4):
          12         | 12         | 12         | 12         | 10        
s_times   0.0        | 31.02      | 1102.2     | 1102.2     | 1110.0    
c_times   31.02      | 1102.2     | 1102.2     | 1102.2     | 1113.58   
travels   0.0        | 0.0        | 0.0        | 7.8        | 0.0       
charges   180.0      | 180.0      | 180.0      | 180.0      | 168.62    
~~~~~~~~~~~~~~~~~~~~~~~~~~~~~~~~~~~~~~~~~~
