~~~~~~~~~~~~~~~~~~~ [4, 'SB_RS', 6, 480, 500] ~~~~~~~~~~~~~~~~~~~
 Families: [[1], [2, 3], [4, 5, 6], [7, 8], [9, 10, 11], [12, 13, 14], [15, 16], [17, 18], [19, 20], [21], [22]]
Due_dates: [360, 180.0, 360.0, 120.0, 240.0, 360.0, 180.0, 360.0, 120.0, 240.0, 360.0, 120.0, 240.0, 360.0, 180.0, 360.0, 180.0, 360.0, 180.0, 360.0, 360, 360]
Ear_dates: [0, 18.0, 36.0, 12.0, 24.0, 36.0, 18.0, 36.0, 12.0, 24.0, 36.0, 12.0, 24.0, 36.0, 18.0, 36.0, 18.0, 36.0, 18.0, 36.0, 0, 0]
Monitor_t: [60.0, 4.04, 4.04, 1.37, 1.37, 1.37, 3.35, 3.35, 7.17, 7.17, 7.17, 5.89, 5.89, 5.89, 2.06, 2.06, 3.31, 3.31, 2.81, 2.81, 0.0, 0.0]
~~~~~~~~~~~~~~~~~~~ Comparing the results ~~~~~~~~~~~~~~~~~~~
***** lp_objective: 12.0
***** lp_Sol_time: 14.151
     Drone (1):
          0          | 4          | 17         | 16         | 13         | 20        
s_times   0.0        | 0.0        | 56.3812    | 116.5412   | 157.068    | 216.4794  
c_times   0.0        | 1.3675     | 59.6954    | 118.606    | 162.9573   | 219.2871  
charges   480.0      | 478.6325   | 420.3046   | 361.394    | 317.0427   | 260.7129  
~~~~~~~~~~~~~~~~~~~~~~~~~~~~~~~~~~~~~~~~~~
     Drone (2):
          0          | 12         | 2          | 18         | 3          | 14        
s_times   0.0        | 0.0        | 87.0846    | 141.6442   | 195.7439   | 271.8773  
c_times   0.0        | 5.8893     | 91.1208    | 144.9584   | 199.7802   | 277.7667  
charges   480.0      | 474.1107   | 388.8792   | 335.0416   | 280.2198   | 202.2333  
~~~~~~~~~~~~~~~~~~~~~~~~~~~~~~~~~~~~~~~~~~
     Drone (3):
          0          | 9          | 5          | 10         | 19         | 11        
s_times   0.0        | 0.0        | 24.2507    | 43.8825    | 116.6789   | 186.6186  
c_times   0.0        | 7.1657     | 25.6183    | 51.0483    | 119.4867   | 193.7843  
charges   480.0      | 472.8343   | 454.3817   | 428.9517   | 360.5133   | 286.2157  
~~~~~~~~~~~~~~~~~~~~~~~~~~~~~~~~~~~~~~~~~~
     Drone (4):
          0          | 22         | 6          | 7          | 15         | 8         
s_times   0.0        | 0.0        | 41.9523    | 49.6192    | 78.4949    | 108.622   
c_times   0.0        | 0.0        | 43.3199    | 52.973     | 80.5596    | 111.9758  
charges   480.0      | 480.0      | 436.6801   | 427.027    | 399.4404   | 368.0242  
~~~~~~~~~~~~~~~~~~~~~~~~~~~~~~~~~~~~~~~~~~
***** nlp_objective: 12.0
***** nlp_Sol_time: 23.242
     Drone (1):
          0          | 12         | 3          | 7          | 19         | 17        
s_times   0.0        | 0.0        | 87.0846    | 96.7791    | 141.2642   | 172.7638  
c_times   0.0        | 5.8893     | 91.1208    | 100.133    | 144.072    | 176.078   
charges   480.0      | 474.1107   | 388.8792   | 379.867    | 335.928    | 303.922   
~~~~~~~~~~~~~~~~~~~~~~~~~~~~~~~~~~~~~~~~~~
     Drone (2):
          0          | 4          | 13         | 8          | 16         | 5         
s_times   0.0        | 0.0        | 70.4605    | 148.2903   | 177.1661   | 209.2409  
c_times   0.0        | 1.3675     | 76.3498    | 151.6442   | 179.2308   | 210.6085  
charges   480.0      | 478.6325   | 403.6502   | 328.3558   | 300.7692   | 269.3915  
~~~~~~~~~~~~~~~~~~~~~~~~~~~~~~~~~~~~~~~~~~
     Drone (3):
          0          | 1          | 15         | 10         | 20         | 11        
s_times   0.0        | 0.0        | 147.2485   | 197.6907   | 270.4871   | 340.4267  
c_times   0.0        | 60.0       | 149.3132   | 204.8564   | 273.2949   | 347.5924  
charges   480.0      | 480.0      | 390.6868   | 335.1436   | 266.7051   | 192.4076  
~~~~~~~~~~~~~~~~~~~~~~~~~~~~~~~~~~~~~~~~~~
     Drone (4):
          0          | 9          | 2          | 14         | 18         | 6         
s_times   0.0        | 0.0        | 26.5117    | 102.6451   | 193.3954   | 252.0668  
c_times   0.0        | 7.1657     | 30.5479    | 108.5344   | 196.7096   | 253.4344  
charges   480.0      | 472.8343   | 449.4521   | 371.4656   | 283.2904   | 226.5656  
~~~~~~~~~~~~~~~~~~~~~~~~~~~~~~~~~~~~~~~~~~
