~~~~~~~~~~~~~~~~~~~ [3, 'SB', 5, 120] ~~~~~~~~~~~~~~~~~~~
     seed: 932005375210152671
 Families: [[1], [2, 3], [4, 5, 6], [7, 8], [9, 10, 11], [12]]
  i_times: [390.0, 570.0, 30.0, 930.0]
Fam slots: [[0, 3], [1, 2, 6], [0, 1], [0, 6, 7]]
Ear_dates: [0, 0.0, 540.0, 180.0, 360.0, 1080.0, 0.0, 180.0, 0.0, 1080.0, 1260.0, 0]
Due_dates: [1440, 180.0, 720.0, 360.0, 540.0, 1260.0, 180.0, 360.0, 180.0, 1260.0, 1440.0, 1440]
Monitor_t: [60.0, 2.02, 2.02, 0.68, 0.68, 0.68, 1.68, 1.68, 3.58, 3.58, 3.58, 0.0]
~~~~~~~~~~~~~~~~~~~ Comparing the results ~~~~~~~~~~~~~~~~~~~
***** lp_Variables: 2807
***** lp_Constraints: 5104
***** lp_objective: 0.0
***** lp_Sol_time: 3.631
     Drone (1):
          12         | 9          | 12         | 5          | 3         
s_times   0.0        | 146.42     | 157.26     | 534.47     | 540.0     
c_times   138.62     | 150.0      | 532.29     | 535.15     | 542.02    
travels   7.8        | 7.26       | 2.18       | 4.85       | 0.0       
charges   120.0      | 108.62     | 101.36     | 98.5       | 91.63     
~~~~~~~~~~~~~~~~~~~~~~~~~~~~~~~~~~~~~~~~~~
     Drone (2):
          12         | 2          | 7          | 4          | 8         
s_times   0.0        | 169.33     | 174.18     | 180.0      | 183.83    
c_times   165.97     | 171.35     | 175.86     | 180.68     | 185.51    
travels   3.36       | 2.83       | 4.14       | 3.15       | 0.0       
charges   120.0      | 114.62     | 110.11     | 105.29     | 100.46    
~~~~~~~~~~~~~~~~~~~~~~~~~~~~~~~~~~~~~~~~~~
     Drone (3):
          12         | 10         | 6          | 12         | 11        
s_times   0.0        | 1080.0     | 1092.12    | 1094.72    | 1260.0    
c_times   1072.2     | 1083.58    | 1092.8     | 1252.2     | 1263.58   
travels   7.8        | 8.54       | 1.92       | 7.8        | 0.0       
charges   120.0      | 108.62     | 99.4       | 97.48      | 86.1      
~~~~~~~~~~~~~~~~~~~~~~~~~~~~~~~~~~~~~~~~~~
***** nlp_Variables: 407
***** nlp_Constraints: 109
***** nlp_objective: 0.0
***** nlp_Sol_time: 2.538
     Drone (1):
          12         | 6          | 10         | 12         | 11        
s_times   0.0        | 1086.24    | 1096.05    | 1106.89    | 1436.42   
c_times   1084.06    | 1086.92    | 1099.63    | 1428.62    | 1440.0    
travels   2.18       | 9.13       | 7.26       | 7.8        | 0.0       
charges   120.0      | 117.14     | 104.43     | 97.17      | 85.79     
~~~~~~~~~~~~~~~~~~~~~~~~~~~~~~~~~~~~~~~~~~
     Drone (2):
          12         | 7          | 9          | 4          | 8         
s_times   0.0        | 153.11     | 167.88     | 180.0      | 183.83    
c_times   149.18     | 154.79     | 171.46     | 180.68     | 185.51    
travels   3.93       | 13.09      | 8.54       | 3.15       | 0.0       
charges   120.0      | 114.39     | 97.72      | 88.5       | 83.67     
~~~~~~~~~~~~~~~~~~~~~~~~~~~~~~~~~~~~~~~~~~
     Drone (3):
          12         | 2          | 12         | 5          | 3         
s_times   0.0        | 147.98     | 152.1      | 534.47     | 540.0     
c_times   144.62     | 150.0      | 532.29     | 535.15     | 542.02    
travels   3.36       | 2.1        | 2.18       | 4.85       | 0.0       
charges   120.0      | 114.62     | 112.52     | 109.66     | 102.79    
~~~~~~~~~~~~~~~~~~~~~~~~~~~~~~~~~~~~~~~~~~
