~~~~~~~~~~~~~~~~~~~ [3, 'SB', 5, 120] ~~~~~~~~~~~~~~~~~~~
     seed: 2557547669154727550
 Families: [[1], [2, 3], [4, 5, 6], [7, 8], [9, 10, 11], [12]]
  i_times: [30.0, 30.0, 570.0, 210.0]
Fam slots: [[0, 1], [5, 6, 7], [1, 5], [1, 3, 4]]
Ear_dates: [0, 0.0, 180.0, 900.0, 1080.0, 1260.0, 180.0, 900.0, 180.0, 540.0, 720.0, 0]
Due_dates: [1440, 180.0, 360.0, 1080.0, 1260.0, 1440.0, 360.0, 1080.0, 360.0, 720.0, 900.0, 1440]
Monitor_t: [60.0, 2.02, 2.02, 0.68, 0.68, 0.68, 1.68, 1.68, 3.58, 3.58, 3.58, 0.0]
~~~~~~~~~~~~~~~~~~~ Comparing the results ~~~~~~~~~~~~~~~~~~~
***** lp_Variables: 2807
***** lp_Constraints: 5104
***** lp_objective: 346.9099999131629
***** lp_Sol_time: 33.367
     Drone (1):
          12         | 12         | 4          | 8          | 5         
s_times   0.0        | 0.0        | 1046.9     | 1050.73    | 1056.55   
c_times   0.0        | 1044.72    | 1047.58    | 1052.41    | 1057.23   
travels   0.0        | 2.18       | 3.15       | 4.14       | 0.0       
charges   120.0      | 120.0      | 117.14     | 112.31     | 107.49    
~~~~~~~~~~~~~~~~~~~~~~~~~~~~~~~~~~~~~~~~~~
     Drone (2):
          12         | 7          | 11         | 12         | 6         
s_times   0.0        | 532.46     | 547.23     | 558.07     | 1087.23   
c_times   528.53     | 534.14     | 550.81     | 1085.05    | 1087.91   
travels   3.93       | 13.09      | 7.26       | 2.18       | 0.0       
charges   120.0      | 114.39     | 97.72      | 90.46      | 87.6      
~~~~~~~~~~~~~~~~~~~~~~~~~~~~~~~~~~~~~~~~~~
     Drone (3):
          12         | 2          | 9          | 3          | 10        
s_times   0.0        | 331.14     | 342.56     | 355.81     | 367.23    
c_times   327.78     | 333.16     | 346.14     | 357.83     | 370.81    
travels   3.36       | 9.4        | 9.67       | 9.4        | 0.0       
charges   120.0      | 114.62     | 101.64     | 89.95      | 76.97     
~~~~~~~~~~~~~~~~~~~~~~~~~~~~~~~~~~~~~~~~~~
***** nlp_Variables: 407
***** nlp_Constraints: 109
***** nlp_objective: 346.9100000870241
***** nlp_Sol_time: 87.379
     Drone (1):
          12         | 10         | 12         | 4          | 8         
s_times   0.0        | 230.8884   | 241.7284   | 901.6043   | 905.4343  
c_times   223.0884   | 234.4684   | 899.4243   | 902.2843   | 907.1143  
travels   7.8        | 7.26       | 2.18       | 3.15       | 0.0       
charges   120.0      | 108.62     | 101.36     | 98.5       | 93.67     
~~~~~~~~~~~~~~~~~~~~~~~~~~~~~~~~~~~~~~~~~~
     Drone (2):
          9          | 3          | 12         | 7          | 11        
s_times   0.0        | 43.59      | 47.71      | 379.5799   | 394.3499  
c_times   33.92      | 45.61      | 375.6499   | 381.2599   | 397.9299  
travels   9.67       | 2.1        | 3.93       | 13.09      | 0.0       
charges   86.08      | 74.39      | 72.29      | 66.68      | 50.01     
~~~~~~~~~~~~~~~~~~~~~~~~~~~~~~~~~~~~~~~~~~
     Drone (3):
          2          | 12         | 5          | 12         | 6         
s_times   0.0        | 32.06      | 924.965    | 927.565    | 949.7803  
c_times   29.96      | 922.785    | 925.645    | 947.6003   | 950.4603  
travels   2.1        | 2.18       | 1.92       | 2.18       | 0.0       
charges   90.04      | 87.94      | 85.08      | 83.16      | 80.3      
~~~~~~~~~~~~~~~~~~~~~~~~~~~~~~~~~~~~~~~~~~
