~~~~~~~~~~~~~~~~~~~ [3, 'SB', 5, 120] ~~~~~~~~~~~~~~~~~~~
     seed: 5761544405237329242
 Families: [[1], [2, 3], [4, 5, 6], [7, 8], [9, 10, 11], [12]]
  i_times: [1110.0, 750.0, 210.0, 210.0]
Fam slots: [[0, 7], [0, 5, 6], [5, 7], [4, 6, 7]]
Ear_dates: [0, 0.0, 1260.0, 0.0, 900.0, 1080.0, 900.0, 1260.0, 720.0, 1080.0, 1260.0, 0]
Due_dates: [1440, 180.0, 1440.0, 180.0, 1080.0, 1260.0, 1080.0, 1440.0, 900.0, 1260.0, 1440.0, 1440]
Monitor_t: [60.0, 2.02, 2.02, 0.68, 0.68, 0.68, 1.68, 1.68, 3.58, 3.58, 3.58, 0.0]
~~~~~~~~~~~~~~~~~~~ Comparing the results ~~~~~~~~~~~~~~~~~~~
***** lp_Variables: 2807
***** lp_Constraints: 5104
***** lp_objective: 0.0
***** lp_Sol_time: 3.749
     Drone (1):
          12         | 6          | 11         | 8          | 3         
s_times   0.0        | 1250.19    | 1260.0     | 1274.51    | 1281.33   
c_times   1248.01    | 1250.87    | 1263.58    | 1276.19    | 1283.35   
travels   2.18       | 9.13       | 10.93      | 5.14       | 0.0       
charges   120.0      | 117.14     | 104.43     | 91.82      | 84.66     
~~~~~~~~~~~~~~~~~~~~~~~~~~~~~~~~~~~~~~~~~~
     Drone (2):
          12         | 4          | 12         | 9          | 5         
s_times   0.0        | 149.32     | 151.92     | 887.88     | 900.0     
c_times   147.14     | 150.0      | 880.08     | 891.46     | 900.68    
travels   2.18       | 1.92       | 7.8        | 8.54       | 0.0       
charges   120.0      | 117.14     | 115.22     | 103.84     | 94.62     
~~~~~~~~~~~~~~~~~~~~~~~~~~~~~~~~~~~~~~~~~~
     Drone (3):
          12         | 2          | 12         | 7          | 10        
s_times   0.0        | 169.31     | 173.43     | 1065.23    | 1080.0    
c_times   165.95     | 171.33     | 1061.3     | 1066.91    | 1083.58   
travels   3.36       | 2.1        | 3.93       | 13.09      | 0.0       
charges   120.0      | 114.62     | 112.52     | 106.91     | 90.24     
~~~~~~~~~~~~~~~~~~~~~~~~~~~~~~~~~~~~~~~~~~
***** nlp_Variables: 407
***** nlp_Constraints: 109
***** nlp_objective: 0.0
***** nlp_Sol_time: 2.427
     Drone (1):
          12         | 4          | 12         | 7          | 10        
s_times   0.0        | 149.32     | 151.92     | 1078.32    | 1093.09   
c_times   147.14     | 150.0      | 1074.39    | 1080.0     | 1096.67   
travels   2.18       | 1.92       | 3.93       | 13.09      | 0.0       
charges   120.0      | 117.14     | 115.22     | 109.61     | 92.94     
~~~~~~~~~~~~~~~~~~~~~~~~~~~~~~~~~~~~~~~~~~
     Drone (2):
          12         | 2          | 12         | 9          | 5         
s_times   0.0        | 152.05     | 156.17     | 887.88     | 900.0     
c_times   148.69     | 154.07     | 880.08     | 891.46     | 900.68    
travels   3.36       | 2.1        | 7.8        | 8.54       | 0.0       
charges   120.0      | 114.62     | 112.52     | 101.14     | 91.92     
~~~~~~~~~~~~~~~~~~~~~~~~~~~~~~~~~~~~~~~~~~
     Drone (3):
          12         | 6          | 3          | 11         | 8         
s_times   0.0        | 1258.54    | 1264.07    | 1275.49    | 1290.0    
c_times   1256.36    | 1259.22    | 1266.09    | 1279.07    | 1291.68   
travels   2.18       | 4.85       | 9.4        | 10.93      | 0.0       
charges   120.0      | 117.14     | 110.27     | 97.29      | 84.68     
~~~~~~~~~~~~~~~~~~~~~~~~~~~~~~~~~~~~~~~~~~
