~~~~~~~~~~~~~~~~~~~ [3, 'SB', 5, 120] ~~~~~~~~~~~~~~~~~~~
     seed: 4774195696213493689
 Families: [[1], [2, 3], [4, 5, 6], [7, 8], [9, 10, 11], [12]]
  i_times: [570.0, 210.0, 570.0, 570.0]
Fam slots: [[2, 6], [3, 5, 7], [1, 5], [0, 2, 6]]
Ear_dates: [0, 360.0, 1080.0, 540.0, 900.0, 1260.0, 180.0, 900.0, 0.0, 360.0, 1080.0, 0]
Due_dates: [1440, 540.0, 1260.0, 720.0, 1080.0, 1440.0, 360.0, 1080.0, 180.0, 540.0, 1260.0, 1440]
Monitor_t: [60.0, 2.02, 2.02, 0.68, 0.68, 0.68, 1.68, 1.68, 3.58, 3.58, 3.58, 0.0]
~~~~~~~~~~~~~~~~~~~ Comparing the results ~~~~~~~~~~~~~~~~~~~
***** lp_Variables: 2807
***** lp_Constraints: 5104
***** lp_objective: 134.88999998641123
***** lp_Sol_time: 18.08
     Drone (1):
          12         | 4          | 12         | 8          | 5         
s_times   0.0        | 703.75     | 706.35     | 908.61     | 914.43    
c_times   701.57     | 704.43     | 904.68     | 910.29     | 915.11    
travels   2.18       | 1.92       | 3.93       | 4.14       | 0.0       
charges   120.0      | 117.14     | 115.22     | 109.61     | 104.79    
~~~~~~~~~~~~~~~~~~~~~~~~~~~~~~~~~~~~~~~~~~
     Drone (2):
          12         | 11         | 3          | 12         | 6         
s_times   0.0        | 945.11     | 958.36     | 962.48     | 1125.11   
c_times   937.31     | 948.69     | 960.38     | 1122.93    | 1125.79   
travels   7.8        | 9.67       | 2.1        | 2.18       | 0.0       
charges   120.0      | 108.62     | 96.93      | 94.83      | 91.97     
~~~~~~~~~~~~~~~~~~~~~~~~~~~~~~~~~~~~~~~~~~
     Drone (3):
          9          | 12         | 7          | 10         | 2         
s_times   0.0        | 41.18      | 358.32     | 373.09     | 386.34    
c_times   33.92      | 354.39     | 360.0      | 376.67     | 388.36    
travels   7.26       | 3.93       | 13.09      | 9.67       | 0.0       
charges   86.08      | 78.82      | 73.21      | 56.54      | 44.85     
~~~~~~~~~~~~~~~~~~~~~~~~~~~~~~~~~~~~~~~~~~
***** nlp_Variables: 407
***** nlp_Constraints: 109
***** nlp_objective: 134.88999999999638
***** nlp_Sol_time: 40.744
     Drone (1):
          12         | 4          | 12         | 11         | 3         
s_times   0.0        | 850.38     | 852.98     | 1080.0     | 1093.25   
c_times   848.2      | 851.06     | 1072.2     | 1083.58    | 1095.27   
travels   2.18       | 1.92       | 7.8        | 9.67       | 0.0       
charges   120.0      | 117.14     | 115.22     | 103.84     | 92.15     
~~~~~~~~~~~~~~~~~~~~~~~~~~~~~~~~~~~~~~~~~~
     Drone (2):
          9          | 12         | 7          | 10         | 2         
s_times   0.0        | 41.18      | 493.21     | 507.98     | 521.23    
c_times   33.92      | 489.28     | 494.89     | 511.56     | 523.25    
travels   7.26       | 3.93       | 13.09      | 9.67       | 0.0       
charges   86.08      | 78.82      | 73.21      | 56.54      | 44.85     
~~~~~~~~~~~~~~~~~~~~~~~~~~~~~~~~~~~~~~~~~~
     Drone (3):
          12         | 5          | 8          | 12         | 6         
s_times   0.0        | 1061.06    | 1064.89    | 1071.93    | 1271.74   
c_times   1058.88    | 1061.74    | 1066.57    | 1269.56    | 1272.42   
travels   2.18       | 3.15       | 5.36       | 2.18       | 0.0       
charges   120.0      | 117.14     | 112.31     | 106.95     | 104.09    
~~~~~~~~~~~~~~~~~~~~~~~~~~~~~~~~~~~~~~~~~~
