~~~~~~~~~~~~~~~~~~~ [3, 'SB', 5, 120] ~~~~~~~~~~~~~~~~~~~
     seed: 3668845494571387570
 Families: [[1], [2, 3], [4, 5, 6], [7, 8], [9, 10, 11], [12]]
  i_times: [390.0, 210.0, 30.0, 570.0]
Fam slots: [[3, 6], [4, 5, 7], [4, 5], [0, 4, 6]]
Ear_dates: [0, 540.0, 1080.0, 720.0, 900.0, 1260.0, 720.0, 900.0, 0.0, 720.0, 1080.0, 0]
Due_dates: [1440, 720.0, 1260.0, 900.0, 1080.0, 1440.0, 900.0, 1080.0, 180.0, 900.0, 1260.0, 1440]
Monitor_t: [60.0, 2.02, 2.02, 0.68, 0.68, 0.68, 1.68, 1.68, 3.58, 3.58, 3.58, 0.0]
~~~~~~~~~~~~~~~~~~~ Comparing the results ~~~~~~~~~~~~~~~~~~~
***** lp_Variables: 2807
***** lp_Constraints: 5104
***** lp_objective: 116.08000000000004
***** lp_Sol_time: 102.648
     Drone (1):
          9          | 12         | 3          | 5          | 11        
s_times   0.0        | 41.18      | 1009.19    | 1013.92    | 1023.73   
c_times   33.92      | 1005.83    | 1011.21    | 1014.6     | 1027.31   
travels   7.26       | 3.36       | 2.71       | 9.13       | 0.0       
charges   86.08      | 78.82      | 73.44      | 70.05      | 57.34     
~~~~~~~~~~~~~~~~~~~~~~~~~~~~~~~~~~~~~~~~~~
     Drone (2):
          12         | 10         | 2          | 12         | 8         
s_times   0.0        | 603.92     | 617.17     | 621.29     | 808.75    
c_times   596.12     | 607.5      | 619.19     | 804.82     | 810.43    
travels   7.8        | 9.67       | 2.1        | 3.93       | 0.0       
charges   120.0      | 108.62     | 96.93      | 94.83      | 89.22     
~~~~~~~~~~~~~~~~~~~~~~~~~~~~~~~~~~~~~~~~~~
     Drone (3):
          12         | 4          | 7          | 12         | 6         
s_times   0.0        | 803.24     | 807.07     | 814.11     | 1143.92   
c_times   801.06     | 803.92     | 808.75     | 1141.74    | 1144.6    
travels   2.18       | 3.15       | 5.36       | 2.18       | 0.0       
charges   120.0      | 117.14     | 112.31     | 106.95     | 104.09    
~~~~~~~~~~~~~~~~~~~~~~~~~~~~~~~~~~~~~~~~~~
***** nlp_Variables: 407
***** nlp_Constraints: 109
***** nlp_objective: 116.08000005054667
***** nlp_Sol_time: 124.634
     Drone (1):
          12         | 7          | 12         | 8          | 4         
s_times   0.0        | 811.5304   | 818.5704   | 836.6703   | 842.4903  
c_times   807.6004   | 813.2104   | 832.7403   | 838.3503   | 843.1703  
travels   3.93       | 5.36       | 3.93       | 4.14       | 0.0       
charges   120.0      | 114.39     | 109.03     | 103.42     | 98.6      
~~~~~~~~~~~~~~~~~~~~~~~~~~~~~~~~~~~~~~~~~~
     Drone (2):
          12         | 10         | 2          | 12         | 6         
s_times   0.0        | 603.92     | 617.17     | 621.29     | 1159.1347 
c_times   596.12     | 607.5      | 619.19     | 1156.9547  | 1159.8147 
travels   7.8        | 9.67       | 2.1        | 2.18       | 0.0       
charges   120.0      | 108.62     | 96.93      | 94.83      | 91.97     
~~~~~~~~~~~~~~~~~~~~~~~~~~~~~~~~~~~~~~~~~~
     Drone (3):
          9          | 12         | 5          | 11         | 3         
s_times   0.0        | 41.18      | 970.7466   | 980.5566   | 993.8066  
c_times   33.92      | 968.5666   | 971.4266   | 984.1366   | 995.8266  
travels   7.26       | 2.18       | 9.13       | 9.67       | 0.0       
charges   86.08      | 78.82      | 75.96      | 63.25      | 51.56     
~~~~~~~~~~~~~~~~~~~~~~~~~~~~~~~~~~~~~~~~~~
