~~~~~~~~~~~~~~~~~~~ [3, 'SB', 5, 120] ~~~~~~~~~~~~~~~~~~~
     seed: 5549298441420526995
 Families: [[1], [2, 3], [4, 5, 6], [7, 8], [9, 10, 11], [12]]
  i_times: [30.0, 390.0, 390.0, 30.0]
Fam slots: [[1, 2], [2, 4, 7], [2, 5], [1, 2, 3]]
Ear_dates: [0, 180.0, 360.0, 360.0, 720.0, 1260.0, 360.0, 900.0, 180.0, 360.0, 540.0, 0]
Due_dates: [1440, 360.0, 540.0, 540.0, 900.0, 1440.0, 540.0, 1080.0, 360.0, 540.0, 720.0, 1440]
Monitor_t: [60.0, 2.02, 2.02, 0.68, 0.68, 0.68, 1.68, 1.68, 3.58, 3.58, 3.58, 0.0]
~~~~~~~~~~~~~~~~~~~ Comparing the results ~~~~~~~~~~~~~~~~~~~
***** lp_Variables: 2822
***** lp_Constraints: 5104
***** lp_objective: 117.97999998801143
***** lp_Sol_time: 18.865
     Drone (1):
          12         | 2          | 9          | 12         | 11        
s_times   0.0        | 345.0      | 356.42     | 367.26     | 422.02    
c_times   341.64     | 347.02     | 360.0      | 414.22     | 425.6     
travels   3.36       | 9.4        | 7.26       | 7.8        | 0.0       
charges   120.0      | 114.62     | 101.64     | 94.38      | 83.0      
~~~~~~~~~~~~~~~~~~~~~~~~~~~~~~~~~~~~~~~~~~
     Drone (2):
          12         | 3          | 10         | 7          | 4         
s_times   0.0        | 377.02     | 388.44     | 402.95     | 408.77    
c_times   373.66     | 379.04     | 392.02     | 404.63     | 409.45    
travels   3.36       | 9.4        | 10.93      | 4.14       | 0.0       
charges   120.0      | 114.62     | 101.64     | 89.03      | 84.21     
~~~~~~~~~~~~~~~~~~~~~~~~~~~~~~~~~~~~~~~~~~
     Drone (3):
          12         | 8          | 5          | 12         | 6         
s_times   0.0        | 782.02     | 787.84     | 790.44     | 1178.52   
c_times   778.09     | 783.7      | 788.52     | 1176.34    | 1179.2    
travels   3.93       | 4.14       | 1.92       | 2.18       | 0.0       
charges   120.0      | 114.39     | 109.57     | 107.65     | 104.79    
~~~~~~~~~~~~~~~~~~~~~~~~~~~~~~~~~~~~~~~~~~
***** nlp_Variables: 407
***** nlp_Constraints: 109
***** nlp_objective: 117.97999998810161
***** nlp_Sol_time: 33.196
     Drone (1):
          12         | 2          | 9          | 12         | 6         
s_times   0.0        | 462.98     | 474.4      | 485.24     | 1260.0    
c_times   459.62     | 465.0      | 477.98     | 1257.82    | 1260.68   
travels   3.36       | 9.4        | 7.26       | 2.18       | 0.0       
charges   120.0      | 114.62     | 101.64     | 94.38      | 91.52     
~~~~~~~~~~~~~~~~~~~~~~~~~~~~~~~~~~~~~~~~~~
     Drone (2):
          12         | 3          | 10         | 4          | 7         
s_times   0.0        | 495.0      | 506.42     | 518.54     | 522.37    
c_times   491.64     | 497.02     | 510.0      | 519.22     | 524.05    
travels   3.36       | 9.4        | 8.54       | 3.15       | 0.0       
charges   120.0      | 114.62     | 101.64     | 92.42      | 87.59     
~~~~~~~~~~~~~~~~~~~~~~~~~~~~~~~~~~~~~~~~~~
     Drone (3):
          12         | 11         | 12         | 5          | 8         
s_times   0.0        | 540.0      | 550.84     | 909.22     | 913.05    
c_times   532.2      | 543.58     | 907.04     | 909.9      | 914.73    
travels   7.8        | 7.26       | 2.18       | 3.15       | 0.0       
charges   120.0      | 108.62     | 101.36     | 98.5       | 93.67     
~~~~~~~~~~~~~~~~~~~~~~~~~~~~~~~~~~~~~~~~~~
