~~~~~~~~~~~~~~~~~~~ [3, 'SB', 5, 120] ~~~~~~~~~~~~~~~~~~~
     seed: 6495487312244737391
 Families: [[1], [2, 3], [4, 5, 6], [7, 8], [9, 10, 11], [12]]
  i_times: [30.0, 390.0, 30.0, 570.0]
Fam slots: [[2, 3], [1, 3, 6], [4, 5], [2, 3, 7]]
Ear_dates: [0, 360.0, 540.0, 180.0, 540.0, 1080.0, 720.0, 900.0, 360.0, 540.0, 1260.0, 0]
Due_dates: [1440, 540.0, 720.0, 360.0, 720.0, 1260.0, 900.0, 1080.0, 540.0, 720.0, 1440.0, 1440]
Monitor_t: [60.0, 2.02, 2.02, 0.68, 0.68, 0.68, 1.68, 1.68, 3.58, 3.58, 3.58, 0.0]
~~~~~~~~~~~~~~~~~~~ Comparing the results ~~~~~~~~~~~~~~~~~~~
***** lp_Variables: 5238
***** lp_Constraints: 9992
***** lp_objective: 0.0
***** lp_Sol_time: 3.184
     Drone (1):
          12         | 3          | 12         | 12         | 12         | 12         | 7         
s_times   0.0        | 540.0      | 544.12     | 544.12     | 864.39     | 864.39     | 868.32    
c_times   536.64     | 542.02     | 544.12     | 864.39     | 864.39     | 864.39     | 870.0     
travels   3.36       | 2.1        | 0.0        | 0.0        | 0.0        | 3.93       | 0.0       
charges   120.0      | 114.62     | 112.52     | 112.52     | 112.52     | 112.52     | 106.91    
~~~~~~~~~~~~~~~~~~~~~~~~~~~~~~~~~~~~~~~~~~
     Drone (2):
          12         | 12         | 4          | 12         | 12         | 12         | 11        
s_times   0.0        | 305.68     | 307.86     | 310.46     | 310.46     | 310.46     | 1260.0    
c_times   305.68     | 305.68     | 308.54     | 310.46     | 310.46     | 1252.2     | 1263.58   
travels   0.0        | 2.18       | 1.92       | 0.0        | 0.0        | 7.8        | 0.0       
charges   120.0      | 120.0      | 117.14     | 115.22     | 115.22     | 115.22     | 103.84    
~~~~~~~~~~~~~~~~~~~~~~~~~~~~~~~~~~~~~~~~~~
     Drone (3):
          12         | 9          | 2          | 12         | 1          | 10         | 5         
s_times   0.0        | 524.73     | 537.98     | 542.1      | 596.08     | 686.42     | 698.54    
c_times   516.93     | 528.31     | 540.0      | 565.06     | 656.08     | 690.0      | 699.22    
travels   7.8        | 9.67       | 2.1        | 31.02      | 30.34      | 8.54       | 0.0       
charges   120.0      | 108.62     | 96.93      | 94.83      | 120.0      | 86.08      | 76.86     
~~~~~~~~~~~~~~~~~~~~~~~~~~~~~~~~~~~~~~~~~~
     Drone (4):
          12         | 12         | 12         | 8          | 12         | 12         | 6         
s_times   0.0        | 896.07     | 896.07     | 900.0      | 907.04     | 907.04     | 1089.22   
c_times   896.07     | 896.07     | 896.07     | 901.68     | 907.04     | 1087.04    | 1089.9    
travels   0.0        | 0.0        | 3.93       | 5.36       | 0.0        | 2.18       | 0.0       
charges   120.0      | 120.0      | 120.0      | 114.39     | 109.03     | 109.03     | 106.17    
~~~~~~~~~~~~~~~~~~~~~~~~~~~~~~~~~~~~~~~~~~
***** nlp_Variables: 758
***** nlp_Constraints: 188
***** nlp_objective: 0.0
***** nlp_Sol_time: 4.948
     Drone (1):
          12         | 2          | 9          | 12         | 12         | 12         | 6         
s_times   0.0        | 525.0      | 536.42     | 547.26     | 547.26     | 547.26     | 1080.0    
c_times   521.64     | 527.02     | 540.0      | 547.26     | 547.26     | 1077.82    | 1080.68   
travels   3.36       | 9.4        | 7.26       | 0.0        | 0.0        | 2.18       | 0.0       
charges   120.0      | 114.62     | 101.64     | 94.38      | 94.38      | 94.38      | 91.52     
~~~~~~~~~~~~~~~~~~~~~~~~~~~~~~~~~~~~~~~~~~
     Drone (2):
          12         | 5          | 10         | 12         | 12         | 8          | 12        
s_times   0.0        | 706.61     | 716.42     | 727.26     | 727.26     | 900.0      | 907.04    
c_times   704.43     | 707.29     | 720.0      | 727.26     | 896.07     | 901.68     | 907.04    
travels   2.18       | 9.13       | 7.26       | 0.0        | 3.93       | 5.36       | 0.0       
charges   120.0      | 117.14     | 104.43     | 97.17      | 97.17      | 91.56      | 86.2      
~~~~~~~~~~~~~~~~~~~~~~~~~~~~~~~~~~~~~~~~~~
     Drone (3):
          12         | 4          | 12         | 12         | 12         | 3          | 12        
s_times   0.0        | 315.93     | 318.53     | 553.66     | 553.66     | 557.02     | 561.14    
c_times   313.75     | 316.61     | 553.66     | 553.66     | 553.66     | 559.04     | 561.14    
travels   2.18       | 1.92       | 0.0        | 0.0        | 3.36       | 2.1        | 0.0       
charges   120.0      | 117.14     | 115.22     | 115.22     | 115.22     | 109.84     | 107.74    
~~~~~~~~~~~~~~~~~~~~~~~~~~~~~~~~~~~~~~~~~~
     Drone (4):
          12         | 12         | 7          | 12         | 12         | 11         | 12        
s_times   0.0        | 864.39     | 868.32     | 875.36     | 875.36     | 1290.0     | 1300.84   
c_times   864.39     | 864.39     | 870.0      | 875.36     | 1282.2     | 1293.58    | 1440.0    
travels   0.0        | 3.93       | 5.36       | 0.0        | 7.8        | 7.26       | 0.0       
charges   120.0      | 120.0      | 114.39     | 109.03     | 109.03     | 97.65      | 90.39     
~~~~~~~~~~~~~~~~~~~~~~~~~~~~~~~~~~~~~~~~~~
