~~~~~~~~~~~~~~~~~~~ [3, 'SB', 5, 120] ~~~~~~~~~~~~~~~~~~~
     seed: 8891925380403011291
 Families: [[1], [2, 3], [4, 5, 6], [7, 8], [9, 10, 11], [12]]
  i_times: [750.0, 390.0, 930.0, 390.0]
Fam slots: [[1, 6], [2, 3, 6], [1, 7], [0, 1, 4]]
Ear_dates: [0, 180.0, 1080.0, 360.0, 540.0, 1080.0, 180.0, 1260.0, 0.0, 180.0, 720.0, 0]
Due_dates: [1440, 360.0, 1260.0, 540.0, 720.0, 1260.0, 360.0, 1440.0, 180.0, 360.0, 900.0, 1440]
Monitor_t: [60.0, 2.02, 2.02, 0.68, 0.68, 0.68, 1.68, 1.68, 3.58, 3.58, 3.58, 0.0]
~~~~~~~~~~~~~~~~~~~ Comparing the results ~~~~~~~~~~~~~~~~~~~
***** lp_Variables: 5238
***** lp_Constraints: 9992
***** lp_objective: 0.0
***** lp_Sol_time: 1.992
     Drone (1):
          12         | 2          | 12         | 12         | 12         | 7          | 4         
s_times   0.0        | 333.94     | 338.06     | 338.06     | 338.06     | 354.18     | 360.0     
c_times   330.58     | 335.96     | 338.06     | 338.06     | 350.25     | 355.86     | 360.68    
travels   3.36       | 2.1        | 0.0        | 0.0        | 3.93       | 4.14       | 0.0       
charges   120.0      | 114.62     | 112.52     | 112.52     | 112.52     | 106.91     | 102.09    
~~~~~~~~~~~~~~~~~~~~~~~~~~~~~~~~~~~~~~~~~~
     Drone (2):
          12         | 12         | 12         | 6          | 12         | 12         | 3         
s_times   0.0        | 1077.82    | 1077.82    | 1080.0     | 1082.6     | 1082.6     | 1085.96   
c_times   1077.82    | 1077.82    | 1077.82    | 1080.68    | 1082.6     | 1082.6     | 1087.98   
travels   0.0        | 0.0        | 2.18       | 1.92       | 0.0        | 3.36       | 0.0       
charges   120.0      | 120.0      | 120.0      | 117.14     | 115.22     | 115.22     | 109.84    
~~~~~~~~~~~~~~~~~~~~~~~~~~~~~~~~~~~~~~~~~~
     Drone (3):
          12         | 9          | 12         | 5          | 12         | 12         | 8         
s_times   0.0        | 7.8        | 18.64      | 719.32     | 721.92     | 721.92     | 1260.0    
c_times   0.0        | 11.38      | 717.14     | 720.0      | 721.92     | 1256.07    | 1261.68   
travels   7.8        | 7.26       | 2.18       | 1.92       | 0.0        | 3.93       | 0.0       
charges   120.0      | 108.62     | 101.36     | 98.5       | 96.58      | 96.58      | 90.97     
~~~~~~~~~~~~~~~~~~~~~~~~~~~~~~~~~~~~~~~~~~
     Drone (4):
          12         | 10         | 12         | 12         | 12         | 11         | 12        
s_times   0.0        | 356.42     | 367.26     | 742.2      | 742.2      | 750.0      | 760.84    
c_times   348.62     | 360.0      | 742.2      | 742.2      | 742.2      | 753.58     | 760.84    
travels   7.8        | 7.26       | 0.0        | 0.0        | 7.8        | 7.26       | 0.0       
charges   120.0      | 108.62     | 101.36     | 101.36     | 101.36     | 89.98      | 82.72     
~~~~~~~~~~~~~~~~~~~~~~~~~~~~~~~~~~~~~~~~~~
***** nlp_Variables: 758
***** nlp_Constraints: 188
***** nlp_objective: 0.0
***** nlp_Sol_time: 4.289
     Drone (1):
          12         | 5          | 12         | 12         | 11         | 12         | 6         
s_times   0.0        | 689.32     | 691.92     | 691.92     | 720.0      | 730.84     | 1080.0    
c_times   687.14     | 690.0      | 691.92     | 712.2      | 723.58     | 1077.82    | 1080.68   
travels   2.18       | 1.92       | 0.0        | 7.8        | 7.26       | 2.18       | 0.0       
charges   120.0      | 117.14     | 115.22     | 115.22     | 103.84     | 96.58      | 93.72     
~~~~~~~~~~~~~~~~~~~~~~~~~~~~~~~~~~~~~~~~~~
     Drone (2):
          12         | 1          | 10         | 12         | 12         | 12         | 8         
s_times   0.0        | 236.08     | 326.42     | 337.26     | 337.26     | 337.26     | 1260.0    
c_times   205.06     | 296.08     | 330.0      | 337.26     | 337.26     | 1256.07    | 1261.68   
travels   31.02      | 30.34      | 7.26       | 0.0        | 0.0        | 3.93       | 0.0       
charges   120.0      | 120.0      | 86.08      | 78.82      | 78.82      | 78.82      | 73.21     
~~~~~~~~~~~~~~~~~~~~~~~~~~~~~~~~~~~~~~~~~~
     Drone (3):
          9          | 12         | 12         | 12         | 12         | 7          | 12        
s_times   0.0        | 41.18      | 41.18      | 41.18      | 41.18      | 328.32     | 335.36    
c_times   33.92      | 41.18      | 41.18      | 41.18      | 324.39     | 330.0      | 335.36    
travels   7.26       | 0.0        | 0.0        | 0.0        | 3.93       | 5.36       | 0.0       
charges   86.08      | 78.82      | 78.82      | 78.82      | 78.82      | 73.21      | 67.85     
~~~~~~~~~~~~~~~~~~~~~~~~~~~~~~~~~~~~~~~~~~
     Drone (4):
          12         | 2          | 4          | 12         | 12         | 3          | 12        
s_times   0.0        | 355.27     | 360.0      | 362.6      | 362.6      | 1080.0     | 1084.12   
c_times   351.91     | 357.29     | 360.68     | 362.6      | 1076.64    | 1082.02    | 1084.12   
travels   3.36       | 2.71       | 1.92       | 0.0        | 3.36       | 2.1        | 0.0       
charges   120.0      | 114.62     | 111.23     | 109.31     | 109.31     | 103.93     | 101.83    
~~~~~~~~~~~~~~~~~~~~~~~~~~~~~~~~~~~~~~~~~~
