~~~~~~~~~~~~~~~~~~~ [5, 'LA', 7, 720, 120] ~~~~~~~~~~~~~~~~~~~
 Families: [[1], [2, 3, 4, 5], [6, 7, 8], [9, 10, 11, 12], [13, 14, 15], [16, 17, 18, 19], [20, 21, 22], [23, 24, 25], [26, 27, 28], [29]]
Due_dates: [1440, 360.0, 720.0, 1080.0, 1440.0, 480.0, 960.0, 1440.0, 360.0, 720.0, 1080.0, 1440.0, 480.0, 960.0, 1440.0, 360.0, 720.0, 1080.0, 1440.0, 480.0, 960.0, 1440.0, 480.0, 960.0, 1440.0, 480.0, 960.0, 1440.0, 1440]
Ear_dates: [0, 0.0, 0.0, 0.0, 0.0, 0.0, 0.0, 0.0, 0.0, 0.0, 0.0, 0.0, 0.0, 0.0, 0.0, 0.0, 0.0, 0.0, 0.0, 0.0, 0.0, 0.0, 0.0, 0.0, 0.0, 0.0, 0.0, 0.0, 0]
Monitor_t: [np.float64(60.0), np.float64(2.05), np.float64(2.05), np.float64(2.05), np.float64(2.05), np.float64(2.54), np.float64(2.54), np.float64(2.54), np.float64(7.51), np.float64(7.51), np.float64(7.51), np.float64(7.51), np.float64(3.93), np.float64(3.93), np.float64(3.93), np.float64(3.33), np.float64(3.33), np.float64(3.33), np.float64(3.33), np.float64(1.97), np.float64(1.97), np.float64(1.97), np.float64(3.72), np.float64(3.72), np.float64(3.72), np.float64(4.6), np.float64(4.6), np.float64(4.6), np.float64(0.0)]
~~~~~~~~~~~~~~~~~~~ Comparing the results ~~~~~~~~~~~~~~~~~~~
***** lp_objective: 0.0
***** lp_Sol_time: 78.996
     Drone (1):
          23         | 1          | 19         | 11         | 1          | 8          | 22        
s_times   0.0        | 71.97      | 192.4      | 223.08     | 306.62     | 416.28     | 427.63    
c_times   38.79      | 131.97     | 195.73     | 230.59     | 366.62     | 418.82     | 429.6     
travels   33.18      | 60.43      | 27.35      | 76.03      | 49.66      | 8.81       | 0.0       
charges   681.21     | 720.0      | 656.24     | 621.38     | 720.0      | 667.8      | 657.02    
~~~~~~~~~~~~~~~~~~~~~~~~~~~~~~~~~~~~~~~~~~
     Drone (2):
          2          | 24         | 1          | 1          | 20         | 1          | 1         
s_times   0.0        | 60.67      | 97.57      | 157.57     | 260.02     | 305.11     | 365.11    
c_times   46.93      | 64.39      | 157.57     | 217.57     | 261.99     | 365.11     | 425.11    
travels   13.74      | 33.18      | 1000.0     | 42.45      | 43.12      | 1000.0     | 0.0       
charges   673.07     | 655.61     | 720.0      | 720.0      | 675.58     | 720.0      | 720.0     
~~~~~~~~~~~~~~~~~~~~~~~~~~~~~~~~~~~~~~~~~~
     Drone (3):
          16         | 3          | 1          | 5          | 12         | 6          | 21        
s_times   0.0        | 84.82      | 130.73     | 235.61     | 268.02     | 313.51     | 324.86    
c_times   63.76      | 86.87      | 190.73     | 237.66     | 275.53     | 316.05     | 326.83    
travels   21.06      | 43.86      | 44.88      | 30.36      | 37.98      | 8.81       | 0.0       
charges   656.24     | 633.13     | 720.0      | 673.07     | 635.2      | 594.68     | 583.9     
~~~~~~~~~~~~~~~~~~~~~~~~~~~~~~~~~~~~~~~~~~
     Drone (4):
          26         | 14         | 17         | 27         | 18         | 15         | 10        
s_times   0.0        | 69.93      | 84.84      | 123.14     | 158.61     | 165.76     | 189.74    
c_times   33.41      | 73.86      | 88.17      | 127.74     | 161.94     | 169.69     | 197.25    
travels   36.52      | 10.98      | 34.97      | 30.87      | 3.82       | 20.05      | 0.0       
charges   686.59     | 646.14     | 631.83     | 592.26     | 558.06     | 550.31     | 522.75    
~~~~~~~~~~~~~~~~~~~~~~~~~~~~~~~~~~~~~~~~~~
     Drone (5):
          13         | 9          | 25         | 28         | 4          | 1          | 7         
s_times   0.0        | 88.56      | 144.03     | 152.81     | 180.75     | 226.66     | 336.32    
c_times   68.51      | 96.07      | 147.75     | 157.41     | 182.8      | 286.66     | 338.86    
travels   20.05      | 47.96      | 5.06       | 23.34      | 43.86      | 49.66      | 0.0       
charges   651.49     | 623.93     | 572.25     | 562.59     | 537.2      | 720.0      | 667.8     
~~~~~~~~~~~~~~~~~~~~~~~~~~~~~~~~~~~~~~~~~~
***** nlp_objective: 0.0
***** nlp_Sol_time: 514.983
     Drone (1):
          0          | 20         | 10         | 8          | 23         | 1          | 1         
s_times   0.0        | 0.0        | 33.22      | 78.71      | 95.89      | 132.79     | 1192.79   
c_times   0.0        | 1.97       | 40.73      | 81.25      | 99.61      | 192.79     | 1252.79   
travels   7.83       | 31.25      | 37.98      | 14.64      | 33.18      | 1000.0     | 0.0       
charges   720.0      | 718.03     | 679.27     | 638.75     | 620.39     | 720.0      | 720.0     
~~~~~~~~~~~~~~~~~~~~~~~~~~~~~~~~~~~~~~~~~~
     Drone (2):
          0          | 29         | 14         | 21         | 3          | 6          | 18        
s_times   0.0        | 0.0        | 15.55      | 44.33      | 48.42      | 62.69      | 77.89     
c_times   0.0        | 0.0        | 19.48      | 46.3       | 50.47      | 65.23      | 81.22     
travels   0.0        | 15.55      | 24.85      | 2.12       | 12.22      | 12.66      | 0.0       
charges   720.0      | 720.0      | 700.52     | 673.7      | 669.53     | 654.77     | 638.78    
~~~~~~~~~~~~~~~~~~~~~~~~~~~~~~~~~~~~~~~~~~
     Drone (3):
          0          | 13         | 26         | 7          | 11         | 19         | 24        
s_times   0.0        | 0.0        | 44.13      | 70.72      | 103.51     | 148.37     | 179.41    
c_times   0.0        | 3.93       | 48.73      | 73.26      | 111.02     | 151.7      | 183.13    
travels   15.55      | 40.2       | 21.99      | 30.25      | 37.35      | 27.71      | 0.0       
charges   720.0      | 716.07     | 671.27     | 646.74     | 608.98     | 568.3      | 536.87    
~~~~~~~~~~~~~~~~~~~~~~~~~~~~~~~~~~~~~~~~~~
     Drone (4):
          0          | 9          | 2          | 17         | 15         | 5          | 27        
s_times   0.0        | 0.0        | 42.08      | 66.34      | 73.49      | 100.15     | 123.97    
c_times   0.0        | 7.51       | 44.13      | 69.67      | 77.42      | 102.2      | 128.57    
travels   28.5       | 34.57      | 22.21      | 3.82       | 22.73      | 21.77      | 0.0       
charges   720.0      | 712.49     | 675.87     | 650.33     | 642.58     | 617.8      | 591.43    
~~~~~~~~~~~~~~~~~~~~~~~~~~~~~~~~~~~~~~~~~~
     Drone (5):
          16         | 4          | 12         | 22         | 28         | 25         | 1         
s_times   0.0        | 84.82      | 117.23     | 161.75     | 184.55     | 199.27     | 236.17    
c_times   63.76      | 86.87      | 124.74     | 163.72     | 189.15     | 202.99     | 296.17    
travels   21.06      | 30.36      | 37.01      | 20.83      | 10.12      | 33.18      | 0.0       
charges   656.24     | 633.13     | 595.26     | 556.28     | 530.85     | 517.01     | 720.0     
~~~~~~~~~~~~~~~~~~~~~~~~~~~~~~~~~~~~~~~~~~
