~~~~~~~~~~~~~~~~~~~ [5, 'SB_RS_LA', 11, 720, 1200] ~~~~~~~~~~~~~~~~~~~
 Families: [[1], [2, 3], [4, 5, 6], [7, 8], [9, 10, 11], [12, 13, 14], [15, 16], [17, 18], [19, 20], [21, 22, 23, 24], [25, 26, 27], [28, 29, 30, 31], [32, 33, 34], [35, 36, 37, 38], [39, 40, 41], [42, 43, 44], [45, 46, 47], [48], [49], [50]]
Due_dates: [1440, 720.0, 1440.0, 480.0, 960.0, 1440.0, 720.0, 1440.0, 480.0, 960.0, 1440.0, 480.0, 960.0, 1440.0, 720.0, 1440.0, 720.0, 1440.0, 720.0, 1440.0, 360.0, 720.0, 1080.0, 1440.0, 480.0, 960.0, 1440.0, 360.0, 720.0, 1080.0, 1440.0, 480.0, 960.0, 1440.0, 360.0, 720.0, 1080.0, 1440.0, 480.0, 960.0, 1440.0, 480.0, 960.0, 1440.0, 480.0, 960.0, 1440.0, 1440, 1440, 1440]
Ear_dates: [0, 0.0, 0.0, 0.0, 0.0, 0.0, 0.0, 0.0, 0.0, 0.0, 0.0, 0.0, 0.0, 0.0, 0.0, 0.0, 0.0, 0.0, 0.0, 0.0, 0.0, 0.0, 0.0, 0.0, 0.0, 0.0, 0.0, 0.0, 0.0, 0.0, 0.0, 0.0, 0.0, 0.0, 0.0, 0.0, 0.0, 0.0, 0.0, 0.0, 0.0, 0.0, 0.0, 0.0, 0.0, 0.0, 0.0, 0, 0, 0]
Monitor_t: [np.float64(60.0), np.float64(2.02), np.float64(2.02), np.float64(0.68), np.float64(0.68), np.float64(0.68), np.float64(1.68), np.float64(1.68), np.float64(3.58), np.float64(3.58), np.float64(3.58), np.float64(2.94), np.float64(2.94), np.float64(2.94), np.float64(1.03), np.float64(1.03), np.float64(1.66), np.float64(1.66), np.float64(1.4), np.float64(1.4), np.float64(2.05), np.float64(2.05), np.float64(2.05), np.float64(2.05), np.float64(2.54), np.float64(2.54), np.float64(2.54), np.float64(7.51), np.float64(7.51), np.float64(7.51), np.float64(7.51), np.float64(3.93), np.float64(3.93), np.float64(3.93), np.float64(3.33), np.float64(3.33), np.float64(3.33), np.float64(3.33), np.float64(1.97), np.float64(1.97), np.float64(1.97), np.float64(3.72), np.float64(3.72), np.float64(3.72), np.float64(4.6), np.float64(4.6), np.float64(4.6), np.float64(0.0), np.float64(0.0), np.float64(0.0)]
~~~~~~~~~~~~~~~~~~~ Comparing the results ~~~~~~~~~~~~~~~~~~~
***** lp_objective: 0.0
***** lp_Sol_time: 8537.13
     Drone (1):
          0          | 17         | 39         | 32         | 12         | 8          | 42         | 26         | 47         | 24         | 31        
s_times   0.0        | 0.0        | 69.32      | 94.83      | 227.7      | 266.61     | 334.84     | 355.9      | 381.17     | 409.11     | 441.52    
c_times   0.0        | 1.66       | 71.29      | 98.76      | 230.64     | 268.29     | 338.56     | 358.44     | 385.77     | 411.16     | 449.03    
travels   75.04      | 67.66      | 23.54      | 128.94     | 35.97      | 66.55      | 17.34      | 22.73      | 23.34      | 30.36      | 0.0       
charges   720.0      | 718.34     | 648.71     | 621.24     | 489.36     | 451.71     | 381.44     | 361.56     | 334.23     | 308.84     | 270.97    
~~~~~~~~~~~~~~~~~~~~~~~~~~~~~~~~~~~~~~~~~~
     Drone (2):
          9          | 1          | 21         | 1          | 34         | 43         | 30         | 15         | 14         | 40         | 16        
s_times   0.0        | 67.55      | 172.43     | 218.34     | 342.92     | 379.15     | 429.61     | 555.25     | 575.51     | 686.33     | 774.93    
c_times   33.92      | 127.55     | 174.48     | 278.34     | 346.85     | 382.87     | 437.12     | 556.28     | 578.45     | 688.3      | 775.96    
travels   33.63      | 44.88      | 43.86      | 64.58      | 32.3       | 46.74      | 118.13     | 19.23      | 107.88     | 86.63      | 0.0       
charges   686.08     | 720.0      | 673.07     | 720.0      | 651.49     | 615.47     | 561.22     | 442.06     | 419.89     | 310.04     | 222.38    
~~~~~~~~~~~~~~~~~~~~~~~~~~~~~~~~~~~~~~~~~~
     Drone (3):
          0          | 7          | 35         | 11         | 22         | 28         | 1          | 27         | 6          | 1          | 41        
s_times   0.0        | 0.0        | 93.56      | 188.38     | 267.45     | 299.86     | 383.4      | 493.06     | 577.17     | 610.6      | 713.05    
c_times   0.0        | 1.68       | 96.89      | 191.96     | 269.5      | 307.37     | 443.4      | 495.6      | 577.85     | 670.6      | 715.02    
travels   81.27      | 91.88      | 91.49      | 75.49      | 30.36      | 76.03      | 49.66      | 81.57      | 32.75      | 42.45      | 0.0       
charges   720.0      | 718.32     | 623.11     | 528.04     | 450.5      | 412.63     | 720.0      | 667.8      | 585.55     | 720.0      | 675.58    
~~~~~~~~~~~~~~~~~~~~~~~~~~~~~~~~~~~~~~~~~~
     Drone (4):
          0          | 19         | 36         | 45         | 2          | 25         | 33         | 5          | 44         | 13         | 18        
s_times   0.0        | 0.0        | 98.89      | 137.19     | 201.31     | 282.82     | 300.75     | 403.69     | 472.11     | 569.98     | 615.35    
c_times   0.0        | 1.4        | 102.22     | 141.79     | 203.33     | 285.36     | 304.68     | 404.37     | 475.83     | 572.92     | 617.01    
travels   89.8       | 97.49      | 34.97      | 59.52      | 79.49      | 15.39      | 99.01      | 67.74      | 94.15      | 42.43      | 0.0       
charges   720.0      | 718.6      | 617.78     | 578.21     | 516.67     | 434.64     | 415.32     | 315.63     | 244.17     | 147.08     | 102.99    
~~~~~~~~~~~~~~~~~~~~~~~~~~~~~~~~~~~~~~~~~~
     Drone (5):
          4          | 10         | 1          | 1          | 37         | 23         | 46         | 29         | 3          | 20         | 38        
s_times   0.0        | 42.42      | 79.63      | 139.63     | 260.06     | 284.45     | 308.27     | 365.49     | 473.75     | 500.06     | 598.95    
c_times   33.29      | 46.0       | 139.63     | 199.63     | 263.39     | 286.5      | 312.87     | 373.0      | 475.77     | 501.46     | 602.28    
travels   9.13       | 33.63      | 1000.0     | 60.43      | 21.06      | 21.77      | 52.62      | 100.75     | 24.29      | 97.49      | 0.0       
charges   686.71     | 674.0      | 720.0      | 720.0      | 656.24     | 633.13     | 606.76     | 546.63     | 443.86     | 418.17     | 317.35    
~~~~~~~~~~~~~~~~~~~~~~~~~~~~~~~~~~~~~~~~~~
***** nlp_objective: 0.0
***** nlp_Sol_time: 30175.07
     Drone (1):
          42         | 36         | 1          | 40         | 7          | 1          | 31         | 24         | 20         | 11         | 33        
s_times   0.0        | 66.25      | 132.34     | 234.79     | 311.27     | 344.45     | 477.85     | 519.93     | 607.24     | 642.21     | 742.19    
c_times   38.79      | 69.58      | 192.34     | 236.76     | 312.95     | 404.45     | 485.36     | 521.98     | 608.64     | 645.79     | 746.12    
travels   27.46      | 62.76      | 42.45      | 74.51      | 31.5       | 73.4       | 34.57      | 85.26      | 33.57      | 96.4       | 0.0       
charges   681.21     | 650.42     | 720.0      | 675.58     | 599.39     | 720.0      | 639.09     | 602.47     | 515.81     | 478.66     | 378.33    
~~~~~~~~~~~~~~~~~~~~~~~~~~~~~~~~~~~~~~~~~~
     Drone (2):
          0          | 35         | 45         | 28         | 17         | 44         | 1          | 38         | 30         | 22         | 14        
s_times   0.0        | 0.0        | 38.3       | 95.52      | 207.71     | 267.47     | 304.37     | 424.8      | 455.48     | 497.56     | 606.03    
c_times   0.0        | 3.33       | 42.9       | 103.03     | 209.37     | 271.19     | 364.37     | 428.13     | 462.99     | 499.61     | 608.97    
travels   13.85      | 34.97      | 52.62      | 104.68     | 58.1       | 33.18      | 60.43      | 27.35      | 34.57      | 106.42     | 0.0       
charges   720.0      | 716.67     | 677.1      | 616.97     | 510.63     | 448.81     | 720.0      | 656.24     | 621.38     | 584.76     | 475.4     
~~~~~~~~~~~~~~~~~~~~~~~~~~~~~~~~~~~~~~~~~~
     Drone (3):
          25         | 21         | 46         | 43         | 37         | 39         | 12         | 5          | 47         | 1          | 10        
s_times   0.0        | 60.09      | 83.91      | 98.63      | 129.81     | 155.75     | 263.39     | 303.18     | 365.37     | 401.88     | 492.22    
c_times   52.2       | 62.14      | 88.51      | 102.35     | 133.14     | 157.72     | 266.33     | 303.86     | 369.97     | 461.88     | 495.8     
travels   7.89       | 21.77      | 10.12      | 27.46      | 22.61      | 105.67     | 36.85      | 61.51      | 31.91      | 30.34      | 0.0       
charges   667.8      | 657.86     | 631.49     | 617.65     | 586.86     | 562.28     | 453.67     | 416.14     | 350.03     | 720.0      | 686.08    
~~~~~~~~~~~~~~~~~~~~~~~~~~~~~~~~~~~~~~~~~~
     Drone (4):
          2          | 1          | 9          | 3          | 26         | 8          | 41         | 29         | 13         | 1          | 34        
s_times   0.0        | 59.89      | 150.23     | 163.48     | 244.99     | 328.68     | 404.06     | 437.28     | 582.73     | 651.16     | 775.74    
c_times   29.96      | 119.89     | 153.81     | 165.5      | 247.53     | 330.36     | 406.03     | 444.79     | 585.67     | 711.16     | 779.67    
travels   29.93      | 30.34      | 9.67       | 79.49      | 81.15      | 73.7       | 31.25      | 137.94     | 65.49      | 64.58      | 0.0       
charges   690.04     | 720.0      | 686.08     | 674.39     | 592.36     | 509.53     | 433.86     | 395.1      | 254.22     | 720.0      | 651.49    
~~~~~~~~~~~~~~~~~~~~~~~~~~~~~~~~~~~~~~~~~~
     Drone (5):
          4          | 1          | 15         | 32         | 27         | 19         | 18         | 6          | 23         | 1          | 16        
s_times   0.0        | 66.04      | 169.66     | 279.81     | 301.56     | 393.23     | 408.98     | 438.32     | 515.63     | 561.54     | 665.16    
c_times   33.29      | 126.04     | 170.69     | 283.74     | 304.1      | 394.63     | 410.64     | 439.0      | 517.68     | 621.54     | 666.19    
travels   32.75      | 43.62      | 109.12     | 17.82      | 89.13      | 14.35      | 27.68      | 76.63      | 43.86      | 43.62      | 0.0       
charges   686.71     | 720.0      | 675.35     | 562.3      | 541.94     | 451.41     | 435.4      | 407.04     | 328.36     | 720.0      | 675.35    
~~~~~~~~~~~~~~~~~~~~~~~~~~~~~~~~~~~~~~~~~~
