~~~~~~~~~~~~~~~~~~~ [4, 'SB_RS', 6, 720, 360] ~~~~~~~~~~~~~~~~~~~
 Families: [[1], [2, 3], [4, 5, 6], [7, 8], [9, 10, 11], [12, 13, 14], [15, 16], [17, 18], [19, 20], [21], [22]]
Due_dates: [1440, 720.0, 1440.0, 480.0, 960.0, 1440.0, 720.0, 1440.0, 480.0, 960.0, 1440.0, 480.0, 960.0, 1440.0, 720.0, 1440.0, 720.0, 1440.0, 720.0, 1440.0, 1440, 1440]
Ear_dates: [0, 0.0, 0.0, 0.0, 0.0, 0.0, 0.0, 0.0, 0.0, 0.0, 0.0, 0.0, 0.0, 0.0, 0.0, 0.0, 0.0, 0.0, 0.0, 0.0, 0, 0]
Monitor_t: [np.float64(60.0), np.float64(2.02), np.float64(2.02), np.float64(0.68), np.float64(0.68), np.float64(0.68), np.float64(1.68), np.float64(1.68), np.float64(3.58), np.float64(3.58), np.float64(3.58), np.float64(2.94), np.float64(2.94), np.float64(2.94), np.float64(1.03), np.float64(1.03), np.float64(1.66), np.float64(1.66), np.float64(1.4), np.float64(1.4), np.float64(0.0), np.float64(0.0)]
~~~~~~~~~~~~~~~~~~~ Comparing the results ~~~~~~~~~~~~~~~~~~~
***** lp_objective: 0.0
***** lp_Sol_time: 5.792
     Drone (1):
          4          | 20         | 1          | 6          | 1          | 14        
s_times   0.0        | 58.24      | 100.72     | 193.33     | 226.76     | 349.33    
c_times   33.29      | 59.64      | 160.72     | 194.01     | 286.76     | 352.27    
travels   24.95      | 41.08      | 32.61      | 32.75      | 62.57      | 0.0       
charges   686.71     | 660.36     | 720.0      | 686.71     | 720.0      | 654.49    
~~~~~~~~~~~~~~~~~~~~~~~~~~~~~~~~~~~~~~~~~~
     Drone (2):
          19         | 12         | 1          | 16         | 3          | 1         
s_times   0.0        | 68.91      | 137.34     | 240.96     | 260.65     | 292.6     
c_times   43.56      | 71.85      | 197.34     | 241.99     | 262.67     | 352.6     
travels   25.35      | 65.49      | 43.62      | 18.66      | 29.93      | 0.0       
charges   676.44     | 648.15     | 720.0      | 675.35     | 654.67     | 720.0     
~~~~~~~~~~~~~~~~~~~~~~~~~~~~~~~~~~~~~~~~~~
     Drone (3):
          7          | 18         | 2          | 1          | 15         | 11        
s_times   0.0        | 56.52      | 83.57      | 115.52     | 219.14     | 244.36    
c_times   33.69      | 58.18      | 85.59      | 175.52     | 220.17     | 247.94    
travels   22.83      | 25.39      | 29.93      | 43.62      | 24.19      | 0.0       
charges   686.31     | 661.82     | 634.41     | 720.0      | 675.35     | 647.58    
~~~~~~~~~~~~~~~~~~~~~~~~~~~~~~~~~~~~~~~~~~
     Drone (4):
          17         | 5          | 9          | 8          | 10         | 13        
s_times   0.0        | 59.1       | 68.91      | 83.42      | 98.19      | 142.16    
c_times   31.42      | 59.78      | 72.49      | 85.1       | 101.77     | 145.1     
travels   27.68      | 9.13       | 10.93      | 13.09      | 40.39      | 0.0       
charges   688.58     | 660.22     | 647.51     | 634.9      | 618.23     | 574.9     
~~~~~~~~~~~~~~~~~~~~~~~~~~~~~~~~~~~~~~~~~~
***** nlp_objective: 0.0
***** nlp_Sol_time: 14.826
     Drone (1):
          9          | 13         | 20         | 14         | 5          | 16        
s_times   0.0        | 74.31      | 104.01     | 130.76     | 170.55     | 185.67    
c_times   33.92      | 77.25      | 105.41     | 133.7      | 171.23     | 186.7     
travels   40.39      | 26.76      | 25.35      | 36.85      | 14.44      | 0.0       
charges   686.08     | 642.75     | 614.59     | 586.3      | 548.77     | 533.3     
~~~~~~~~~~~~~~~~~~~~~~~~~~~~~~~~~~~~~~~~~~
     Drone (2):
          0          | 0          | 4          | 2          | 12         | 17        
s_times   0.0        | 0.0        | 0.0        | 5.53       | 43.6       | 88.97     
c_times   0.0        | 0.0        | 0.68       | 7.55       | 46.54      | 90.63     
travels   0.0        | 20.98      | 4.85       | 36.05      | 42.43      | 0.0       
charges   720.0      | 720.0      | 719.32     | 712.45     | 673.46     | 629.37    
~~~~~~~~~~~~~~~~~~~~~~~~~~~~~~~~~~~~~~~~~~
     Drone (3):
          7          | 1          | 3          | 15         | 18         | 6         
s_times   0.0        | 65.19      | 153.13     | 170.97     | 199.64     | 228.98    
c_times   33.69      | 125.19     | 155.15     | 172.0      | 201.3      | 229.66    
travels   31.5       | 27.94      | 15.82      | 27.64      | 27.68      | 0.0       
charges   686.31     | 720.0      | 690.04     | 673.19     | 643.89     | 615.53    
~~~~~~~~~~~~~~~~~~~~~~~~~~~~~~~~~~~~~~~~~~
     Drone (4):
          0          | 0          | 19         | 10         | 8          | 11        
s_times   0.0        | 0.0        | 0.0        | 34.97      | 49.48      | 64.25     
c_times   0.0        | 0.0        | 1.4        | 38.55      | 51.16      | 67.83     
travels   0.0        | 5.84       | 33.57      | 10.93      | 13.09      | 0.0       
charges   720.0      | 720.0      | 718.6      | 681.45     | 668.84     | 652.17    
~~~~~~~~~~~~~~~~~~~~~~~~~~~~~~~~~~~~~~~~~~
