~~~~~~~~~~~~~~~~~~~ [3, 'SB', 5, 360] ~~~~~~~~~~~~~~~~~~~
     seed: 2553554091990840334
 Families: [[1], [2, 3], [4, 5, 6], [7, 8], [9, 10, 11], [12]]
  i_times: [600.0, 420.0, 600.0, 420.0]
Fam slots: [[2, 6], [2, 5, 7], [2, 6], [0, 3, 6]]
Ear_dates: [0, 360.0, 1080.0, 360.0, 900.0, 1260.0, 360.0, 1080.0, 0.0, 540.0, 1080.0, 0]
Due_dates: [1440, 540.0, 1260.0, 540.0, 1080.0, 1440.0, 540.0, 1260.0, 180.0, 720.0, 1260.0, 1440]
Monitor_t: [60.0, 1.35, 1.35, 0.46, 0.46, 0.46, 1.12, 1.12, 2.39, 2.39, 2.39, 0.0]
~~~~~~~~~~~~~~~~~~~ Comparing the results ~~~~~~~~~~~~~~~~~~~
***** lp_Variables: 2792
***** lp_Constraints: 5094
***** lp_objective: 1028.2
***** lp_Sol_time: 16.362
     Drone (1):
          7          | 1          | 4          | 0          | 8         
s_times   21.34      | 43.46      | 125.2      | 125.66     | 125.66    
c_times   22.46      | 103.46     | 125.66     | 125.66     | 126.78    
travels   21.0       | 21.74      | 1.28       | 2.62       | 0.0       
charges   337.54     | 360.0      | 337.8      | 337.8      | 336.68    
~~~~~~~~~~~~~~~~~~~~~~~~~~~~~~~~~~~~~~~~~~
     Drone (2):
          2          | 1          | 10         | 3          | 5         
s_times   18.63      | 39.93      | 120.15     | 128.99     | 132.15    
c_times   19.98      | 99.93      | 122.54     | 130.34     | 132.61    
travels   19.95      | 20.22      | 6.45       | 1.81       | 0.0       
charges   340.02     | 360.0      | 337.39     | 329.59     | 327.32    
~~~~~~~~~~~~~~~~~~~~~~~~~~~~~~~~~~~~~~~~~~
     Drone (3):
          9          | 1          | 11         | 1          | 6         
s_times   20.22      | 45.03      | 125.25     | 150.06     | 231.8     
c_times   22.61      | 105.03     | 127.64     | 210.06     | 232.26    
travels   22.42      | 20.22      | 22.42      | 21.74      | 0.0       
charges   337.39     | 360.0      | 337.39     | 360.0      | 337.8     
~~~~~~~~~~~~~~~~~~~~~~~~~~~~~~~~~~~~~~~~~~
***** nlp_Variables: 227
***** nlp_Constraints: 112
***** nlp_objective: 1028.2
***** nlp_Sol_time: 22.439
     Drone (1):
          7          | 4          | 1          | 5          | 3         
s_times   21.34      | 25.22      | 47.52      | 129.26     | 132.95    
c_times   22.46      | 25.68      | 107.52     | 129.72     | 134.3     
travels   2.76       | 21.84      | 21.74      | 3.23       | 0.0       
charges   337.54     | 334.32     | 360.0      | 337.8      | 333.22    
~~~~~~~~~~~~~~~~~~~~~~~~~~~~~~~~~~~~~~~~~~
     Drone (2):
          9          | 1          | 10         | 1          | 6         
s_times   20.22      | 45.03      | 125.25     | 150.06     | 231.8     
c_times   22.61      | 105.03     | 127.64     | 210.06     | 232.26    
travels   22.42      | 20.22      | 22.42      | 21.74      | 0.0       
charges   337.39     | 360.0      | 337.39     | 360.0      | 337.8     
~~~~~~~~~~~~~~~~~~~~~~~~~~~~~~~~~~~~~~~~~~
     Drone (3):
          2          | 1          | 12         | 8          | 11        
s_times   18.63      | 39.93      | 120.61     | 123.23     | 133.08    
c_times   19.98      | 99.93      | 120.61     | 124.35     | 135.47    
travels   19.95      | 20.68      | 2.62       | 8.73       | 0.0       
charges   340.02     | 360.0      | 339.32     | 335.58     | 324.46    
~~~~~~~~~~~~~~~~~~~~~~~~~~~~~~~~~~~~~~~~~~
