~~~~~~~~~~~~~~~~~~~ [3, 'SB', 5, 360] ~~~~~~~~~~~~~~~~~~~
     seed: 6796075439175959203
 Families: [[1], [2, 3], [4, 5, 6], [7, 8], [9, 10, 11], [12]]
  i_times: [240.0, 600.0, 600.0, 780.0]
Fam slots: [[2, 4], [1, 5, 6], [1, 5], [0, 2, 7]]
Ear_dates: [0, 360.0, 720.0, 180.0, 900.0, 1080.0, 180.0, 900.0, 0.0, 360.0, 1260.0, 0]
Due_dates: [1440, 540.0, 900.0, 360.0, 1080.0, 1260.0, 360.0, 1080.0, 180.0, 540.0, 1440.0, 1440]
Monitor_t: [60.0, 1.35, 1.35, 0.46, 0.46, 0.46, 1.12, 1.12, 2.39, 2.39, 2.39, 0.0]
~~~~~~~~~~~~~~~~~~~ Comparing the results ~~~~~~~~~~~~~~~~~~~
***** lp_Variables: 2792
***** lp_Constraints: 5094
***** lp_objective: 1029.7199999999996
***** lp_Sol_time: 18.431
     Drone (1):
          9          | 1          | 10         | 1          | 11        
s_times   20.22      | 45.03      | 125.25     | 150.06     | 230.28    
c_times   22.61      | 105.03     | 127.64     | 210.06     | 232.67    
travels   22.42      | 20.22      | 22.42      | 20.22      | 0.0       
charges   337.39     | 360.0      | 337.39     | 360.0      | 337.39    
~~~~~~~~~~~~~~~~~~~~~~~~~~~~~~~~~~~~~~~~~~
     Drone (2):
          2          | 0          | 3          | 5          | 7         
s_times   18.63      | 19.98      | 19.98      | 23.14      | 25.7      
c_times   19.98      | 19.98      | 21.33      | 23.6       | 26.82     
travels   1.4        | 2.24       | 1.81       | 2.1        | 0.0       
charges   340.02     | 340.02     | 338.67     | 336.4      | 333.18    
~~~~~~~~~~~~~~~~~~~~~~~~~~~~~~~~~~~~~~~~~~
     Drone (3):
          4          | 1          | 6          | 0          | 8         
s_times   21.74      | 44.04      | 125.78     | 126.24     | 126.24    
c_times   22.2       | 104.04     | 126.24     | 126.24     | 127.36    
travels   21.84      | 21.74      | 1.28       | 2.62       | 0.0       
charges   337.8      | 360.0      | 337.8      | 337.8      | 336.68    
~~~~~~~~~~~~~~~~~~~~~~~~~~~~~~~~~~~~~~~~~~
***** nlp_Variables: 227
***** nlp_Constraints: 112
***** nlp_objective: 1029.7200000000003
***** nlp_Sol_time: 36.154
     Drone (1):
          7          | 1          | 3          | 8          | 6         
s_times   21.34      | 43.46      | 122.09     | 125.33     | 129.21    
c_times   22.46      | 103.46     | 123.44     | 126.45     | 129.67    
travels   21.0       | 18.63      | 1.89       | 2.76       | 0.0       
charges   337.54     | 360.0      | 340.02     | 337.01     | 333.79    
~~~~~~~~~~~~~~~~~~~~~~~~~~~~~~~~~~~~~~~~~~
     Drone (2):
          9          | 1          | 10         | 1          | 11        
s_times   20.22      | 45.03      | 125.25     | 150.06     | 230.28    
c_times   22.61      | 105.03     | 127.64     | 210.06     | 232.67    
travels   22.42      | 20.22      | 22.42      | 20.22      | 0.0       
charges   337.39     | 360.0      | 337.39     | 360.0      | 337.39    
~~~~~~~~~~~~~~~~~~~~~~~~~~~~~~~~~~~~~~~~~~
     Drone (3):
          0          | 1          | 4          | 2          | 5         
s_times   0.0        | 0.0        | 81.74      | 85.43      | 88.59     
c_times   0.0        | 60.0       | 82.2       | 86.78      | 89.05     
travels   20.68      | 21.74      | 3.23       | 1.81       | 0.0       
charges   360.0      | 360.0      | 337.8      | 333.22     | 330.95    
~~~~~~~~~~~~~~~~~~~~~~~~~~~~~~~~~~~~~~~~~~
