~~~~~~~~~~~~~~~~~~~ [3, 'SB_RS', 8, 360] ~~~~~~~~~~~~~~~~~~~
     seed: 8261620129575416278
 Families: [[1], [2, 3], [4, 5, 6], [7, 8], [9, 10, 11], [12, 13, 14], [15, 16], [17, 18], [19, 20], [21], [22]]
  i_times: [240.0, 600.0, 960.0, 960.0, 240.0, 240.0, 420.0, 420.0]
Fam slots: [[4, 6], [0, 4, 7], [1, 7], [0, 1, 7], [2, 4, 6], [4, 6], [1, 4], [0, 3]]
Ear_dates: [0, 720.0, 1080.0, 0.0, 720.0, 1260.0, 180.0, 1260.0, 0.0, 180.0, 1260.0, 360.0, 720.0, 1080.0, 720.0, 1080.0, 180.0, 720.0, 0.0, 540.0, 0, 0]
Due_dates: [1440, 900.0, 1260.0, 180.0, 900.0, 1440.0, 360.0, 1440.0, 180.0, 360.0, 1440.0, 540.0, 900.0, 1260.0, 900.0, 1260.0, 360.0, 900.0, 180.0, 720.0, 1440, 1440]
Monitor_t: [60.0, 1.35, 1.35, 0.46, 0.46, 0.46, 1.12, 1.12, 2.39, 2.39, 2.39, 1.96, 1.96, 1.96, 0.69, 0.69, 1.1, 1.1, 0.94, 0.94, 0.0, 0.0]
~~~~~~~~~~~~~~~~~~~ Comparing the results ~~~~~~~~~~~~~~~~~~~
***** lp_Variables: 2792
***** lp_Constraints: 5098
***** lp_objective: 1137.2599999999998
***** lp_Sol_time: 17.24
     Drone (1):
          9          | 1          | 5          | 1          | 11        
s_times   0.51       | 1.13       | 61.67      | 62.23      | 122.74    
c_times   0.57       | 61.13      | 61.68      | 122.23     | 122.8     
travels   0.56       | 0.54       | 0.55       | 0.51       | 0.0       
charges   359.43     | 360.0      | 359.45     | 360.0      | 359.43    
~~~~~~~~~~~~~~~~~~~~~~~~~~~~~~~~~~~~~~~~~~
     Drone (2):
          4          | 1          | 10         | 1          | 6         
s_times   0.54       | 1.1        | 61.61      | 62.23      | 122.77    
c_times   0.55       | 61.1       | 61.67      | 122.23     | 122.78    
travels   0.55       | 0.51       | 0.56       | 0.54       | 0.0       
charges   359.45     | 360.0      | 359.43     | 360.0      | 359.45    
~~~~~~~~~~~~~~~~~~~~~~~~~~~~~~~~~~~~~~~~~~
     Drone (3):
          2          | 7          | 0          | 3          | 8         
s_times   0.47       | 0.55       | 0.58       | 0.58       | 0.66      
c_times   0.5        | 0.58       | 0.58       | 0.61       | 0.69      
travels   0.05       | 0.09       | 0.06       | 0.05       | 0.0       
charges   359.5      | 359.42     | 359.42     | 359.39     | 359.31    
~~~~~~~~~~~~~~~~~~~~~~~~~~~~~~~~~~~~~~~~~~
***** nlp_Variables: 602
***** nlp_Constraints: 185
***** nlp_objective: 908.28
***** nlp_Sol_time: 1801.611
     Drone (1):
          12         | 1          | 16         | 1          | 20         | 10         | 18         | 6         
s_times   41.71      | 87.33      | 176.41     | 206.86     | 294.96     | 318.28     | 343.63     | 363.18    
c_times   43.67      | 147.33     | 177.1      | 266.86     | 295.9      | 320.67     | 344.73     | 363.64    
travels   43.66      | 29.08      | 29.76      | 28.1       | 22.38      | 22.96      | 18.45      | 0.0       
charges   316.33     | 360.0      | 330.23     | 360.0      | 330.96     | 306.19     | 282.13     | 263.22    
~~~~~~~~~~~~~~~~~~~~~~~~~~~~~~~~~~~~~~~~~~
     Drone (2):
          17         | 15         | 1          | 13         | 1          | 14         | 11         | 8         
s_times   19.84      | 39.89      | 70.34      | 172.05     | 217.67     | 319.38     | 351.72     | 361.39    
c_times   20.94      | 40.58      | 130.34     | 174.01     | 277.67     | 321.34     | 354.11     | 362.51    
travels   18.95      | 29.76      | 41.71      | 43.66      | 41.71      | 30.38      | 7.28       | 0.0       
charges   339.06     | 319.42     | 360.0      | 316.33     | 360.0      | 316.33     | 283.56     | 275.16    
~~~~~~~~~~~~~~~~~~~~~~~~~~~~~~~~~~~~~~~~~~
     Drone (3):
          7          | 1          | 2          | 9          | 19         | 4          | 3          | 5         
s_times   21.34      | 43.46      | 122.09     | 129.7      | 153.97     | 171.13     | 174.82     | 177.98    
c_times   22.46      | 103.46     | 123.44     | 132.09     | 154.91     | 171.59     | 176.17     | 178.44    
travels   21.0       | 18.63      | 6.26       | 21.88      | 16.22      | 3.23       | 1.81       | 0.0       
charges   337.54     | 360.0      | 340.02     | 331.37     | 308.55     | 291.87     | 287.29     | 285.02    
~~~~~~~~~~~~~~~~~~~~~~~~~~~~~~~~~~~~~~~~~~
