~~~~~~~~~~~~~~~~~~~ [3, 'SB', 5, 360] ~~~~~~~~~~~~~~~~~~~
     seed: 9134111032749600950
 Families: [[1], [2, 3], [4, 5, 6], [7, 8], [9, 10, 11], [12]]
  i_times: [570.0, 570.0, 750.0, 30.0]
Fam slots: [[3, 7], [0, 1, 5], [1, 6], [2, 3, 4]]
Ear_dates: [0, 540.0, 1260.0, 0.0, 180.0, 900.0, 180.0, 1080.0, 360.0, 540.0, 720.0, 0]
Due_dates: [1440, 720.0, 1440.0, 180.0, 360.0, 1080.0, 360.0, 1260.0, 540.0, 720.0, 900.0, 1440]
Monitor_t: [60.0, 3.36, 3.36, 1.14, 1.14, 1.14, 2.79, 2.79, 5.97, 5.97, 5.97, 0.0]
~~~~~~~~~~~~~~~~~~~ Comparing the results ~~~~~~~~~~~~~~~~~~~
***** lp_Variables: 2792
***** lp_Constraints: 5094
***** lp_objective: 870.77
***** lp_Sol_time: 570.5
     Drone (1):
          9          | 1          | 6          | 1          | 3         
s_times   50.56      | 112.58     | 226.93     | 282.66     | 389.23    
c_times   56.53      | 172.58     | 228.07     | 342.66     | 392.59    
travels   56.05      | 54.35      | 54.59      | 46.57      | 0.0       
charges   303.47     | 360.0      | 304.51     | 360.0      | 310.07    
~~~~~~~~~~~~~~~~~~~~~~~~~~~~~~~~~~~~~~~~~~
     Drone (2):
          2          | 10         | 1          | 12         | 8         
s_times   46.57      | 65.59      | 127.61     | 239.31     | 245.86    
c_times   49.93      | 71.56      | 187.61     | 239.31     | 248.65    
travels   15.66      | 56.05      | 51.7       | 6.55       | 0.0       
charges   310.07     | 288.44     | 360.0      | 308.3      | 298.96    
~~~~~~~~~~~~~~~~~~~~~~~~~~~~~~~~~~~~~~~~~~
     Drone (3):
          4          | 0          | 7          | 5          | 11        
s_times   54.35      | 55.49      | 55.49      | 65.18      | 81.54     
c_times   55.49      | 55.49      | 58.28      | 66.32      | 87.51     
travels   3.21       | 6.55       | 6.9        | 15.22      | 0.0       
charges   304.51     | 304.51     | 301.72     | 293.68     | 272.49    
~~~~~~~~~~~~~~~~~~~~~~~~~~~~~~~~~~~~~~~~~~
***** nlp_Variables: 227
***** nlp_Constraints: 112
***** nlp_objective: 870.7699999124051
***** nlp_Sol_time: 135.817
     Drone (1):
          7          | 1          | 8          | 1          | 0         
s_times   53.34      | 108.62     | 221.96     | 277.24     | 383.81    
c_times   56.13      | 168.62     | 224.75     | 337.24     | 387.17    
travels   52.49      | 53.34      | 52.49      | 51.7       | 0.0       
charges   303.87     | 360.0      | 303.87     | 360.0      | 310.07    
~~~~~~~~~~~~~~~~~~~~~~~~~~~~~~~~~~~~~~~~~~
     Drone (2):
          9          | 1          | 6          | 1          | 0         
s_times   50.56      | 112.58     | 226.93     | 282.66     | 389.23    
c_times   56.53      | 172.58     | 228.07     | 342.66     | 392.59    
travels   56.05      | 54.35      | 54.59      | 51.7       | 0.0       
charges   303.47     | 360.0      | 304.51     | 360.0      | 310.07    
~~~~~~~~~~~~~~~~~~~~~~~~~~~~~~~~~~~~~~~~~~
     Drone (3):
          4          | 10         | 12         | 11         | 5         
s_times   54.35      | 70.71      | 88.78      | 101.78     | 121.99    
c_times   55.49      | 76.68      | 88.78      | 107.75     | 123.13    
travels   15.22      | 12.1       | 13.0       | 14.24      | 0.0       
charges   304.51     | 283.32     | 271.22     | 252.25     | 236.87    
~~~~~~~~~~~~~~~~~~~~~~~~~~~~~~~~~~~~~~~~~~
