~~~~~~~~~~~~~~~~~~~ [3, 'SB', 5, 360] ~~~~~~~~~~~~~~~~~~~
     seed: 6590051299909042389
 Families: [[1], [2, 3], [4, 5, 6], [7, 8], [9, 10, 11], [12]]
  i_times: [390.0, 750.0, 1110.0, 390.0]
Fam slots: [[3, 6], [0, 5, 6], [0, 7], [2, 5, 7]]
Ear_dates: [0, 540.0, 1080.0, 0.0, 900.0, 1080.0, 0.0, 1260.0, 360.0, 900.0, 1260.0, 0]
Due_dates: [1440, 720.0, 1260.0, 180.0, 1080.0, 1260.0, 180.0, 1440.0, 540.0, 1080.0, 1440.0, 1440]
Monitor_t: [60.0, 3.36, 3.36, 1.14, 1.14, 1.14, 2.79, 2.79, 5.97, 5.97, 5.97, 0.0]
~~~~~~~~~~~~~~~~~~~ Comparing the results ~~~~~~~~~~~~~~~~~~~
***** lp_Variables: 2792
***** lp_Constraints: 5094
***** lp_objective: 866.5
***** lp_Sol_time: 14.491
     Drone (1):
          7          | 5          | 2          | 1          | 3         
s_times   53.34      | 63.03      | 72.25      | 125.49     | 232.06    
c_times   56.13      | 64.17      | 75.61      | 185.49     | 235.42    
travels   6.9        | 8.08       | 49.88      | 46.57      | 0.0       
charges   303.87     | 295.83     | 284.39     | 360.0      | 310.07    
~~~~~~~~~~~~~~~~~~~~~~~~~~~~~~~~~~~~~~~~~~
     Drone (2):
          4          | 1          | 6          | 1          | 8         
s_times   54.35      | 110.08     | 224.43     | 280.16     | 393.5     
c_times   55.49      | 170.08     | 225.57     | 340.16     | 396.29    
travels   54.59      | 54.35      | 54.59      | 53.34      | 0.0       
charges   304.51     | 360.0      | 304.51     | 360.0      | 303.87    
~~~~~~~~~~~~~~~~~~~~~~~~~~~~~~~~~~~~~~~~~~
     Drone (3):
          9          | 1          | 10         | 1          | 11        
s_times   50.56      | 112.58     | 223.14     | 285.16     | 395.72    
c_times   56.53      | 172.58     | 229.11     | 345.16     | 401.69    
travels   56.05      | 50.56      | 56.05      | 50.56      | 0.0       
charges   303.47     | 360.0      | 303.47     | 360.0      | 303.47    
~~~~~~~~~~~~~~~~~~~~~~~~~~~~~~~~~~~~~~~~~~
***** nlp_Variables: 227
***** nlp_Constraints: 112
***** nlp_objective: 866.5
***** nlp_Sol_time: 18.262
     Drone (1):
          7          | 2          | 5          | 1          | 3         
s_times   53.34      | 64.7       | 72.58      | 128.31     | 234.88    
c_times   56.13      | 68.06      | 73.72      | 188.31     | 238.24    
travels   8.57       | 4.52       | 54.59      | 46.57      | 0.0       
charges   303.87     | 291.94     | 286.28     | 360.0      | 310.07    
~~~~~~~~~~~~~~~~~~~~~~~~~~~~~~~~~~~~~~~~~~
     Drone (2):
          4          | 1          | 6          | 1          | 8         
s_times   54.35      | 110.08     | 224.43     | 280.16     | 393.5     
c_times   55.49      | 170.08     | 225.57     | 340.16     | 396.29    
travels   54.59      | 54.35      | 54.59      | 53.34      | 0.0       
charges   304.51     | 360.0      | 304.51     | 360.0      | 303.87    
~~~~~~~~~~~~~~~~~~~~~~~~~~~~~~~~~~~~~~~~~~
     Drone (3):
          9          | 1          | 10         | 1          | 11        
s_times   50.56      | 112.58     | 223.14     | 285.16     | 395.72    
c_times   56.53      | 172.58     | 229.11     | 345.16     | 401.69    
travels   56.05      | 50.56      | 56.05      | 50.56      | 0.0       
charges   303.47     | 360.0      | 303.47     | 360.0      | 303.47    
~~~~~~~~~~~~~~~~~~~~~~~~~~~~~~~~~~~~~~~~~~
