~~~~~~~~~~~~~~~~~~~ [3, 'SB', 5, 360] ~~~~~~~~~~~~~~~~~~~
     seed: 6378580015889268763
 Families: [[1], [2, 3], [4, 5, 6], [7, 8], [9, 10, 11], [12]]
  i_times: [750.0, 210.0, 390.0, 210.0]
Fam slots: [[2, 7], [1, 3, 5], [0, 3], [0, 2, 3]]
Ear_dates: [0, 360.0, 1260.0, 180.0, 540.0, 900.0, 0.0, 540.0, 0.0, 360.0, 540.0, 0]
Due_dates: [1440, 540.0, 1440.0, 360.0, 720.0, 1080.0, 180.0, 720.0, 180.0, 540.0, 720.0, 1440]
Monitor_t: [60.0, 3.36, 3.36, 1.14, 1.14, 1.14, 2.79, 2.79, 5.97, 5.97, 5.97, 0.0]
~~~~~~~~~~~~~~~~~~~ Comparing the results ~~~~~~~~~~~~~~~~~~~
***** lp_Variables: 2792
***** lp_Constraints: 5094
***** lp_objective: 868.2699999999988
***** lp_Sol_time: 34.813
     Drone (1):
          4          | 7          | 5          | 8          | 0         
s_times   54.35      | 60.74      | 70.43      | 76.82      | 79.61     
c_times   55.49      | 63.53      | 71.57      | 79.61      | 79.61     
travels   5.25       | 6.9        | 5.25       | 8.94       | 0.0       
charges   304.51     | 296.47     | 288.43     | 280.39     | 280.39    
~~~~~~~~~~~~~~~~~~~~~~~~~~~~~~~~~~~~~~~~~~
     Drone (2):
          9          | 1          | 10         | 1          | 3         
s_times   50.56      | 112.58     | 223.14     | 285.16     | 391.73    
c_times   56.53      | 172.58     | 229.11     | 345.16     | 395.09    
travels   56.05      | 50.56      | 56.05      | 46.57      | 0.0       
charges   303.47     | 360.0      | 303.47     | 360.0      | 310.07    
~~~~~~~~~~~~~~~~~~~~~~~~~~~~~~~~~~~~~~~~~~
     Drone (3):
          2          | 1          | 6          | 1          | 11        
s_times   46.57      | 99.81      | 214.16     | 269.89     | 380.45    
c_times   49.93      | 159.81     | 215.3      | 329.89     | 386.42    
travels   49.88      | 54.35      | 54.59      | 50.56      | 0.0       
charges   310.07     | 360.0      | 304.51     | 360.0      | 303.47    
~~~~~~~~~~~~~~~~~~~~~~~~~~~~~~~~~~~~~~~~~~
***** nlp_Variables: 227
***** nlp_Constraints: 112
***** nlp_objective: 868.27
***** nlp_Sol_time: 6.394
     Drone (1):
          4          | 8          | 2          | 5          | 1         
s_times   54.35      | 60.74      | 72.1       | 79.98      | 135.71    
c_times   55.49      | 63.53      | 75.46      | 81.12      | 195.71    
travels   5.25       | 8.57       | 4.52       | 54.59      | 0.0       
charges   304.51     | 296.47     | 284.54     | 278.88     | 360.0     
~~~~~~~~~~~~~~~~~~~~~~~~~~~~~~~~~~~~~~~~~~
     Drone (2):
          7          | 12         | 1          | 6          | 11        
s_times   53.34      | 65.07      | 116.77     | 231.12     | 247.48    
c_times   56.13      | 65.07      | 176.77     | 232.26     | 253.45    
travels   8.94       | 51.7       | 54.35      | 15.22      | 0.0       
charges   303.87     | 294.93     | 360.0      | 304.51     | 283.32    
~~~~~~~~~~~~~~~~~~~~~~~~~~~~~~~~~~~~~~~~~~
     Drone (3):
          9          | 1          | 10         | 1          | 3         
s_times   50.56      | 112.58     | 223.14     | 285.16     | 391.73    
c_times   56.53      | 172.58     | 229.11     | 345.16     | 395.09    
travels   56.05      | 50.56      | 56.05      | 46.57      | 0.0       
charges   303.47     | 360.0      | 303.47     | 360.0      | 310.07    
~~~~~~~~~~~~~~~~~~~~~~~~~~~~~~~~~~~~~~~~~~
