~~~~~~~~~~~~~~~~~~~ [3, 'SB', 5, 360] ~~~~~~~~~~~~~~~~~~~
     seed: 4442433435828755387
 Families: [[1], [2, 3], [4, 5, 6], [7, 8], [9, 10, 11], [12]]
  i_times: [570.0, 390.0, 210.0, 570.0]
Fam slots: [[2, 6], [1, 4, 7], [5, 7], [0, 4, 5]]
Ear_dates: [0, 360.0, 1080.0, 180.0, 720.0, 1260.0, 900.0, 1260.0, 0.0, 720.0, 900.0, 0]
Due_dates: [1440, 540.0, 1260.0, 360.0, 900.0, 1440.0, 1080.0, 1440.0, 180.0, 900.0, 1080.0, 1440]
Monitor_t: [60.0, 3.36, 3.36, 1.14, 1.14, 1.14, 2.79, 2.79, 5.97, 5.97, 5.97, 0.0]
~~~~~~~~~~~~~~~~~~~ Comparing the results ~~~~~~~~~~~~~~~~~~~
***** lp_Variables: 2792
***** lp_Constraints: 5094
***** lp_objective: 863.9999999134999
***** lp_Sol_time: 158.669
     Drone (1):
          2          | 10         | 1          | 7          | 3         
s_times   46.57      | 65.59      | 127.61     | 240.95     | 252.31    
c_times   49.93      | 71.56      | 187.61     | 243.74     | 255.67    
travels   15.66      | 56.05      | 53.34      | 8.57       | 0.0       
charges   310.07     | 288.44     | 360.0      | 303.87     | 291.94    
~~~~~~~~~~~~~~~~~~~~~~~~~~~~~~~~~~~~~~~~~~
     Drone (2):
          4          | 1          | 11         | 1          | 8         
s_times   54.35      | 110.08     | 220.64     | 282.66     | 396.0     
c_times   55.49      | 170.08     | 226.61     | 342.66     | 398.79    
travels   54.59      | 50.56      | 56.05      | 53.34      | 0.0       
charges   304.51     | 360.0      | 303.47     | 360.0      | 303.87    
~~~~~~~~~~~~~~~~~~~~~~~~~~~~~~~~~~~~~~~~~~
     Drone (3):
          9          | 1          | 5          | 1          | 6         
s_times   50.56      | 112.58     | 226.93     | 282.66     | 397.01    
c_times   56.53      | 172.58     | 228.07     | 342.66     | 398.15    
travels   56.05      | 54.35      | 54.59      | 54.35      | 0.0       
charges   303.47     | 360.0      | 304.51     | 360.0      | 304.51    
~~~~~~~~~~~~~~~~~~~~~~~~~~~~~~~~~~~~~~~~~~
***** nlp_Variables: 227
***** nlp_Constraints: 112
***** nlp_objective: 864.0
***** nlp_Sol_time: 20.364
     Drone (1):
          4          | 1          | 10         | 1          | 6         
s_times   54.35      | 110.08     | 220.64     | 282.66     | 397.01    
c_times   55.49      | 170.08     | 226.61     | 342.66     | 398.15    
travels   54.59      | 50.56      | 56.05      | 54.35      | 0.0       
charges   304.51     | 360.0      | 303.47     | 360.0      | 304.51    
~~~~~~~~~~~~~~~~~~~~~~~~~~~~~~~~~~~~~~~~~~
     Drone (2):
          2          | 1          | 7          | 11         | 3         
s_times   46.57      | 99.81      | 213.15     | 237.76     | 259.85    
c_times   49.93      | 159.81     | 215.94     | 243.73     | 263.21    
travels   49.88      | 53.34      | 21.82      | 16.12      | 0.0       
charges   310.07     | 360.0      | 303.87     | 276.08     | 256.6     
~~~~~~~~~~~~~~~~~~~~~~~~~~~~~~~~~~~~~~~~~~
     Drone (3):
          9          | 1          | 5          | 1          | 8         
s_times   50.56      | 112.58     | 226.93     | 282.66     | 396.0     
c_times   56.53      | 172.58     | 228.07     | 342.66     | 398.79    
travels   56.05      | 54.35      | 54.59      | 53.34      | 0.0       
charges   303.47     | 360.0      | 304.51     | 360.0      | 303.87    
~~~~~~~~~~~~~~~~~~~~~~~~~~~~~~~~~~~~~~~~~~
