~~~~~~~~~~~~~~~~~~~ [3, 'SB', 5, 360] ~~~~~~~~~~~~~~~~~~~
     seed: 4863168141122649273
 Families: [[1], [2, 3], [4, 5, 6], [7, 8], [9, 10, 11], [12]]
  i_times: [210.0, 570.0, 570.0, 390.0]
Fam slots: [[1, 3], [0, 1, 5], [2, 6], [1, 4, 6]]
Ear_dates: [0, 180.0, 540.0, 0.0, 180.0, 900.0, 360.0, 1080.0, 180.0, 720.0, 1080.0, 0]
Due_dates: [1440, 360.0, 720.0, 180.0, 360.0, 1080.0, 540.0, 1260.0, 360.0, 900.0, 1260.0, 1440]
Monitor_t: [60.0, 3.36, 3.36, 1.14, 1.14, 1.14, 2.79, 2.79, 5.97, 5.97, 5.97, 0.0]
~~~~~~~~~~~~~~~~~~~ Comparing the results ~~~~~~~~~~~~~~~~~~~
***** lp_Variables: 2792
***** lp_Constraints: 5094
***** lp_objective: 686.5
***** lp_Sol_time: 20.584
     Drone (1):
          4          | 1          | 5          | 1          | 8         
s_times   54.35      | 110.08     | 224.43     | 280.16     | 393.5     
c_times   55.49      | 170.08     | 225.57     | 340.16     | 396.29    
travels   54.59      | 54.35      | 54.59      | 53.34      | 0.0       
charges   304.51     | 360.0      | 304.51     | 360.0      | 303.87    
~~~~~~~~~~~~~~~~~~~~~~~~~~~~~~~~~~~~~~~~~~
     Drone (2):
          9          | 1          | 10         | 1          | 11        
s_times   50.56      | 112.58     | 223.14     | 285.16     | 395.72    
c_times   56.53      | 172.58     | 229.11     | 345.16     | 401.69    
travels   56.05      | 50.56      | 56.05      | 50.56      | 0.0       
charges   303.47     | 360.0      | 303.47     | 360.0      | 303.47    
~~~~~~~~~~~~~~~~~~~~~~~~~~~~~~~~~~~~~~~~~~
     Drone (3):
          2          | 1          | 7          | 3          | 6         
s_times   46.57      | 99.81      | 213.15     | 224.51     | 232.39    
c_times   49.93      | 159.81     | 215.94     | 227.87     | 233.53    
travels   49.88      | 53.34      | 8.57       | 4.52       | 0.0       
charges   310.07     | 360.0      | 303.87     | 291.94     | 286.28    
~~~~~~~~~~~~~~~~~~~~~~~~~~~~~~~~~~~~~~~~~~
***** nlp_Variables: 227
***** nlp_Constraints: 112
***** nlp_objective: 686.4999998397448
***** nlp_Sol_time: 32.284
     Drone (1):
          7          | 2          | 5          | 0          | 1         
s_times   53.34      | 64.7       | 72.58      | 81.8       | 135.04    
c_times   56.13      | 68.06      | 73.72      | 85.16      | 195.04    
travels   8.57       | 4.52       | 3.21       | 51.7       | 0.0       
charges   303.87     | 291.94     | 286.28     | 274.84     | 360.0     
~~~~~~~~~~~~~~~~~~~~~~~~~~~~~~~~~~~~~~~~~~
     Drone (2):
          4          | 1          | 6          | 1          | 0         
s_times   54.35      | 110.08     | 224.43     | 280.16     | 393.5     
c_times   55.49      | 170.08     | 225.57     | 340.16     | 396.29    
travels   54.59      | 54.35      | 54.59      | 51.7       | 0.0       
charges   304.51     | 360.0      | 304.51     | 360.0      | 303.87    
~~~~~~~~~~~~~~~~~~~~~~~~~~~~~~~~~~~~~~~~~~
     Drone (3):
          9          | 1          | 10         | 1          | 11        
s_times   50.56      | 112.58     | 223.14     | 285.16     | 395.72    
c_times   56.53      | 172.58     | 229.11     | 345.16     | 401.69    
travels   56.05      | 50.56      | 56.05      | 50.56      | 0.0       
charges   303.47     | 360.0      | 303.47     | 360.0      | 303.47    
~~~~~~~~~~~~~~~~~~~~~~~~~~~~~~~~~~~~~~~~~~
