~~~~~~~~~~~~~~~~~~~ [3, 'SB', 5, 360] ~~~~~~~~~~~~~~~~~~~
     seed: 1234804262154638096
 Families: [[1], [2, 3], [4, 5, 6], [7, 8], [9, 10, 11], [12]]
  i_times: [30.0, 570.0, 30.0, 390.0]
Fam slots: [[0, 1], [0, 3, 7], [6, 7], [0, 2, 5]]
Ear_dates: [0, 0.0, 180.0, 0.0, 540.0, 1260.0, 1080.0, 1260.0, 0.0, 360.0, 900.0, 0]
Due_dates: [1440, 180.0, 360.0, 180.0, 720.0, 1440.0, 1260.0, 1440.0, 180.0, 540.0, 1080.0, 1440]
Monitor_t: [60.0, 3.36, 3.36, 1.14, 1.14, 1.14, 2.79, 2.79, 5.97, 5.97, 5.97, 0.0]
~~~~~~~~~~~~~~~~~~~ Comparing the results ~~~~~~~~~~~~~~~~~~~
***** lp_Variables: 2792
***** lp_Constraints: 5094
***** lp_objective: 991.9599999007037
***** lp_Sol_time: 278.931
     Drone (1):
          4          | 10         | 1          | 7          | 5         
s_times   54.35      | 70.71      | 132.73     | 246.07     | 255.76    
c_times   55.49      | 76.68      | 192.73     | 248.86     | 256.9     
travels   15.22      | 56.05      | 53.34      | 6.9        | 0.0       
charges   304.51     | 283.32     | 360.0      | 303.87     | 295.83    
~~~~~~~~~~~~~~~~~~~~~~~~~~~~~~~~~~~~~~~~~~
     Drone (2):
          2          | 1          | 0          | 1          | 8         
s_times   46.57      | 99.81      | 159.81     | 159.81     | 273.15    
c_times   49.93      | 159.81     | 159.81     | 219.81     | 275.94    
travels   49.88      | 51.7       | 51.7       | 53.34      | 0.0       
charges   310.07     | 360.0      | 360.0      | 360.0      | 303.87    
~~~~~~~~~~~~~~~~~~~~~~~~~~~~~~~~~~~~~~~~~~
     Drone (3):
          9          | 3          | 11         | 1          | 6         
s_times   50.56      | 72.65      | 91.67      | 153.69     | 268.04    
c_times   56.53      | 76.01      | 97.64      | 213.69     | 269.18    
travels   16.12      | 15.66      | 56.05      | 54.35      | 0.0       
charges   303.47     | 283.99     | 262.36     | 360.0      | 304.51    
~~~~~~~~~~~~~~~~~~~~~~~~~~~~~~~~~~~~~~~~~~
***** nlp_Variables: 227
***** nlp_Constraints: 112
***** nlp_objective: 991.96
***** nlp_Sol_time: 232.587
     Drone (1):
          0          | 1          | 4          | 1          | 8         
s_times   0.0        | 0.0        | 114.35     | 170.08     | 283.42    
c_times   0.0        | 60.0       | 115.49     | 230.08     | 286.21    
travels   51.7       | 54.35      | 54.59      | 53.34      | 0.0       
charges   360.0      | 360.0      | 304.51     | 360.0      | 303.87    
~~~~~~~~~~~~~~~~~~~~~~~~~~~~~~~~~~~~~~~~~~
     Drone (2):
          2          | 1          | 5          | 11         | 7         
s_times   46.57      | 99.81      | 214.16     | 230.52     | 254.7     
c_times   49.93      | 159.81     | 215.3      | 236.49     | 257.49    
travels   49.88      | 54.35      | 15.22      | 18.21      | 0.0       
charges   310.07     | 360.0      | 304.51     | 283.32     | 262.32    
~~~~~~~~~~~~~~~~~~~~~~~~~~~~~~~~~~~~~~~~~~
     Drone (3):
          9          | 3          | 10         | 1          | 6         
s_times   50.56      | 72.65      | 91.67      | 153.69     | 268.04    
c_times   56.53      | 76.01      | 97.64      | 213.69     | 269.18    
travels   16.12      | 15.66      | 56.05      | 54.35      | 0.0       
charges   303.47     | 283.99     | 262.36     | 360.0      | 304.51    
~~~~~~~~~~~~~~~~~~~~~~~~~~~~~~~~~~~~~~~~~~
