~~~~~~~~~~~~~~~~~~~ [3, 'SB', 5, 360] ~~~~~~~~~~~~~~~~~~~
     seed: 1218827513429650091
 Families: [[1], [2, 3], [4, 5, 6], [7, 8], [9, 10, 11], [12]]
  i_times: [30.0, 30.0, 750.0, 390.0]
Fam slots: [[0, 1], [4, 5, 6], [1, 6], [2, 4, 7]]
Ear_dates: [0, 0.0, 180.0, 720.0, 900.0, 1080.0, 180.0, 1080.0, 360.0, 720.0, 1260.0, 0]
Due_dates: [1440, 180.0, 360.0, 900.0, 1080.0, 1260.0, 360.0, 1260.0, 540.0, 900.0, 1440.0, 1440]
Monitor_t: [60.0, 3.36, 3.36, 1.14, 1.14, 1.14, 2.79, 2.79, 5.97, 5.97, 5.97, 0.0]
~~~~~~~~~~~~~~~~~~~ Comparing the results ~~~~~~~~~~~~~~~~~~~
***** lp_Variables: 2792
***** lp_Constraints: 5094
***** lp_objective: 864.2799999999999
***** lp_Sol_time: 78.004
     Drone (1):
          9          | 1          | 10         | 1          | 11        
s_times   50.56      | 112.58     | 223.14     | 285.16     | 395.72    
c_times   56.53      | 172.58     | 229.11     | 345.16     | 401.69    
travels   56.05      | 50.56      | 56.05      | 50.56      | 0.0       
charges   303.47     | 360.0      | 303.47     | 360.0      | 303.47    
~~~~~~~~~~~~~~~~~~~~~~~~~~~~~~~~~~~~~~~~~~
     Drone (2):
          7          | 1          | 5          | 8          | 6         
s_times   53.34      | 108.62     | 222.97     | 229.36     | 239.05    
c_times   56.13      | 168.62     | 224.11     | 232.15     | 240.19    
travels   52.49      | 54.35      | 5.25       | 6.9        | 0.0       
charges   303.87     | 360.0      | 304.51     | 296.47     | 288.43    
~~~~~~~~~~~~~~~~~~~~~~~~~~~~~~~~~~~~~~~~~~
     Drone (3):
          2          | 0          | 3          | 1          | 4         
s_times   46.57      | 49.93      | 49.93      | 103.17     | 217.52    
c_times   49.93      | 49.93      | 53.29      | 163.17     | 218.66    
travels   3.5        | 5.6        | 49.88      | 54.35      | 0.0       
charges   310.07     | 310.07     | 306.71     | 360.0      | 304.51    
~~~~~~~~~~~~~~~~~~~~~~~~~~~~~~~~~~~~~~~~~~
***** nlp_Variables: 227
***** nlp_Constraints: 112
***** nlp_objective: 864.279999999995
***** nlp_Sol_time: 27.254
     Drone (1):
          9          | 1          | 10         | 1          | 11        
s_times   50.56      | 112.58     | 223.14     | 285.16     | 395.72    
c_times   56.53      | 172.58     | 229.11     | 345.16     | 401.69    
travels   56.05      | 50.56      | 56.05      | 50.56      | 0.0       
charges   303.47     | 360.0      | 303.47     | 360.0      | 303.47    
~~~~~~~~~~~~~~~~~~~~~~~~~~~~~~~~~~~~~~~~~~
     Drone (2):
          2          | 12         | 3          | 1          | 5         
s_times   46.57      | 53.43      | 59.03      | 112.27     | 226.62    
c_times   49.93      | 53.43      | 62.39      | 172.27     | 227.76    
travels   3.5        | 5.6        | 49.88      | 54.35      | 0.0       
charges   310.07     | 306.57     | 297.61     | 360.0      | 304.51    
~~~~~~~~~~~~~~~~~~~~~~~~~~~~~~~~~~~~~~~~~~
     Drone (3):
          7          | 1          | 4          | 8          | 6         
s_times   53.34      | 108.62     | 222.97     | 229.36     | 239.05    
c_times   56.13      | 168.62     | 224.11     | 232.15     | 240.19    
travels   52.49      | 54.35      | 5.25       | 6.9        | 0.0       
charges   303.87     | 360.0      | 304.51     | 296.47     | 288.43    
~~~~~~~~~~~~~~~~~~~~~~~~~~~~~~~~~~~~~~~~~~
