~~~~~~~~~~~~~~~~~~~ [3, 'SB', 5, 360] ~~~~~~~~~~~~~~~~~~~
     seed: 7129244543980103599
 Families: [[1], [2, 3], [4, 5, 6], [7, 8], [9, 10, 11], [12]]
  i_times: [210.0, 750.0, 930.0, 210.0]
Fam slots: [[5, 7], [1, 2, 7], [0, 6], [1, 3, 5]]
Ear_dates: [0, 900.0, 1260.0, 180.0, 360.0, 1260.0, 0.0, 1080.0, 180.0, 540.0, 900.0, 0]
Due_dates: [1440, 1080.0, 1440.0, 360.0, 540.0, 1440.0, 180.0, 1260.0, 360.0, 720.0, 1080.0, 1440]
Monitor_t: [60.0, 3.36, 3.36, 1.14, 1.14, 1.14, 2.79, 2.79, 5.97, 5.97, 5.97, 0.0]
~~~~~~~~~~~~~~~~~~~ Comparing the results ~~~~~~~~~~~~~~~~~~~
***** lp_Variables: 2792
***** lp_Constraints: 5094
***** lp_objective: 868.2699999130691
***** lp_Sol_time: 18.372
     Drone (1):
          4          | 10         | 1          | 8          | 2         
s_times   54.35      | 70.71      | 132.73     | 246.07     | 257.43    
c_times   55.49      | 76.68      | 192.73     | 248.86     | 260.79    
travels   15.22      | 56.05      | 53.34      | 8.57       | 0.0       
charges   304.51     | 283.32     | 360.0      | 303.87     | 291.94    
~~~~~~~~~~~~~~~~~~~~~~~~~~~~~~~~~~~~~~~~~~
     Drone (2):
          7          | 1          | 5          | 1          | 6         
s_times   53.34      | 108.62     | 222.97     | 278.7      | 393.05    
c_times   56.13      | 168.62     | 224.11     | 338.7      | 394.19    
travels   52.49      | 54.35      | 54.59      | 54.35      | 0.0       
charges   303.87     | 360.0      | 304.51     | 360.0      | 304.51    
~~~~~~~~~~~~~~~~~~~~~~~~~~~~~~~~~~~~~~~~~~
     Drone (3):
          9          | 1          | 11         | 1          | 3         
s_times   50.56      | 112.58     | 223.14     | 285.16     | 391.73    
c_times   56.53      | 172.58     | 229.11     | 345.16     | 395.09    
travels   56.05      | 50.56      | 56.05      | 46.57      | 0.0       
charges   303.47     | 360.0      | 303.47     | 360.0      | 310.07    
~~~~~~~~~~~~~~~~~~~~~~~~~~~~~~~~~~~~~~~~~~
***** nlp_Variables: 227
***** nlp_Constraints: 112
***** nlp_objective: 868.2699999999988
***** nlp_Sol_time: 28.066
     Drone (1):
          9          | 1          | 11         | 1          | 3         
s_times   50.56      | 112.58     | 223.14     | 285.16     | 391.73    
c_times   56.53      | 172.58     | 229.11     | 345.16     | 395.09    
travels   56.05      | 50.56      | 56.05      | 46.57      | 0.0       
charges   303.47     | 360.0      | 303.47     | 360.0      | 310.07    
~~~~~~~~~~~~~~~~~~~~~~~~~~~~~~~~~~~~~~~~~~
     Drone (2):
          4          | 1          | 8          | 1          | 6         
s_times   54.35      | 110.08     | 223.42     | 278.7      | 393.05    
c_times   55.49      | 170.08     | 226.21     | 338.7      | 394.19    
travels   54.59      | 53.34      | 52.49      | 54.35      | 0.0       
charges   304.51     | 360.0      | 303.87     | 360.0      | 304.51    
~~~~~~~~~~~~~~~~~~~~~~~~~~~~~~~~~~~~~~~~~~
     Drone (3):
          7          | 10         | 5          | 1          | 2         
s_times   53.34      | 77.95      | 98.16      | 153.89     | 260.46    
c_times   56.13      | 83.92      | 99.3       | 213.89     | 263.82    
travels   21.82      | 14.24      | 54.59      | 46.57      | 0.0       
charges   303.87     | 276.08     | 260.7      | 360.0      | 310.07    
~~~~~~~~~~~~~~~~~~~~~~~~~~~~~~~~~~~~~~~~~~
