~~~~~~~~~~~~~~~~~~~ [3, 'SB', 5, 360] ~~~~~~~~~~~~~~~~~~~
     seed: 8997872853716983206
 Families: [[1], [2, 3], [4, 5, 6], [7, 8], [9, 10, 11], [12]]
  i_times: [1110.0, 750.0, 930.0, 210.0]
Fam slots: [[0, 7], [0, 5, 7], [1, 7], [2, 4, 6]]
Ear_dates: [0, 0.0, 1260.0, 0.0, 900.0, 1260.0, 180.0, 1260.0, 360.0, 720.0, 1080.0, 0]
Due_dates: [1440, 180.0, 1440.0, 180.0, 1080.0, 1440.0, 360.0, 1440.0, 540.0, 900.0, 1260.0, 1440]
Monitor_t: [60.0, 3.36, 3.36, 1.14, 1.14, 1.14, 2.79, 2.79, 5.97, 5.97, 5.97, 0.0]
~~~~~~~~~~~~~~~~~~~ Comparing the results ~~~~~~~~~~~~~~~~~~~
***** lp_Variables: 2792
***** lp_Constraints: 5094
***** lp_objective: 984.2799999014719
***** lp_Sol_time: 298.495
     Drone (1):
          9          | 7          | 10         | 1          | 6         
s_times   50.56      | 74.74      | 99.35      | 161.37     | 275.72    
c_times   56.53      | 77.53      | 105.32     | 221.37     | 276.86    
travels   18.21      | 21.82      | 56.05      | 54.35      | 0.0       
charges   303.47     | 282.47     | 254.68     | 360.0      | 304.51    
~~~~~~~~~~~~~~~~~~~~~~~~~~~~~~~~~~~~~~~~~~
     Drone (2):
          4          | 1          | 5          | 1          | 8         
s_times   54.35      | 110.08     | 224.43     | 280.16     | 393.5     
c_times   55.49      | 170.08     | 225.57     | 340.16     | 396.29    
travels   54.59      | 54.35      | 54.59      | 53.34      | 0.0       
charges   304.51     | 360.0      | 304.51     | 360.0      | 303.87    
~~~~~~~~~~~~~~~~~~~~~~~~~~~~~~~~~~~~~~~~~~
     Drone (3):
          2          | 1          | 11         | 1          | 3         
s_times   46.57      | 99.81      | 210.37     | 272.39     | 378.96    
c_times   49.93      | 159.81     | 216.34     | 332.39     | 382.32    
travels   49.88      | 50.56      | 56.05      | 46.57      | 0.0       
charges   310.07     | 360.0      | 303.47     | 360.0      | 310.07    
~~~~~~~~~~~~~~~~~~~~~~~~~~~~~~~~~~~~~~~~~~
***** nlp_Variables: 227
***** nlp_Constraints: 112
***** nlp_objective: 984.28
***** nlp_Sol_time: 28.4
     Drone (1):
          9          | 7          | 10         | 1          | 6         
s_times   50.56      | 74.74      | 99.35      | 161.37     | 275.72    
c_times   56.53      | 77.53      | 105.32     | 221.37     | 276.86    
travels   18.21      | 21.82      | 56.05      | 54.35      | 0.0       
charges   303.47     | 282.47     | 254.68     | 360.0      | 304.51    
~~~~~~~~~~~~~~~~~~~~~~~~~~~~~~~~~~~~~~~~~~
     Drone (2):
          2          | 1          | 5          | 1          | 3         
s_times   46.57      | 99.81      | 214.16     | 269.89     | 376.46    
c_times   49.93      | 159.81     | 215.3      | 329.89     | 379.82    
travels   49.88      | 54.35      | 54.59      | 46.57      | 0.0       
charges   310.07     | 360.0      | 304.51     | 360.0      | 310.07    
~~~~~~~~~~~~~~~~~~~~~~~~~~~~~~~~~~~~~~~~~~
     Drone (3):
          4          | 1          | 11         | 1          | 8         
s_times   54.35      | 110.08     | 220.64     | 282.66     | 396.0     
c_times   55.49      | 170.08     | 226.61     | 342.66     | 398.79    
travels   54.59      | 50.56      | 56.05      | 53.34      | 0.0       
charges   304.51     | 360.0      | 303.47     | 360.0      | 303.87    
~~~~~~~~~~~~~~~~~~~~~~~~~~~~~~~~~~~~~~~~~~
