~~~~~~~~~~~~~~~~~~~ [3, 'RS', 4, 360, 90] ~~~~~~~~~~~~~~~~~~~
 Families: [[1], [2, 3, 4], [5, 6], [7, 8], [9, 10], [11]]
Due_dates: [360, 120.0, 240.0, 360.0, 180.0, 360.0, 180.0, 360.0, 180.0, 360.0, 360]
Ear_dates: [0, 12.0, 24.0, 36.0, 18.0, 36.0, 18.0, 36.0, 18.0, 36.0, 0]
Monitor_t: [60.0, 2.1, 2.1, 2.1, 0.74, 0.74, 1.18, 1.18, 1.0, 1.0, 0.0]
~~~~~~~~~~~~~~~~~~~ Comparing the results ~~~~~~~~~~~~~~~~~~~
***** lp_objective: 18.0
***** lp_Sol_time: 8.442
     Drone (1):
          7          | 3          | 10         | 6         
s_times   0.0        | 51.8901    | 73.1084    | 86.3257   
c_times   22.4392    | 53.9934    | 74.1112    | 87.0631   
charges   337.5608   | 306.0066   | 285.8888   | 272.9369  
~~~~~~~~~~~~~~~~~~~~~~~~~~~~~~~~~~~~~~~~~~
     Drone (2):
          0          | 9          | 1          | 4         
s_times   0.0        | 0.0        | 30.348     | 135.0401  
c_times   0.0        | 1.0028     | 90.348     | 137.1434  
charges   360.0      | 358.9972   | 360.0      | 313.2046  
~~~~~~~~~~~~~~~~~~~~~~~~~~~~~~~~~~~~~~~~~~
     Drone (3):
          0          | 5          | 2          | 8         
s_times   0.0        | 0.0        | 14.4738    | 46.8847   
c_times   0.0        | 0.7374     | 16.5772    | 48.0683   
charges   360.0      | 359.2626   | 343.4228   | 311.9317  
~~~~~~~~~~~~~~~~~~~~~~~~~~~~~~~~~~~~~~~~~~
***** nlp_objective: 18.0
***** nlp_Sol_time: 3.134
     Drone (1):
          5          | 3          | 6          | 10        
s_times   0.0        | 45.634     | 64.1313    | 76.5894   
c_times   31.8976    | 47.7374    | 64.8687    | 77.5922   
charges   328.1024   | 312.2626   | 295.1313   | 282.4078  
~~~~~~~~~~~~~~~~~~~~~~~~~~~~~~~~~~~~~~~~~~
     Drone (2):
          0          | 7          | 9          | 2         
s_times   0.0        | 0.0        | 13.6041    | 32.7151   
c_times   0.0        | 1.1836     | 14.6069    | 34.8185   
charges   360.0      | 358.8164   | 345.3931   | 325.1815  
~~~~~~~~~~~~~~~~~~~~~~~~~~~~~~~~~~~~~~~~~~
     Drone (3):
          0          | 1          | 8          | 4         
s_times   0.0        | 0.0        | 81.2555    | 111.8901  
c_times   0.0        | 60.0       | 82.4392    | 113.9934  
charges   360.0      | 360.0      | 337.5608   | 306.0066  
~~~~~~~~~~~~~~~~~~~~~~~~~~~~~~~~~~~~~~~~~~
