~~~~~~~~~~~~~~~~~~~ [10, 'RS_LA', 5, 480, 120] ~~~~~~~~~~~~~~~~~~~
 Families: [[1], [2, 3, 4], [5, 6], [7, 8], [9, 10], [11, 12, 13, 14, 15], [16, 17, 18, 19], [20, 21, 22, 23, 24], [25, 26, 27, 28], [29, 30, 31, 32, 33], [34, 35, 36, 37], [38, 39, 40, 41], [42, 43, 44, 45], [46], [47]]
Due_dates: [360, 120.0, 240.0, 360.0, 180.0, 360.0, 180.0, 360.0, 180.0, 360.0, 72.0, 144.0, 216.0, 288.0, 360.0, 90.0, 180.0, 270.0, 360.0, 72.0, 144.0, 216.0, 288.0, 360.0, 90.0, 180.0, 270.0, 360.0, 72.0, 144.0, 216.0, 288.0, 360.0, 90.0, 180.0, 270.0, 360.0, 90.0, 180.0, 270.0, 360.0, 90.0, 180.0, 270.0, 360.0, 360, 360]
Ear_dates: [0, 12.0, 24.0, 36.0, 18.0, 36.0, 18.0, 36.0, 18.0, 36.0, 7.2, 14.4, 21.6, 28.8, 36.0, 9.0, 18.0, 27.0, 36.0, 7.2, 14.4, 21.6, 28.8, 36.0, 9.0, 18.0, 27.0, 36.0, 7.2, 14.4, 21.6, 28.8, 36.0, 9.0, 18.0, 27.0, 36.0, 9.0, 18.0, 27.0, 36.0, 9.0, 18.0, 27.0, 36.0, 0, 0]
Monitor_t: [60.0, 2.94, 2.94, 2.94, 1.03, 1.03, 1.66, 1.66, 1.4, 1.4, 2.05, 2.05, 2.05, 2.05, 2.05, 2.54, 2.54, 2.54, 2.54, 7.51, 7.51, 7.51, 7.51, 7.51, 3.93, 3.93, 3.93, 3.93, 3.33, 3.33, 3.33, 3.33, 3.33, 1.97, 1.97, 1.97, 1.97, 3.72, 3.72, 3.72, 3.72, 4.6, 4.6, 4.6, 4.6, 0.0, 0.0]
~~~~~~~~~~~~~~~~~~~ Comparing the results ~~~~~~~~~~~~~~~~~~~
***** lp_objective: 8.999999998999963
***** lp_Sol_time: 35293.779
     Drone (1):
          38         | 43         | 22         | 36         | 32        
s_times   0.0        | 43.8547    | 101.0758   | 145.5948   | 169.8251  
c_times   38.7927    | 48.4549    | 108.589    | 147.5696   | 173.1503  
charges   441.2073   | 431.5451   | 371.411    | 332.4304   | 306.8497  
~~~~~~~~~~~~~~~~~~~~~~~~~~~~~~~~~~~~~~~~~~
     Drone (2):
          29         | 21         | 18         | 14         | 41        
s_times   0.0        | 91.1015    | 136.5968   | 147.0312   | 162.8149  
c_times   63.7534    | 98.6148    | 139.1393   | 149.0781   | 166.5369  
charges   416.2466   | 381.3852   | 340.8607   | 330.9219   | 313.4631  
~~~~~~~~~~~~~~~~~~~~~~~~~~~~~~~~~~~~~~~~~~
     Drone (3):
          25         | 44         | 35         | 19         | 4         
s_times   0.0        | 108.7141   | 134.4048   | 148.3666   | 262.1426  
c_times   68.5153    | 113.3142   | 136.3795   | 150.9091   | 265.0873  
charges   411.4847   | 366.6858   | 343.6205   | 329.0909   | 214.9127  
~~~~~~~~~~~~~~~~~~~~~~~~~~~~~~~~~~~~~~~~~~
     Drone (4):
          0          | 20         | 3          | 15         | 28        
s_times   0.0        | 0.0        | 145.4499   | 258.7297   | 283.9952  
c_times   0.0        | 7.5133     | 148.3946   | 260.7766   | 287.93    
charges   480.0      | 472.4867   | 331.6054   | 219.2234   | 192.07    
~~~~~~~~~~~~~~~~~~~~~~~~~~~~~~~~~~~~~~~~~~
     Drone (5):
          34         | 17         | 39         | 31         | 13        
s_times   0.0        | 56.416     | 73.5942    | 104.7716   | 129.153   
c_times   44.4289    | 58.9585    | 77.3162    | 108.0967   | 131.2     
charges   435.5711   | 421.0415   | 402.6838   | 371.9033   | 348.8     
~~~~~~~~~~~~~~~~~~~~~~~~~~~~~~~~~~~~~~~~~~
     Drone (6):
          0          | 1          | 9          | 45         | 24        
s_times   0.0        | 0.0        | 102.1564   | 168.9471   | 226.1681  
c_times   0.0        | 60.0       | 103.5603   | 173.5472   | 233.6814  
charges   480.0      | 480.0      | 436.4397   | 366.4528   | 306.3186  
~~~~~~~~~~~~~~~~~~~~~~~~~~~~~~~~~~~~~~~~~~
     Drone (7):
          0          | 46         | 23         | 37         | 27        
s_times   0.0        | 0.0        | 116.9489   | 161.468    | 186.9858  
c_times   0.0        | 0.0        | 124.4622   | 163.4427   | 190.9206  
charges   480.0      | 480.0      | 355.5378   | 316.5573   | 289.0794  
~~~~~~~~~~~~~~~~~~~~~~~~~~~~~~~~~~~~~~~~~~
     Drone (8):
          11         | 5          | 10         | 8          | 6         
s_times   0.0        | 134.2674   | 151.7089   | 167.4587   | 197.5387  
c_times   46.9308    | 135.2998   | 153.1128   | 169.1158   | 198.5711  
charges   433.0692   | 344.7002   | 326.8872   | 310.8842   | 281.4289  
~~~~~~~~~~~~~~~~~~~~~~~~~~~~~~~~~~~~~~~~~~
     Drone (9):
          0          | 42         | 7          | 2          | 33        
s_times   0.0        | 0.0        | 57.2118    | 100.1002   | 227.5158  
c_times   0.0        | 4.6001     | 58.8689    | 103.0449   | 230.841   
charges   480.0      | 475.3999   | 421.1311   | 376.9551   | 249.159   
~~~~~~~~~~~~~~~~~~~~~~~~~~~~~~~~~~~~~~~~~~
     Drone (10):
          16         | 30         | 26         | 12         | 40        
s_times   0.0        | 64.8652    | 72.0138    | 98.675     | 114.4587  
c_times   52.2053    | 68.1904    | 75.9486    | 100.722    | 118.1807  
charges   427.7947   | 411.8096   | 404.0514   | 379.278    | 361.8193  
~~~~~~~~~~~~~~~~~~~~~~~~~~~~~~~~~~~~~~~~~~
***** nlp_objective: 9.000000002551475
***** nlp_Sol_time: 234191.144
     Drone (1):
          42         | 30         | 17         | 3          | 6         
s_times   0.0        | 64.2795    | 80.7463    | 194.5223   | 220.4184  
c_times   33.4065    | 67.6047    | 83.2888    | 197.4669   | 221.4508  
charges   446.5935   | 412.3953   | 396.7112   | 282.5331   | 258.5492  
~~~~~~~~~~~~~~~~~~~~~~~~~~~~~~~~~~~~~~~~~~
     Drone (2):
          0          | 47         | 2          | 9          | 19        
s_times   0.0        | 0.0        | 111.6891   | 141.3948   | 230.5424  
c_times   0.0        | 0.0        | 114.6338   | 142.7987   | 233.085   
charges   480.0      | 480.0      | 365.3662   | 337.2013   | 246.915   
~~~~~~~~~~~~~~~~~~~~~~~~~~~~~~~~~~~~~~~~~~
     Drone (3):
          16         | 5          | 8          | 10         | 15        
s_times   0.0        | 145.003    | 173.6727   | 192.7185   | 278.9434  
c_times   52.2053    | 146.0354   | 175.3298   | 194.1223   | 280.9903  
charges   427.7947   | 333.9646   | 304.6702   | 285.8777   | 199.0097  
~~~~~~~~~~~~~~~~~~~~~~~~~~~~~~~~~~~~~~~~~~
     Drone (4):
          38         | 35         | 1          | 14         | 33        
s_times   0.0        | 53.5517    | 98.6425    | 203.5263   | 227.7871  
c_times   38.7927    | 55.5264    | 158.6425   | 205.5733   | 231.1123  
charges   441.2073   | 424.4736   | 480.0      | 433.0692   | 407.5303  
~~~~~~~~~~~~~~~~~~~~~~~~~~~~~~~~~~~~~~~~~~
     Drone (5):
          34         | 21         | 32         | 23         | 41        
s_times   0.0        | 75.6741    | 120.5405   | 151.2138   | 206.6825  
c_times   44.4289    | 83.1874    | 123.8656   | 158.7271   | 210.4045  
charges   435.5711   | 396.8126   | 356.1344   | 321.2729   | 269.5955  
~~~~~~~~~~~~~~~~~~~~~~~~~~~~~~~~~~~~~~~~~~
     Drone (6):
          25         | 31         | 26         | 12         | 44        
s_times   0.0        | 79.4928    | 86.6415    | 113.3026   | 137.1242  
c_times   68.5153    | 82.818     | 90.5763    | 115.3496   | 141.7243  
charges   411.4847   | 397.182    | 389.4237   | 364.6504   | 338.2757  
~~~~~~~~~~~~~~~~~~~~~~~~~~~~~~~~~~~~~~~~~~
     Drone (7):
          0          | 1          | 27         | 13         | 40        
s_times   0.0        | 0.0        | 124.5805   | 151.2416   | 167.0254  
c_times   0.0        | 60.0       | 128.5153   | 153.2886   | 170.7474  
charges   480.0      | 480.0      | 411.4847   | 386.7114   | 369.2526  
~~~~~~~~~~~~~~~~~~~~~~~~~~~~~~~~~~~~~~~~~~
     Drone (8):
          29         | 37         | 22         | 28         | 24        
s_times   0.0        | 86.364     | 119.5839   | 158.1426   | 182.1324  
c_times   63.7534    | 88.3387    | 127.0971   | 162.0774   | 189.6456  
charges   416.2466   | 391.6613   | 352.9029   | 317.9226   | 290.3544  
~~~~~~~~~~~~~~~~~~~~~~~~~~~~~~~~~~~~~~~~~~
     Drone (9):
          11         | 7          | 18         | 45         | 4         
s_times   0.0        | 117.9788   | 192.0554   | 217.3288   | 312.8903  
c_times   46.9308    | 119.6359   | 194.5979   | 221.9289   | 315.835   
charges   433.0692   | 360.3641   | 285.4021   | 258.0711   | 164.165   
~~~~~~~~~~~~~~~~~~~~~~~~~~~~~~~~~~~~~~~~~~
     Drone (10):
          0          | 20         | 39         | 36         | 43        
s_times   0.0        | 0.0        | 55.4686    | 73.9496    | 96.7558   
c_times   0.0        | 7.5133     | 59.1906    | 75.9244    | 101.3559  
charges   480.0      | 472.4867   | 420.8094   | 404.0756   | 378.6441  
~~~~~~~~~~~~~~~~~~~~~~~~~~~~~~~~~~~~~~~~~~
