~~~~~~~~~~~~~~~~~~~ [4, 'SB_RS', 6, 360, 120] ~~~~~~~~~~~~~~~~~~~
 Families: [[1], [2, 3], [4, 5, 6], [7, 8], [9, 10, 11], [12, 13, 14], [15, 16], [17, 18], [19, 20], [21], [22]]
Due_dates: [360, 180.0, 360.0, 120.0, 240.0, 360.0, 180.0, 360.0, 120.0, 240.0, 360.0, 120.0, 240.0, 360.0, 180.0, 360.0, 180.0, 360.0, 180.0, 360.0, 360, 360]
Ear_dates: [0, 18.0, 36.0, 12.0, 24.0, 36.0, 18.0, 36.0, 12.0, 24.0, 36.0, 12.0, 24.0, 36.0, 18.0, 36.0, 18.0, 36.0, 18.0, 36.0, 0, 0]
Monitor_t: [60.0, 1.44, 1.44, 0.49, 0.49, 0.49, 1.2, 1.2, 2.56, 2.56, 2.56, 2.1, 2.1, 2.1, 0.74, 0.74, 1.18, 1.18, 1.0, 1.0, 0.0, 0.0]
~~~~~~~~~~~~~~~~~~~ Comparing the results ~~~~~~~~~~~~~~~~~~~
***** lp_objective: 12.0
***** lp_Sol_time: 5.904
     Drone (1):
          9          | 14         | 8          | 2          | 18         | 6         
s_times   0.0        | 53.0738    | 80.8702    | 85.7388    | 105.2244   | 126.1785  
c_times   24.2271    | 55.1771    | 82.068     | 87.1803    | 106.408    | 126.6669  
charges   335.7729   | 304.8229   | 277.932    | 272.8197   | 253.592    | 233.3331  
~~~~~~~~~~~~~~~~~~~~~~~~~~~~~~~~~~~~~~~~~~
     Drone (2):
          0          | 0          | 0          | 12         | 19         | 13        
s_times   0.0        | 0.0        | 0.0        | 0.0        | 21.2183    | 40.3293   
c_times   0.0        | 0.0        | 0.0        | 2.1033     | 22.2211    | 42.4327   
charges   360.0      | 360.0      | 360.0      | 357.8967   | 337.7789   | 317.5673  
~~~~~~~~~~~~~~~~~~~~~~~~~~~~~~~~~~~~~~~~~~
     Drone (3):
          4          | 20         | 17         | 7          | 10         | 16        
s_times   0.0        | 41.602     | 52.8519    | 72.1331    | 82.684     | 100.2721  
c_times   23.7831    | 42.6048    | 54.0355    | 73.3309    | 85.2431    | 101.0095  
charges   336.2169   | 317.3952   | 305.9645   | 286.6691   | 274.7569   | 258.9905  
~~~~~~~~~~~~~~~~~~~~~~~~~~~~~~~~~~~~~~~~~~
     Drone (4):
          0          | 1          | 15         | 11         | 5          | 3         
s_times   0.0        | 0.0        | 91.1602    | 109.1753   | 117.8362   | 121.786   
c_times   0.0        | 60.0       | 91.8976    | 111.7344   | 118.3246   | 123.2275  
charges   360.0      | 360.0      | 328.1024   | 308.2656   | 301.6754   | 296.7725  
~~~~~~~~~~~~~~~~~~~~~~~~~~~~~~~~~~~~~~~~~~
***** nlp_objective: 12.0
***** nlp_Sol_time: 35.826
     Drone (1):
          0          | 1          | 7          | 6          | 8          | 10        
s_times   0.0        | 0.0        | 82.8608    | 87.0139    | 89.7521    | 100.303   
c_times   0.0        | 60.0       | 84.0586    | 87.5023    | 90.9499    | 102.8621  
charges   360.0      | 360.0      | 335.9414   | 332.4977   | 329.0501   | 317.1379  
~~~~~~~~~~~~~~~~~~~~~~~~~~~~~~~~~~~~~~~~~~
     Drone (2):
          12         | 9          | 3          | 16         | 11         | 14        
s_times   0.0        | 79.3483    | 88.8167    | 101.5571   | 119.5722   | 150.978   
c_times   46.7954    | 81.9075    | 90.2583    | 102.2945   | 122.1314   | 153.0814  
charges   313.2046   | 278.0925   | 269.7417   | 257.7055   | 237.8686   | 206.9186  
~~~~~~~~~~~~~~~~~~~~~~~~~~~~~~~~~~~~~~~~~~
     Drone (3):
          0          | 4          | 19         | 2          | 18         | 20        
s_times   0.0        | 0.0        | 18.3073    | 37.0886    | 56.5742    | 70.1783   
c_times   0.0        | 0.4884     | 19.3101    | 38.5301    | 57.7578    | 71.1811   
charges   360.0      | 359.5116   | 340.6899   | 321.4699   | 302.2422   | 288.8189  
~~~~~~~~~~~~~~~~~~~~~~~~~~~~~~~~~~~~~~~~~~
     Drone (4):
          0          | 22         | 5          | 15         | 17         | 13        
s_times   0.0        | 0.0        | 14.983     | 25.7825    | 46.2608    | 76.8954   
c_times   0.0        | 0.0        | 15.4714    | 26.5199    | 47.4444    | 78.9987   
charges   360.0      | 360.0      | 344.5286   | 333.4801   | 312.5556   | 281.0013  
~~~~~~~~~~~~~~~~~~~~~~~~~~~~~~~~~~~~~~~~~~
