~~~~~~~~~~~~~~~~~~~~~~~~~~ Instance ~~~~~~~~~~~~~~~~~~~~~~~~~
 Families: [[1], [2, 3], [4, 5, 6], [7, 8], [9, 10, 11], [12]]
Due_dates: [50.   1.   2.3  0.3  1.5  3.   4.6  8.   7.   9.  11.  50. ]
Monitor_t: [7, 3, 3, 1, 1, 1, 2, 2, 5, 5, 5, 0]
~~~~~~~~~~~~~~~~~~~ Comparing the results ~~~~~~~~~~~~~~~~~~~
~~~~~ lp_objective: 7.202999999179696
     Drone (1):[12  9  3  8]
     s_times: [0.    0.16  6.503 9.895]
     c_times: [ 0.08   5.16   9.503 11.895]
      charge: [14.92   9.84   5.497  3.105]
~~~~~~~~~~~~~~~~~~~~~~~~~~~~~~~~~~~~~~~~~~
     Drone (2):[ 7  5  1 11]
     s_times: [ 0.     2.799  4.011 12.454]
     c_times: [ 2.225  3.799 11.011 17.454]
      charge: [12.775 11.201 15.     8.557]
~~~~~~~~~~~~~~~~~~~~~~~~~~~~~~~~~~~~~~~~~~
     Drone (3):[ 4  2  6 10]
     s_times: [0.    1.79  5.166 7.434]
     c_times: [ 1.117  4.79   6.166 12.434]
      charge: [13.883 10.21   8.834  2.566]
~~~~~~~~~~~~~~~~~~~~~~~~~~~~~~~~~~~~~~~~~~
~~~~~ nlp_objective: 7.2029999991797
     Drone (1):[ 4  2  6 10]
     s_times: [0.    1.79  5.166 7.434]
     c_times: [ 1.117  4.79   6.166 12.434]
      charge: [13.883 10.21   8.834  2.566]
~~~~~~~~~~~~~~~~~~~~~~~~~~~~~~~~~~~~~~~~~~
     Drone (2):[ 7  5  1 11]
     s_times: [ 0.     2.799  4.011 12.454]
     c_times: [ 2.225  3.799 11.011 17.454]
      charge: [12.775 11.201 15.     8.557]
~~~~~~~~~~~~~~~~~~~~~~~~~~~~~~~~~~~~~~~~~~
     Drone (3):[12  9  3  8]
     s_times: [0.    0.16  6.503 9.895]
     c_times: [ 0.08   5.16   9.503 11.895]
      charge: [14.92   9.84   5.497  3.105]
~~~~~~~~~~~~~~~~~~~~~~~~~~~~~~~~~~~~~~~~~~
~~~~~ hxl_objective:13.581
     Drone (1):[2, 4, 8, 5]
     s_times[0.0, 4.008, 5.445, 8.019]
     c_times[3.632, 5.008, 7.445, 9.019]
      charge[11.368, 9.992, 7.555, 5.981]
~~~~~~~~~~~~~~~~~~~~~~~~~~~~~~~~~~~~~~~~~~
     Drone (2):[9, 3, 1, 11]
     s_times[0.0, 7.786, 11.138, 19.581]
     c_times[6.443, 10.786, 18.138, 24.581]
      charge[8.557, 4.214, 15.0, 8.557]
~~~~~~~~~~~~~~~~~~~~~~~~~~~~~~~~~~~~~~~~~~
     Drone (3):[7, 1, 6, 10]
     s_times[0.0, 2.683, 9.8, 12.068]
     c_times[2.225, 9.683, 10.8, 17.068]
      charge[12.775, 15.0, 13.883, 7.615]
~~~~~~~~~~~~~~~~~~~~~~~~~~~~~~~~~~~~~~~~~~
==========================================
