~~~~~~~~~~~~~~~~~~~~~~~~~~ Instance ~~~~~~~~~~~~~~~~~~~~~~~~~
 Families: [[1], [2, 3], [4, 5, 6], [7, 8], [9, 10, 11], [12]]
Due_dates: [5.0e+01 1.0e-01 2.3e-01 3.0e-02 1.5e-01 3.0e-01 4.6e-01 8.0e-01 7.0e-01
 9.0e-01 1.1e+00 5.0e+01]
Monitor_t: [0.09, 0.03, 0.03, 0.01, 0.01, 0.01, 0.02, 0.02, 0.05, 0.05, 0.05, 0.0002]
~~~~~~~~~~~~~~~~~~~ Comparing the results ~~~~~~~~~~~~~~~~~~~
~~~~~ lp_objective: -0.00830000010083154
     Drone (1):[12  2  1  8 11]
     s_times: [0.     0.0162 0.0814 0.1939 0.3957]
     c_times: [0.0082 0.0462 0.1714 0.2139 0.4457]
      charge: [0.2918 0.2538 0.3    0.2575 0.0257]
~~~~~~~~~~~~~~~~~~~~~~~~~~~~~~~~~~~~~~~~~~
     Drone (2):[12  9 12  5  3]
     s_times: [0.     0.0162 0.0742 0.0824 0.1597]
     c_times: [0.0082 0.0662 0.0744 0.0924 0.1897]
      charge: [0.2918 0.2338 0.2256 0.2076 0.1103]
~~~~~~~~~~~~~~~~~~~~~~~~~~~~~~~~~~~~~~~~~~
     Drone (3):[ 4  7 12 10  6]
     s_times: [0.     0.0654 0.0934 0.1016 0.2702]
     c_times: [0.0217 0.0854 0.0936 0.1516 0.2802]
      charge: [0.2783 0.2146 0.2064 0.1484 0.0198]
~~~~~~~~~~~~~~~~~~~~~~~~~~~~~~~~~~~~~~~~~~
~~~~~ nlp_objective: -0.008299999999999946
     Drone (1):[ 4  3  6 12  7]
     s_times: [0.     0.089  0.1566 0.1746 0.1828]
     c_times: [0.0217 0.119  0.1666 0.1748 0.2028]
      charge: [0.2783 0.181  0.1334 0.1252 0.0972]
~~~~~~~~~~~~~~~~~~~~~~~~~~~~~~~~~~~~~~~~~~
     Drone (2):[ 9 12 10  1  8]
     s_times: [0.     0.2023 0.2105 0.3905 0.503 ]
     c_times: [0.1943 0.2025 0.2605 0.4805 0.523 ]
      charge: [0.1057 0.0975 0.0395 0.3    0.2575]
~~~~~~~~~~~~~~~~~~~~~~~~~~~~~~~~~~~~~~~~~~
     Drone (3):[12  2  5  1 11]
     s_times: [0.     0.0162 0.0838 0.115  0.3493]
     c_times: [0.0082 0.0462 0.0938 0.205  0.3993]
      charge: [0.2918 0.2538 0.2062 0.3    0.1057]
~~~~~~~~~~~~~~~~~~~~~~~~~~~~~~~~~~~~~~~~~~
~~~~~ hxl_objective:-0.0039000000000000146
     Drone (1):[7, 1, 10, 12, 8]
     s_times[0.0, 0.0883, 0.3226, 0.3806, 0.3888]
     c_times[0.0425, 0.1783, 0.3726, 0.3808, 0.4088]
      charge[0.2575, 0.3, 0.1057, 0.0975, 0.0695]
~~~~~~~~~~~~~~~~~~~~~~~~~~~~~~~~~~~~~~~~~~
     Drone (2):[4, 1, 3, 12, 9]
     s_times[0.0, 0.0429, 0.1961, 0.2341, 0.2423]
     c_times[0.0217, 0.1329, 0.2261, 0.2343, 0.2923]
      charge[0.2783, 0.3, 0.2068, 0.1986, 0.1406]
~~~~~~~~~~~~~~~~~~~~~~~~~~~~~~~~~~~~~~~~~~
     Drone (3):[2, 5, 1, 6, 11]
     s_times[0.0, 0.1308, 0.162, 0.2637, 0.4005]
     c_times[0.0932, 0.1408, 0.252, 0.2737, 0.4505]
      charge[0.2068, 0.1592, 0.3, 0.2783, 0.1015]
~~~~~~~~~~~~~~~~~~~~~~~~~~~~~~~~~~~~~~~~~~
==========================================
