~~~~~~~~~~~~~~~~~~~ [2, 'SB', 6, 360, 45] ~~~~~~~~~~~~~~~~~~~
 Families: [[1], [2, 3], [4, 5, 6], [7, 8], [9, 10, 11], [12]]
Due_dates: [360, 180.0, 360.0, 120.0, 240.0, 360.0, 180.0, 360.0, 120.0, 240.0, 360.0, 360]
Ear_dates: [0, 18.0, 36.0, 12.0, 24.0, 36.0, 18.0, 36.0, 12.0, 24.0, 36.0, 0]
Monitor_t: [60.0, 2.02, 2.02, 0.68, 0.68, 0.68, 1.68, 1.68, 3.58, 3.58, 3.58, 0.0]
~~~~~~~~~~~~~~~~~~~ Comparing the results ~~~~~~~~~~~~~~~~~~~
***** lp_objective: 12.0
***** lp_Sol_time: 1.255
     Drone (1):
          9          | 2          | 11         | 8          | 1          | 1         
s_times   0.0        | 43.5909    | 55.0047    | 69.5148    | 102.6871   | 162.6871  
c_times   33.918     | 45.6091    | 58.5876    | 71.1917    | 162.6871   | 222.6871  
charges   326.082    | 314.3909   | 301.4124   | 288.8083   | 360.0      | 360.0     
~~~~~~~~~~~~~~~~~~~~~~~~~~~~~~~~~~~~~~~~~~
     Drone (2):
          4          | 10         | 5          | 7          | 6          | 3         
s_times   0.0        | 42.4285    | 54.5538    | 58.3872    | 64.2016    | 69.7313   
c_times   33.2963    | 46.0113    | 55.2376    | 60.0642    | 64.8854    | 71.7494   
charges   326.7037   | 313.9887   | 304.7624   | 299.9358   | 295.1146   | 288.2506  
~~~~~~~~~~~~~~~~~~~~~~~~~~~~~~~~~~~~~~~~~~
***** nlp_objective: 12.0
***** nlp_Sol_time: 2.034
     Drone (1):
          0          | 1          | 3          | 7          | 6          | 8         
s_times   0.0        | 0.0        | 87.9432    | 92.7905    | 98.6049    | 102.4383  
c_times   0.0        | 60.0       | 89.9614    | 94.4674    | 99.2886    | 104.1152  
charges   360.0      | 360.0      | 330.0386   | 325.5326   | 320.7114   | 315.8848  
~~~~~~~~~~~~~~~~~~~~~~~~~~~~~~~~~~~~~~~~~~
     Drone (2):
          9          | 4          | 2          | 10         | 5          | 11        
s_times   0.0        | 42.4605    | 47.9901    | 59.4039    | 71.5292    | 81.3451   
c_times   33.918     | 43.1442    | 50.0082    | 62.9867    | 72.213     | 84.928    
charges   326.082    | 316.8558   | 309.9918   | 297.0133   | 287.787    | 275.072   
~~~~~~~~~~~~~~~~~~~~~~~~~~~~~~~~~~~~~~~~~~
