~~~~~~~~~~~~~~~~~~~ [4, 'SB_RS', 6, 360, 120] ~~~~~~~~~~~~~~~~~~~
 Families: [[1], [2, 3], [4, 5, 6], [7, 8], [9, 10, 11], [12, 13, 14], [15, 16], [17, 18], [19, 20], [21], [22]]
Due_dates: [1440, 720.0, 1440.0, 480.0, 960.0, 1440.0, 720.0, 1440.0, 480.0, 960.0, 1440.0, 480.0, 960.0, 1440.0, 720.0, 1440.0, 720.0, 1440.0, 720.0, 1440.0, 1440, 1440]
Ear_dates: [0, 72.0, 144.0, 48.0, 96.0, 144.0, 72.0, 144.0, 48.0, 96.0, 144.0, 48.0, 96.0, 144.0, 72.0, 144.0, 72.0, 144.0, 72.0, 144.0, 0, 0]
Monitor_t: [60.0, 2.02, 2.02, 0.68, 0.68, 0.68, 1.68, 1.68, 3.58, 3.58, 3.58, 2.94, 2.94, 2.94, 1.03, 1.03, 1.66, 1.66, 1.4, 1.4, 0.0, 0.0]
~~~~~~~~~~~~~~~~~~~ Comparing the results ~~~~~~~~~~~~~~~~~~~
***** lp_objective: 43.55267117782381
***** lp_Sol_time: 37.741
     Drone (1):
          22         | 4          | 17         | 13         | 11         | 16        
s_times   0.0        | 64.5288    | 92.7194    | 135.6078   | 184.1266   | 208.75    
c_times   43.5527    | 65.2126    | 94.3765    | 138.5525   | 187.7094   | 209.7823  
charges   316.4473   | 294.7874   | 265.6235   | 221.4475   | 172.2906   | 150.2177  
~~~~~~~~~~~~~~~~~~~~~~~~~~~~~~~~~~~~~~~~~~
     Drone (2):
          21         | 12         | 10         | 15         | 5          | 3         
s_times   0.0        | 67.3991    | 115.9179   | 140.5413   | 156.5787   | 162.1084  
c_times   31.0206    | 70.3438    | 119.5007   | 141.5736   | 157.2625   | 164.1265  
charges   328.9794   | 289.6562   | 240.4993   | 218.4264   | 202.7375   | 195.8735  
~~~~~~~~~~~~~~~~~~~~~~~~~~~~~~~~~~~~~~~~~~
     Drone (3):
          21         | 1          | 7          | 6          | 14         | 8         
s_times   0.0        | 62.0412    | 154.0464   | 159.8607   | 195.091    | 234.0059  
c_times   31.0206    | 122.0412   | 155.7233   | 160.5445   | 198.0356   | 235.6828  
charges   328.9794   | 360.0      | 326.3179   | 321.4967   | 284.0056   | 246.3584  
~~~~~~~~~~~~~~~~~~~~~~~~~~~~~~~~~~~~~~~~~~
     Drone (4):
          22         | 9          | 19         | 2          | 20         | 18        
s_times   0.0        | 74.1961    | 110.5942   | 136.8881   | 163.196    | 178.9458  
c_times   43.5527    | 77.7789    | 111.9981   | 138.9062   | 164.5999   | 180.6029  
charges   316.4473   | 282.2211   | 248.0019   | 221.0938   | 195.4001   | 179.3971  
~~~~~~~~~~~~~~~~~~~~~~~~~~~~~~~~~~~~~~~~~~
***** nlp_objective: 43.55267117782382
***** nlp_Sol_time: 46.528
     Drone (1):
          21         | 12         | 15         | 7          | 10         | 16        
s_times   0.0        | 67.3991    | 93.2953    | 108.3588   | 123.13     | 147.7534  
c_times   31.0206    | 70.3438    | 94.3276    | 110.0358   | 126.7129   | 148.7858  
charges   328.9794   | 289.6562   | 265.6724   | 249.9642   | 233.2871   | 211.2142  
~~~~~~~~~~~~~~~~~~~~~~~~~~~~~~~~~~~~~~~~~~
     Drone (2):
          22         | 9          | 17         | 5          | 14         | 6         
s_times   0.0        | 74.1961    | 112.2175   | 141.5532   | 176.7834   | 216.576   
c_times   43.5527    | 77.7789    | 113.8746   | 142.2369   | 179.7281   | 217.2598  
charges   316.4473   | 282.2211   | 246.1254   | 217.7631   | 180.2719   | 142.7402  
~~~~~~~~~~~~~~~~~~~~~~~~~~~~~~~~~~~~~~~~~~
     Drone (3):
          22         | 4          | 19         | 13         | 8          | 20        
s_times   0.0        | 64.5288    | 90.1591    | 116.9145   | 155.8294   | 178.072   
c_times   43.5527    | 65.2126    | 91.563     | 119.8592   | 157.5063   | 179.4758  
charges   316.4473   | 294.7874   | 268.437    | 240.1408   | 202.4937   | 180.5242  
~~~~~~~~~~~~~~~~~~~~~~~~~~~~~~~~~~~~~~~~~~
     Drone (4):
          22         | 1          | 2          | 18         | 11         | 3         
s_times   0.0        | 87.1053    | 175.0486   | 202.3284   | 238.0515   | 251.3074  
c_times   43.5527    | 147.1053   | 177.0667   | 203.9855   | 241.6344   | 253.3255  
charges   316.4473   | 360.0      | 330.0386   | 303.1199   | 265.471    | 253.7799  
~~~~~~~~~~~~~~~~~~~~~~~~~~~~~~~~~~~~~~~~~~
