~~~~~~~~~~~~~~~~~~~ [6, 'LA', 7, 600, 600] ~~~~~~~~~~~~~~~~~~~
 Families: [[1], [2, 3, 4], [5, 6], [7, 8], [9, 10], [11]]
Due_dates: [360, 120.0, 240.0, 360.0, 180.0, 360.0, 180.0, 360.0, 180.0, 360.0, 360]
Ear_dates: [0, 12.0, 24.0, 36.0, 18.0, 36.0, 18.0, 36.0, 18.0, 36.0, 0]
Monitor_t: [60.0, 5.89, 5.89, 5.89, 2.06, 2.06, 3.31, 3.31, 2.81, 2.81, 0.0]
~~~~~~~~~~~~~~~~~~~ Comparing the results ~~~~~~~~~~~~~~~~~~~
***** lp_objective: 7.2
***** lp_Sol_time: 2090.481
     Drone (1):
          20         | 4          | 28         | 14         | 32         | 10         | 15        
s_times   0.0        | 84.8096    | 89.6868    | 122.9067   | 178.3753   | 199.4404   | 232.2355  
c_times   63.7534    | 86.8566    | 91.6615    | 130.4199   | 182.0973   | 201.9829   | 239.7488  
charges   536.2466   | 513.1434   | 508.3385   | 469.5801   | 417.9027   | 398.0171   | 360.2512  
~~~~~~~~~~~~~~~~~~~~~~~~~~~~~~~~~~~~~~~~~~
     Drone (2):
          0          | 37         | 7          | 25         | 33         | 27         | 34        
s_times   0.0        | 0.0        | 4.8255     | 16.1736    | 38.9799    | 64.6705    | 87.4767   
c_times   0.0        | 0.0        | 7.368      | 18.1484    | 43.58      | 66.6453    | 92.0768   
charges   600.0      | 600.0      | 592.632    | 581.8516   | 556.42     | 533.3547   | 507.9232  
~~~~~~~~~~~~~~~~~~~~~~~~~~~~~~~~~~~~~~~~~~
     Drone (3):
          2          | 8          | 21         | 17         | 36         | 6          | 24        
s_times   0.0        | 59.1512    | 74.3536    | 81.5022    | 125.6359   | 153.5795   | 177.8402  
c_times   46.9308    | 61.6937    | 77.6787    | 85.437     | 130.236    | 155.6264   | 181.1654  
charges   553.0692   | 538.3063   | 522.3213   | 514.563    | 469.764    | 444.3736   | 418.8346  
~~~~~~~~~~~~~~~~~~~~~~~~~~~~~~~~~~~~~~~~~~
     Drone (4):
          0          | 37         | 12         | 3          | 35         | 9          | 5         
s_times   0.0        | 0.0        | 28.4964    | 70.584     | 94.4055    | 120.9985   | 131.4329  
c_times   0.0        | 0.0        | 36.0096    | 72.631     | 99.0056    | 123.541    | 133.4798  
charges   600.0      | 600.0      | 563.9904   | 527.369    | 500.9944   | 476.459    | 466.5202  
~~~~~~~~~~~~~~~~~~~~~~~~~~~~~~~~~~~~~~~~~~
     Drone (5):
          0          | 11         | 26         | 30         | 18         | 31         | 23        
s_times   0.0        | 0.0        | 44.5191    | 59.2897    | 95.3455    | 131.5833   | 162.7606  
c_times   0.0        | 7.5133     | 46.4938    | 63.0117    | 99.2803    | 135.3053   | 166.0858  
charges   600.0      | 592.4867   | 553.5062   | 536.9883   | 500.7197   | 464.6947   | 433.9142  
~~~~~~~~~~~~~~~~~~~~~~~~~~~~~~~~~~~~~~~~~~
     Drone (6):
          0          | 37         | 16         | 29         | 13         | 19         | 22        
s_times   0.0        | 0.0        | 15.5485    | 51.7863    | 102.252    | 140.8108   | 155.7232  
c_times   0.0        | 0.0        | 19.4833    | 55.5083    | 109.7653   | 144.7456   | 159.0484  
charges   600.0      | 600.0      | 580.5167   | 544.4917   | 490.2347   | 455.2544   | 440.9516  
~~~~~~~~~~~~~~~~~~~~~~~~~~~~~~~~~~~~~~~~~~
***** nlp_objective: 18.0
***** nlp_Sol_time: 2.472
     Drone (1):
          0          | 7          | 3          | 6         
s_times   0.0        | 0.0        | 85.7768    | 137.5691  
c_times   0.0        | 3.3142     | 91.6662    | 139.6338  
charges   360.0      | 356.6858   | 268.3338   | 220.3662  
~~~~~~~~~~~~~~~~~~~~~~~~~~~~~~~~~~~~~~~~~~
     Drone (2):
          0          | 2          | 8          | 4         
s_times   0.0        | 0.0        | 90.7504    | 176.5272  
c_times   0.0        | 5.8893     | 94.0646    | 182.4165  
charges   360.0      | 354.1107   | 265.9354   | 177.5835  
~~~~~~~~~~~~~~~~~~~~~~~~~~~~~~~~~~~~~~~~~~
     Drone (3):
          9          | 5          | 10         | 1         
s_times   0.0        | 121.3211   | 156.204    | 241.1785  
c_times   87.1206    | 123.3858   | 159.0118   | 301.1785  
charges   272.8794   | 236.6142   | 200.9882   | 360.0     
~~~~~~~~~~~~~~~~~~~~~~~~~~~~~~~~~~~~~~~~~~
