~~~~~~~~~~~~~~~~~~~ [6, 'LA', 10, 1200, 600] ~~~~~~~~~~~~~~~~~~~
 Families: [[1], [2, 3, 4], [5, 6], [7, 8], [9, 10], [11]]
Due_dates: [360, 120.0, 240.0, 360.0, 180.0, 360.0, 180.0, 360.0, 180.0, 360.0, 360]
Ear_dates: [0, 12.0, 24.0, 36.0, 18.0, 36.0, 18.0, 36.0, 18.0, 36.0, 0]
Monitor_t: [60.0, 5.89, 5.89, 5.89, 2.06, 2.06, 3.31, 3.31, 2.81, 2.81, 0.0]
~~~~~~~~~~~~~~~~~~~ Comparing the results ~~~~~~~~~~~~~~~~~~~
***** lp_objective: 0
***** lp_Sol_time: 0.919
     Drone (1):
          0          | 0          | 0          | 0          | 0          | 0          | 0          | 0          | 0          | 0         
s_times   0          | 0          | 0          | 0          | 0          | 0          | 0          | 0          | 0          | 0         
c_times   0          | 0          | 0          | 0          | 0          | 0          | 0          | 0          | 0          | 0         
charges   0          | 0          | 0          | 0          | 0          | 0          | 0          | 0          | 0          | 0         
~~~~~~~~~~~~~~~~~~~~~~~~~~~~~~~~~~~~~~~~~~
     Drone (2):
          0          | 0          | 0          | 0          | 0          | 0          | 0          | 0          | 0          | 0         
s_times   0          | 0          | 0          | 0          | 0          | 0          | 0          | 0          | 0          | 0         
c_times   0          | 0          | 0          | 0          | 0          | 0          | 0          | 0          | 0          | 0         
charges   0          | 0          | 0          | 0          | 0          | 0          | 0          | 0          | 0          | 0         
~~~~~~~~~~~~~~~~~~~~~~~~~~~~~~~~~~~~~~~~~~
     Drone (3):
          0          | 0          | 0          | 0          | 0          | 0          | 0          | 0          | 0          | 0         
s_times   0          | 0          | 0          | 0          | 0          | 0          | 0          | 0          | 0          | 0         
c_times   0          | 0          | 0          | 0          | 0          | 0          | 0          | 0          | 0          | 0         
charges   0          | 0          | 0          | 0          | 0          | 0          | 0          | 0          | 0          | 0         
~~~~~~~~~~~~~~~~~~~~~~~~~~~~~~~~~~~~~~~~~~
     Drone (4):
          0          | 0          | 0          | 0          | 0          | 0          | 0          | 0          | 0          | 0         
s_times   0          | 0          | 0          | 0          | 0          | 0          | 0          | 0          | 0          | 0         
c_times   0          | 0          | 0          | 0          | 0          | 0          | 0          | 0          | 0          | 0         
charges   0          | 0          | 0          | 0          | 0          | 0          | 0          | 0          | 0          | 0         
~~~~~~~~~~~~~~~~~~~~~~~~~~~~~~~~~~~~~~~~~~
     Drone (5):
          0          | 0          | 0          | 0          | 0          | 0          | 0          | 0          | 0          | 0         
s_times   0          | 0          | 0          | 0          | 0          | 0          | 0          | 0          | 0          | 0         
c_times   0          | 0          | 0          | 0          | 0          | 0          | 0          | 0          | 0          | 0         
charges   0          | 0          | 0          | 0          | 0          | 0          | 0          | 0          | 0          | 0         
~~~~~~~~~~~~~~~~~~~~~~~~~~~~~~~~~~~~~~~~~~
     Drone (6):
          0          | 0          | 0          | 0          | 0          | 0          | 0          | 0          | 0          | 0         
s_times   0          | 0          | 0          | 0          | 0          | 0          | 0          | 0          | 0          | 0         
c_times   0          | 0          | 0          | 0          | 0          | 0          | 0          | 0          | 0          | 0         
charges   0          | 0          | 0          | 0          | 0          | 0          | 0          | 0          | 0          | 0         
~~~~~~~~~~~~~~~~~~~~~~~~~~~~~~~~~~~~~~~~~~
***** nlp_objective: 18.0
***** nlp_Sol_time: 2.472
     Drone (1):
          0          | 7          | 3          | 6         
s_times   0.0        | 0.0        | 85.7768    | 137.5691  
c_times   0.0        | 3.3142     | 91.6662    | 139.6338  
charges   360.0      | 356.6858   | 268.3338   | 220.3662  
~~~~~~~~~~~~~~~~~~~~~~~~~~~~~~~~~~~~~~~~~~
     Drone (2):
          0          | 2          | 8          | 4         
s_times   0.0        | 0.0        | 90.7504    | 176.5272  
c_times   0.0        | 5.8893     | 94.0646    | 182.4165  
charges   360.0      | 354.1107   | 265.9354   | 177.5835  
~~~~~~~~~~~~~~~~~~~~~~~~~~~~~~~~~~~~~~~~~~
     Drone (3):
          9          | 5          | 10         | 1         
s_times   0.0        | 121.3211   | 156.204    | 241.1785  
c_times   87.1206    | 123.3858   | 159.0118   | 301.1785  
charges   272.8794   | 236.6142   | 200.9882   | 360.0     
~~~~~~~~~~~~~~~~~~~~~~~~~~~~~~~~~~~~~~~~~~
