~~~~~~~~~~~~~~~~~~~ [3, 'RS', 6, 240] ~~~~~~~~~~~~~~~~~~~
 Families: [[1], [2, 3], [4, 5, 6], [7, 8], [9, 10, 11], [12]]
  i_times: [1000.0, 1000.0, 1000.0, 1000.0]
Fam slots: [[0, 1], [1, 4, 6], [2, 5], [1, 5, 6]]
Ear_dates: [0, 0.0, 180.0, 180.0, 720.0, 1080.0, 360.0, 900.0, 180.0, 900.0, 1080.0, 0]
Due_dates: [1440, 180.0, 360.0, 360.0, 900.0, 1260.0, 540.0, 1080.0, 360.0, 1080.0, 1260.0, 1440]
Monitor_t: [60.0, 2.02, 2.02, 0.68, 0.68, 0.68, 1.68, 1.68, 3.58, 3.58, 3.58, 0.0]
~~~~~~~~~~~~~~~~~~~ Comparing the results ~~~~~~~~~~~~~~~~~~~
***** lp_objective: 455.42999993723447
***** lp_Sol_time: 164.749
     Drone (1):
          2          | 1          | 3          | 1          | 4          | 10        
s_times   62.57      | 131.0      | 253.57     | 322.0      | 444.57     | 474.27    
c_times   65.51      | 191.0      | 256.51     | 382.0      | 447.51     | 475.67    
travels   65.49      | 62.57      | 65.49      | 62.57      | 26.76      | 0.0       
charges   174.49     | 240.0      | 174.49     | 240.0      | 174.49     | 146.33    
~~~~~~~~~~~~~~~~~~~~~~~~~~~~~~~~~~~~~~~~~~
     Drone (2):
          11         | 11         | 5          | 7          | 1          | 11        
s_times   43.55      | 43.55      | 54.33      | 83.0       | 113.33     | 216.88    
c_times   43.55      | 43.55      | 55.36      | 84.66      | 173.33     | 216.88    
travels   0.0        | 10.78      | 27.64      | 28.67      | 43.55      | 0.0       
charges   196.45     | 196.45     | 184.64     | 155.34     | 240.0      | 196.45    
~~~~~~~~~~~~~~~~~~~~~~~~~~~~~~~~~~~~~~~~~~
     Drone (3):
          11         | 9          | 1          | 8          | 1          | 6         
s_times   43.55      | 49.39      | 91.87      | 181.63     | 211.96     | 315.58    
c_times   43.55      | 50.79      | 151.87     | 183.29     | 271.96     | 316.61    
travels   5.84       | 41.08      | 29.76      | 28.67      | 43.62      | 0.0       
charges   196.45     | 189.21     | 240.0      | 208.58     | 240.0      | 195.35    
~~~~~~~~~~~~~~~~~~~~~~~~~~~~~~~~~~~~~~~~~~
***** nlp_objective: 779.63
***** nlp_Sol_time: 158.59
     Drone (1):
          4          | 1          | 10         | 1          | 8          | 11        
s_times   32.61      | 66.04      | 156.38     | 193.59     | 285.6      | 300.37    
c_times   33.29      | 126.04     | 159.96     | 253.59     | 287.28     | 303.95    
travels   32.75      | 30.34      | 33.63      | 32.01      | 13.09      | 0.0       
charges   206.71     | 240.0      | 206.08     | 240.0      | 206.31     | 189.64    
~~~~~~~~~~~~~~~~~~~~~~~~~~~~~~~~~~~~~~~~~~
     Drone (2):
          7          | 9          | 1          | 5          | 1          | 6         
s_times   32.01      | 46.78      | 83.99      | 176.6      | 210.03     | 302.64    
c_times   33.69      | 50.36      | 143.99     | 177.28     | 270.03     | 303.32    
travels   13.09      | 33.63      | 32.61      | 32.75      | 32.61      | 0.0       
charges   206.31     | 189.64     | 240.0      | 206.71     | 240.0      | 206.71    
~~~~~~~~~~~~~~~~~~~~~~~~~~~~~~~~~~~~~~~~~~
     Drone (3):
          0          | 0          | 0          | 2          | 1          | 3         
s_times   0.0        | 0.0        | 0.0        | 0.0        | 31.95      | 119.89    
c_times   0.0        | 0.0        | 0.0        | 2.02       | 91.95      | 121.91    
travels   0.0        | 0.0        | 3.36       | 29.93      | 27.94      | 0.0       
charges   240.0      | 240.0      | 240.0      | 237.98     | 240.0      | 210.04    
~~~~~~~~~~~~~~~~~~~~~~~~~~~~~~~~~~~~~~~~~~
