~~~~~~~~~~~~~~~~~~~ [3, 'RS', 6, 240] ~~~~~~~~~~~~~~~~~~~
 Families: [[1], [2, 3, 4], [5, 6], [7, 8], [9, 10], [11]]
  i_times: [660.0, 480.0, 300.0, 660.0]
Fam slots: [[0, 1, 5], [1, 4], [1, 3], [1, 5]]
Ear_dates: [0, 0.0, 180.0, 900.0, 180.0, 720.0, 180.0, 540.0, 180.0, 900.0, 0]
Due_dates: [1440, 180.0, 360.0, 1080.0, 360.0, 900.0, 360.0, 720.0, 360.0, 1080.0, 1440]
Monitor_t: [60.0, 2.94, 2.94, 2.94, 1.03, 1.03, 1.66, 1.66, 1.4, 1.4, 0.0]
~~~~~~~~~~~~~~~~~~~ Comparing the results ~~~~~~~~~~~~~~~~~~~
***** lp_objective: 455.42999993723447
***** lp_Sol_time: 212.061
     Drone (1):
          2          | 1          | 3          | 1          | 4          | 10        
s_times   62.57      | 131.0      | 253.57     | 322.0      | 444.57     | 474.27    
c_times   65.51      | 191.0      | 256.51     | 382.0      | 447.51     | 475.67    
travels   65.49      | 62.57      | 65.49      | 62.57      | 26.76      | 0.0       
charges   174.49     | 240.0      | 174.49     | 240.0      | 174.49     | 146.33    
~~~~~~~~~~~~~~~~~~~~~~~~~~~~~~~~~~~~~~~~~~
     Drone (2):
          11         | 11         | 5          | 7          | 1          | 11        
s_times   43.55      | 43.55      | 54.33      | 83.0       | 113.33     | 216.88    
c_times   43.55      | 43.55      | 55.36      | 84.66      | 173.33     | 216.88    
travels   0.0        | 10.78      | 27.64      | 28.67      | 43.55      | 0.0       
charges   196.45     | 196.45     | 184.64     | 155.34     | 240.0      | 196.45    
~~~~~~~~~~~~~~~~~~~~~~~~~~~~~~~~~~~~~~~~~~
     Drone (3):
          11         | 9          | 1          | 8          | 1          | 6         
s_times   43.55      | 49.39      | 91.87      | 181.63     | 211.96     | 315.58    
c_times   43.55      | 50.79      | 151.87     | 183.29     | 271.96     | 316.61    
travels   5.84       | 41.08      | 29.76      | 28.67      | 43.62      | 0.0       
charges   196.45     | 189.21     | 240.0      | 208.58     | 240.0      | 195.35    
~~~~~~~~~~~~~~~~~~~~~~~~~~~~~~~~~~~~~~~~~~
***** nlp_objective: 455.4300000000001
***** nlp_Sol_time: 58.197
     Drone (1):
          2          | 1          | 3          | 1          | 4          | 10        
s_times   62.57      | 131.0      | 253.57     | 322.0      | 444.57     | 474.27    
c_times   65.51      | 191.0      | 256.51     | 382.0      | 447.51     | 475.67    
travels   65.49      | 62.57      | 65.49      | 62.57      | 26.76      | 0.0       
charges   174.49     | 240.0      | 174.49     | 240.0      | 174.49     | 146.33    
~~~~~~~~~~~~~~~~~~~~~~~~~~~~~~~~~~~~~~~~~~
     Drone (2):
          11         | 1          | 11         | 7          | 1          | 6         
s_times   43.55      | 87.1       | 190.65     | 210.69     | 241.02     | 344.64    
c_times   43.55      | 147.1      | 190.65     | 212.35     | 301.02     | 345.67    
travels   43.55      | 43.55      | 20.04      | 28.67      | 43.62      | 0.0       
charges   196.45     | 240.0      | 196.45     | 174.75     | 240.0      | 195.35    
~~~~~~~~~~~~~~~~~~~~~~~~~~~~~~~~~~~~~~~~~~
     Drone (3):
          11         | 1          | 9          | 1          | 5          | 8         
s_times   43.55      | 87.1       | 189.26     | 231.74     | 335.36     | 364.03    
c_times   43.55      | 147.1      | 190.66     | 291.74     | 336.39     | 365.69    
travels   43.55      | 42.16      | 41.08      | 43.62      | 27.64      | 0.0       
charges   196.45     | 240.0      | 196.44     | 240.0      | 195.35     | 166.05    
~~~~~~~~~~~~~~~~~~~~~~~~~~~~~~~~~~~~~~~~~~
