~~~~~~~~~~~~~~~~~~~ [3, 'RS', 6, 240] ~~~~~~~~~~~~~~~~~~~
 Families: [[1], [2, 3], [4, 5, 6], [7, 8], [9, 10, 11], [12]]
  i_times: [1000.0, 1000.0, 1000.0, 1000.0]
Fam slots: [[0, 1], [1, 4, 6], [2, 5], [1, 5, 6]]
Ear_dates: [0, 0.0, 180.0, 180.0, 720.0, 1080.0, 360.0, 900.0, 180.0, 900.0, 1080.0, 0]
Due_dates: [1440, 180.0, 360.0, 360.0, 900.0, 1260.0, 540.0, 1080.0, 360.0, 1080.0, 1260.0, 1440]
Monitor_t: [60.0, 2.02, 2.02, 0.68, 0.68, 0.68, 1.68, 1.68, 3.58, 3.58, 3.58, 0.0]
~~~~~~~~~~~~~~~~~~~ Comparing the results ~~~~~~~~~~~~~~~~~~~
***** lp_objective: 0.0
***** lp_Sol_time: 0.908
     Drone (1):
          0          | 0          | 0          | 0          | 0          | 0         
s_times   175.786    | 176.9765   | 177.2297   | 178.8514   | 179.4012   | 180.0     
c_times   176.9765   | 177.2297   | 178.8514   | 179.4012   | 180.0      | 181.5729  
travels   0.0        | 0.0        | 0.0        | 0.0        | 0.0        | 0.0       
charges   63.0235    | 62.7703    | 0.5498     | 0.0        | 1.5729     | 0.0       
~~~~~~~~~~~~~~~~~~~~~~~~~~~~~~~~~~~~~~~~~~
     Drone (2):
          0          | 0          | 0          | 0          | 0          | 0         
s_times   236.8334   | 239.088    | 239.4599   | 240.0      | 240.3755   | 241.3138  
c_times   239.088    | 239.4599   | 240.0      | 240.3755   | 241.3138   | 241.659   
travels   0.0        | 0.0        | 0.0        | 0.0        | 0.0        | 0.0       
charges   0.912      | 0.5401     | 0.0        | 0.0        | 0.3452     | 0.0       
~~~~~~~~~~~~~~~~~~~~~~~~~~~~~~~~~~~~~~~~~~
     Drone (3):
          0          | 0          | 0          | 0          | 0          | 0         
s_times   236.8865   | 240.0      | 250.7661   | 283.6741   | 284.5976   | 285.57    
c_times   240.0      | 250.7661   | 283.6741   | 284.5976   | 285.57     | 287.7524  
travels   0.0        | 0.0        | 0.0        | 0.0        | 0.0        | 0.0       
charges   0.0        | 25.0671    | 0.0        | 3.1549     | 2.1824     | 0.0       
~~~~~~~~~~~~~~~~~~~~~~~~~~~~~~~~~~~~~~~~~~
***** nlp_objective: 779.63
***** nlp_Sol_time: 158.59
     Drone (1):
          4          | 1          | 10         | 1          | 8          | 11        
s_times   32.61      | 66.04      | 156.38     | 193.59     | 285.6      | 300.37    
c_times   33.29      | 126.04     | 159.96     | 253.59     | 287.28     | 303.95    
travels   32.75      | 30.34      | 33.63      | 32.01      | 13.09      | 0.0       
charges   206.71     | 240.0      | 206.08     | 240.0      | 206.31     | 189.64    
~~~~~~~~~~~~~~~~~~~~~~~~~~~~~~~~~~~~~~~~~~
     Drone (2):
          7          | 9          | 1          | 5          | 1          | 6         
s_times   32.01      | 46.78      | 83.99      | 176.6      | 210.03     | 302.64    
c_times   33.69      | 50.36      | 143.99     | 177.28     | 270.03     | 303.32    
travels   13.09      | 33.63      | 32.61      | 32.75      | 32.61      | 0.0       
charges   206.31     | 189.64     | 240.0      | 206.71     | 240.0      | 206.71    
~~~~~~~~~~~~~~~~~~~~~~~~~~~~~~~~~~~~~~~~~~
     Drone (3):
          0          | 0          | 0          | 2          | 1          | 3         
s_times   0.0        | 0.0        | 0.0        | 0.0        | 31.95      | 119.89    
c_times   0.0        | 0.0        | 0.0        | 2.02       | 91.95      | 121.91    
travels   0.0        | 0.0        | 3.36       | 29.93      | 27.94      | 0.0       
charges   240.0      | 240.0      | 240.0      | 237.98     | 240.0      | 210.04    
~~~~~~~~~~~~~~~~~~~~~~~~~~~~~~~~~~~~~~~~~~
