~~~~~~~~~~~~~~~~~~~ [3, 'SB', 6, 240] ~~~~~~~~~~~~~~~~~~~
 Families: [[1], [2, 3], [4, 5, 6], [7, 8], [9, 10, 11], [12]]
  i_times: [300.0, 480.0, 300.0, 300.0]
Fam slots: [[0, 2], [1, 4, 5], [4, 6], [1, 3, 5]]
Ear_dates: [0, 0.0, 360.0, 180.0, 720.0, 900.0, 720.0, 1080.0, 180.0, 540.0, 900.0, 0]
Due_dates: [1440, 180.0, 540.0, 360.0, 900.0, 1080.0, 900.0, 1260.0, 360.0, 720.0, 1080.0, 1440]
Monitor_t: [60.0, 2.02, 2.02, 0.68, 0.68, 0.68, 1.68, 1.68, 3.58, 3.58, 3.58, 0.0]
~~~~~~~~~~~~~~~~~~~ Comparing the results ~~~~~~~~~~~~~~~~~~~
***** lp_objective: 776.45
***** lp_Sol_time: 95.848
     Drone (1):
          2          | 12         | 3          | 1          | 5          | 1         
s_times   27.94      | 32.06      | 35.42      | 67.37      | 159.98     | 193.41    
c_times   29.96      | 32.06      | 37.44      | 127.37     | 160.66     | 253.41    
travels   2.1        | 3.36       | 29.93      | 32.61      | 32.75      | 0.0       
charges   210.04     | 207.94     | 202.56     | 240.0      | 206.71     | 240.0     
~~~~~~~~~~~~~~~~~~~~~~~~~~~~~~~~~~~~~~~~~~
     Drone (2):
          9          | 1          | 7          | 10         | 1          | 8         
s_times   30.34      | 67.55      | 159.56     | 174.33     | 211.54     | 303.55    
c_times   33.92      | 127.55     | 161.24     | 177.91     | 271.54     | 305.23    
travels   33.63      | 32.01      | 13.09      | 33.63      | 32.01      | 0.0       
charges   206.08     | 240.0      | 206.31     | 189.64     | 240.0      | 206.31    
~~~~~~~~~~~~~~~~~~~~~~~~~~~~~~~~~~~~~~~~~~
     Drone (3):
          12         | 1          | 4          | 1          | 11         | 6         
s_times   31.02      | 62.04      | 154.65     | 188.08     | 278.42     | 290.54    
c_times   31.02      | 122.04     | 155.33     | 248.08     | 282.0      | 291.22    
travels   31.02      | 32.61      | 32.75      | 30.34      | 8.54       | 0.0       
charges   208.98     | 240.0      | 206.71     | 240.0      | 206.08     | 196.86    
~~~~~~~~~~~~~~~~~~~~~~~~~~~~~~~~~~~~~~~~~~
***** nlp_objective: 776.45
***** nlp_Sol_time: 70.07
     Drone (1):
          7          | 9          | 1          | 11         | 1          | 8         
s_times   32.01      | 46.78      | 83.99      | 174.33     | 211.54     | 303.55    
c_times   33.69      | 50.36      | 143.99     | 177.91     | 271.54     | 305.23    
travels   13.09      | 33.63      | 30.34      | 33.63      | 32.01      | 0.0       
charges   206.31     | 189.64     | 240.0      | 206.08     | 240.0      | 206.31    
~~~~~~~~~~~~~~~~~~~~~~~~~~~~~~~~~~~~~~~~~~
     Drone (2):
          12         | 1          | 4          | 3          | 6          | 1         
s_times   31.02      | 62.04      | 154.65     | 160.18     | 164.91     | 198.34    
c_times   31.02      | 122.04     | 155.33     | 162.2      | 165.59     | 258.34    
travels   31.02      | 32.61      | 4.85       | 2.71       | 32.75      | 0.0       
charges   208.98     | 240.0      | 206.71     | 199.84     | 196.45     | 240.0     
~~~~~~~~~~~~~~~~~~~~~~~~~~~~~~~~~~~~~~~~~~
     Drone (3):
          2          | 1          | 10         | 12         | 5          | 1         
s_times   27.94      | 59.89      | 150.23     | 161.07     | 163.25     | 196.68    
c_times   29.96      | 119.89     | 153.81     | 161.07     | 163.93     | 256.68    
travels   29.93      | 30.34      | 7.26       | 2.18       | 32.75      | 0.0       
charges   210.04     | 240.0      | 206.08     | 198.82     | 195.96     | 240.0     
~~~~~~~~~~~~~~~~~~~~~~~~~~~~~~~~~~~~~~~~~~
