~~~~~~~~~~~~~~~~~~~~~~~~~~ Instance ~~~~~~~~~~~~~~~~~~~~~~~~~
 Families: [[1], [2, 3, 4], [5, 6, 7], [8, 9], [10]]
Due_dates: [50 10 20 24  8 16 24  5 10 50]
Monitor_t: [5.   2.   2.   2.   1.   1.   1.   1.   1.   0.01]
~~~~~~~~~~~~~~~~~~~ Comparing the results ~~~~~~~~~~~~~~~~~~~
~~~~~ lp_objective: -3.79
     Drone (1):[10  8 10  9  3  7]
     s_times: [0.   0.21 1.31 1.42 4.42 7.42]
     c_times: [0.11 1.21 1.32 2.42 6.42 8.42]
      charge: [11.89 10.79 10.68  9.58  5.58  3.58]
~~~~~~~~~~~~~~~~~~~~~~~~~~~~~~~~~~~~~~~~~~
     Drone (2):[10  2  5 10  6  4]
     s_times: [0.   0.21 3.21 4.31 4.42 6.42]
     c_times: [0.11 2.21 4.21 4.32 5.42 8.42]
      charge: [11.89  9.79  7.79  7.68  6.58  3.58]
~~~~~~~~~~~~~~~~~~~~~~~~~~~~~~~~~~~~~~~~~~
~~~~~ nlp_objective: -3.7899999999963327
     Drone (1):[10  2  5 10  6  4]
     s_times: [0.   0.21 3.21 4.31 4.42 6.42]
     c_times: [0.11 2.21 4.21 4.32 5.42 8.42]
      charge: [11.89  9.79  7.79  7.68  6.58  3.58]
~~~~~~~~~~~~~~~~~~~~~~~~~~~~~~~~~~~~~~~~~~
     Drone (2):[10  8 10  9  3  7]
     s_times: [0.   0.21 1.31 1.42 4.42 7.42]
     c_times: [0.11 1.21 1.32 2.42 6.42 8.42]
      charge: [11.89 10.79 10.68  9.58  5.58  3.58]
~~~~~~~~~~~~~~~~~~~~~~~~~~~~~~~~~~~~~~~~~~
==========================================
