~~~~~~~~~~~~~~~~~~~~~~~~~~ Instance ~~~~~~~~~~~~~~~~~~~~~~~~~
 Families: [[1], [2, 3], [4, 5, 6], [7, 8], [9, 10, 11], [12]]
Due_dates: [50.   1.   2.3  0.3  1.5  3.   4.6  8.   7.   9.  11.  50. ]
Monitor_t: [7, 3, 3, 1, 1, 1, 2, 2, 5, 5, 5, 0]
~~~~~~~~~~~~~~~~~~~ Comparing the results ~~~~~~~~~~~~~~~~~~~
~~~~~ lp_objective: -100
     Drone (1):[0 0 0 0 0]
     s_times: [0 0 0 0 0]
     c_times: [0 0 0 0 0]
      charge: [0 0 0 0 0]
~~~~~~~~~~~~~~~~~~~~~~~~~~~~~~~~~~~~~~~~~~
     Drone (2):[0 0 0 0 0]
     s_times: [0 0 0 0 0]
     c_times: [0 0 0 0 0]
      charge: [0 0 0 0 0]
~~~~~~~~~~~~~~~~~~~~~~~~~~~~~~~~~~~~~~~~~~
     Drone (3):[0 0 0 0 0]
     s_times: [0 0 0 0 0]
     c_times: [0 0 0 0 0]
      charge: [0 0 0 0 0]
~~~~~~~~~~~~~~~~~~~~~~~~~~~~~~~~~~~~~~~~~~
~~~~~ nlp_objective: 0
     Drone (1):[0 0 0 0 0]
     s_times: [0 0 0 0 0]
     c_times: [0 0 0 0 0]
      charge: [0 0 0 0 0]
~~~~~~~~~~~~~~~~~~~~~~~~~~~~~~~~~~~~~~~~~~
     Drone (2):[0 0 0 0 0]
     s_times: [0 0 0 0 0]
     c_times: [0 0 0 0 0]
      charge: [0 0 0 0 0]
~~~~~~~~~~~~~~~~~~~~~~~~~~~~~~~~~~~~~~~~~~
     Drone (3):[0 0 0 0 0]
     s_times: [0 0 0 0 0]
     c_times: [0 0 0 0 0]
      charge: [0 0 0 0 0]
~~~~~~~~~~~~~~~~~~~~~~~~~~~~~~~~~~~~~~~~~~
==========================================
