~~~~~~~~~~~~~~~~~~~~~~~~~~ Instance ~~~~~~~~~~~~~~~~~~~~~~~~~
 Families: [[1], [2, 3], [4, 5, 6], [7, 8], [9, 10, 11], [12]]
Due_dates: [5.0e+01 1.0e-01 2.3e-01 3.0e-02 1.5e-01 3.0e-01 4.6e-01 8.0e-01 7.0e-01
 9.0e-01 1.1e+00 5.0e+01]
Monitor_t: [0.09, 0.03, 0.03, 0.01, 0.01, 0.01, 0.02, 0.02, 0.05, 0.05, 0.05, 0.0002]
~~~~~~~~~~~~~~~~~~~ Comparing the results ~~~~~~~~~~~~~~~~~~~
~~~~~ lp_objective: -0.008300000000003752
     Drone (1):[ 4  3  6  1 11]
     s_times: [0.     0.089  0.1566 0.1878 0.4221]
     c_times: [0.0217 0.119  0.1666 0.2778 0.4721]
      charge: [0.2783 0.181  0.1334 0.3    0.1057]
~~~~~~~~~~~~~~~~~~~~~~~~~~~~~~~~~~~~~~~~~~
     Drone (2):[ 7 12 12  2  5]
     s_times: [0.     0.0505 0.0507 0.0589 0.1265]
     c_times: [0.0425 0.0507 0.0509 0.0889 0.1365]
      charge: [0.2575 0.2493 0.2491 0.2111 0.1635]
~~~~~~~~~~~~~~~~~~~~~~~~~~~~~~~~~~~~~~~~~~
     Drone (3):[ 9 12  8 12 10]
     s_times: [0.     0.2023 0.2105 0.2385 0.2467]
     c_times: [0.1943 0.2025 0.2305 0.2387 0.2967]
      charge: [0.1057 0.0975 0.0695 0.0613 0.0033]
~~~~~~~~~~~~~~~~~~~~~~~~~~~~~~~~~~~~~~~~~~
~~~~~ nlp_objective: -0.00830000023414057
     Drone (1):[ 4 12  2  5  3]
     s_times: [0.     0.0297 0.0379 0.1055 0.1828]
     c_times: [0.0217 0.0299 0.0679 0.1155 0.2128]
      charge: [0.2783 0.2701 0.2321 0.1845 0.0872]
~~~~~~~~~~~~~~~~~~~~~~~~~~~~~~~~~~~~~~~~~~
     Drone (2):[ 7 10  1  8 11]
     s_times: [0.     0.2243 0.4043 0.5168 0.7186]
     c_times: [0.0425 0.2743 0.4943 0.5368 0.7686]
      charge: [0.2575 0.0257 0.3    0.2575 0.0257]
~~~~~~~~~~~~~~~~~~~~~~~~~~~~~~~~~~~~~~~~~~
     Drone (3):[ 9 12 12  6 12]
     s_times: [0.     0.2023 0.2025 0.2107 0.2287]
     c_times: [0.1943 0.2025 0.2027 0.2207 0.2289]
      charge: [0.1057 0.0975 0.0973 0.0793 0.0711]
~~~~~~~~~~~~~~~~~~~~~~~~~~~~~~~~~~~~~~~~~~
==========================================
