~~~~~~~~~~~~~~~~~~~~~~~~~~ Instance ~~~~~~~~~~~~~~~~~~~~~~~~~
 Families: [[1], [2, 3], [4, 5, 6], [7, 8], [9, 10, 11], [12]]
Due_dates: [50.   1.   2.3  0.3  1.5  3.   4.6  8.   7.   9.  11.  50. ]
Monitor_t: [7, 3, 3, 1, 1, 1, 2, 2, 5, 5, 5, 0]
~~~~~~~~~~~~~~~~~~~ Comparing the results ~~~~~~~~~~~~~~~~~~~
~~~~~ lp_objective: 5.167999998147612
     Drone (1):[ 4 12  5  1 11  1]
     s_times: [ 0.     1.197  1.277  2.489 10.932 17.232]
     c_times: [ 1.117  1.197  2.277  9.489 15.932 24.232]
      charge: [13.883 13.803 12.723 15.     8.557 15.   ]
~~~~~~~~~~~~~~~~~~~~~~~~~~~~~~~~~~~~~~~~~~
     Drone (2):[ 0  9  0 10 12  8]
     s_times: [ 0.    0.    5.    5.   10.08 10.16]
     c_times: [ 0.    5.    5.   10.   10.08 12.16]
      charge: [15.   10.   10.    5.    4.92  2.84]
~~~~~~~~~~~~~~~~~~~~~~~~~~~~~~~~~~~~~~~~~~
     Drone (3):[0 2 6 0 3 7]
     s_times: [0.    0.    3.376 4.376 4.376 7.768]
     c_times: [0.    3.    4.376 4.376 7.376 9.768]
      charge: [15.    12.    10.624 10.624  7.624  5.232]
~~~~~~~~~~~~~~~~~~~~~~~~~~~~~~~~~~~~~~~~~~
~~~~~ nlp_objective: 3.999999968123923
     Drone (1):[0 2 0 3 0 6]
     s_times: [0. 0. 3. 3. 6. 6.]
     c_times: [0. 3. 3. 6. 6. 7.]
      charge: [15. 12. 12.  9.  9.  8.]
~~~~~~~~~~~~~~~~~~~~~~~~~~~~~~~~~~~~~~~~~~
     Drone (2):[4 0 7 5 0 8]
     s_times: [0.    1.117 1.117 3.691 4.691 4.691]
     c_times: [1.117 1.117 3.117 4.691 4.691 6.691]
      charge: [13.883 13.883 11.883 10.309 10.309  8.309]
~~~~~~~~~~~~~~~~~~~~~~~~~~~~~~~~~~~~~~~~~~
     Drone (3):[ 0  9  0 10  0 11]
     s_times: [ 0.  0.  5.  5. 10. 10.]
     c_times: [ 0.  5.  5. 10. 10. 15.]
      charge: [15. 10. 10.  5.  5.  0.]
~~~~~~~~~~~~~~~~~~~~~~~~~~~~~~~~~~~~~~~~~~
==========================================
