~~~~~~~~~~~~~~~~~~~ [3, 'SB', 5, 120] ~~~~~~~~~~~~~~~~~~~
     seed: 8989985517746460658
 Families: [[1], [2, 3], [4, 5, 6], [7, 8], [9, 10, 11], [12]]
  i_times: [930.0, 390.0, 210.0, 390.0]
Fam slots: [[0, 6], [3, 6, 7], [0, 2], [1, 4, 5]]
Ear_dates: [0, 0.0, 1080.0, 540.0, 1080.0, 1260.0, 0.0, 360.0, 180.0, 720.0, 900.0, 0]
Due_dates: [1440, 180.0, 1260.0, 720.0, 1260.0, 1440.0, 180.0, 540.0, 360.0, 900.0, 1080.0, 1440]
Monitor_t: [60.0, 2.02, 2.02, 0.68, 0.68, 0.68, 1.68, 1.68, 3.58, 3.58, 3.58, 0.0]
~~~~~~~~~~~~~~~~~~~ Comparing the results ~~~~~~~~~~~~~~~~~~~
***** lp_Variables: 5238
***** lp_Constraints: 9992
***** lp_objective: 0.0
***** lp_Sol_time: 1.991
     Drone (1):
          12         | 12         | 4          | 12         | 11         | 12         | 3         
s_times   0.0        | 0.0        | 689.32     | 691.92     | 900.0      | 910.84     | 1080.0    
c_times   0.0        | 687.14     | 690.0      | 892.2      | 903.58     | 1076.64    | 1082.02   
travels   0.0        | 2.18       | 1.92       | 7.8        | 7.26       | 3.36       | 0.0       
charges   120.0      | 120.0      | 117.14     | 115.22     | 103.84     | 96.58      | 91.2      
~~~~~~~~~~~~~~~~~~~~~~~~~~~~~~~~~~~~~~~~~~
     Drone (2):
          12         | 12         | 8          | 12         | 12         | 10         | 12        
s_times   0.0        | 0.0        | 390.0      | 397.04     | 397.04     | 720.0      | 730.84    
c_times   0.0        | 386.07     | 391.68     | 397.04     | 712.2      | 723.58     | 730.84    
travels   0.0        | 3.93       | 5.36       | 0.0        | 7.8        | 7.26       | 0.0       
charges   120.0      | 120.0      | 114.39     | 109.03     | 109.03     | 97.65      | 90.39     
~~~~~~~~~~~~~~~~~~~~~~~~~~~~~~~~~~~~~~~~~~
     Drone (3):
          12         | 2          | 7          | 12         | 12         | 12         | 5         
s_times   0.0        | 173.47     | 178.32     | 185.36     | 1077.82    | 1077.82    | 1080.0    
c_times   170.11     | 175.49     | 180.0      | 1077.82    | 1077.82    | 1077.82    | 1080.68   
travels   3.36       | 2.83       | 5.36       | 0.0        | 0.0        | 2.18       | 0.0       
charges   120.0      | 114.62     | 110.11     | 104.75     | 104.75     | 104.75     | 101.89    
~~~~~~~~~~~~~~~~~~~~~~~~~~~~~~~~~~~~~~~~~~
     Drone (4):
          12         | 12         | 12         | 9          | 12         | 12         | 6         
s_times   0.0        | 348.62     | 348.62     | 356.42     | 367.26     | 1257.82    | 1260.0    
c_times   348.62     | 348.62     | 348.62     | 360.0      | 1257.82    | 1257.82    | 1260.68   
travels   0.0        | 0.0        | 7.8        | 7.26       | 0.0        | 2.18       | 0.0       
charges   120.0      | 120.0      | 120.0      | 108.62     | 101.36     | 101.36     | 98.5      
~~~~~~~~~~~~~~~~~~~~~~~~~~~~~~~~~~~~~~~~~~
***** nlp_Variables: 758
***** nlp_Constraints: 188
***** nlp_objective: 0.0
***** nlp_Sol_time: 5.276
     Drone (1):
          12         | 12         | 12         | 9          | 12         | 12         | 11        
s_times   0.0        | 31.02      | 31.02      | 326.42     | 337.26     | 337.26     | 900.0     
c_times   31.02      | 31.02      | 318.62     | 330.0      | 337.26     | 892.2      | 903.58    
travels   0.0        | 0.0        | 7.8        | 7.26       | 0.0        | 7.8        | 0.0       
charges   120.0      | 120.0      | 120.0      | 108.62     | 101.36     | 101.36     | 89.98     
~~~~~~~~~~~~~~~~~~~~~~~~~~~~~~~~~~~~~~~~~~
     Drone (2):
          12         | 12         | 6          | 12         | 12         | 12         | 12        
s_times   0.0        | 31.02      | 1437.4     | 1440.0     | 1440.0     | 1440.0     | 1440.0    
c_times   31.02      | 1435.22    | 1438.08    | 1440.0     | 1440.0     | 1440.0     | 1440.0    
travels   0.0        | 2.18       | 1.92       | 0.0        | 0.0        | 0.0        | 0.0       
charges   120.0      | 120.0      | 117.14     | 115.22     | 115.22     | 115.22     | 115.22    
~~~~~~~~~~~~~~~~~~~~~~~~~~~~~~~~~~~~~~~~~~
     Drone (3):
          12         | 2          | 7          | 12         | 8          | 12         | 4         
s_times   0.0        | 147.98     | 152.83     | 159.87     | 360.0      | 367.04     | 719.32    
c_times   144.62     | 150.0      | 154.51     | 356.07     | 361.68     | 717.14     | 720.0     
travels   3.36       | 2.83       | 5.36       | 3.93       | 5.36       | 2.18       | 0.0       
charges   120.0      | 114.62     | 110.11     | 104.75     | 99.14      | 93.78      | 90.92     
~~~~~~~~~~~~~~~~~~~~~~~~~~~~~~~~~~~~~~~~~~
     Drone (4):
          12         | 12         | 10         | 12         | 1          | 3          | 5         
s_times   0.0        | 712.2      | 720.0      | 730.84     | 992.06     | 1080.0     | 1084.73   
c_times   712.2      | 712.2      | 723.58     | 961.04     | 1052.06    | 1082.02    | 1085.41   
travels   0.0        | 7.8        | 7.26       | 31.02      | 27.94      | 2.71       | 0.0       
charges   120.0      | 120.0      | 108.62     | 101.36     | 120.0      | 90.04      | 86.65     
~~~~~~~~~~~~~~~~~~~~~~~~~~~~~~~~~~~~~~~~~~
