~~~~~~~~~~~~~~~~~~~ [3, 'SB', 5, 120] ~~~~~~~~~~~~~~~~~~~
     seed: 9102178677770450750
 Families: [[1], [2, 3], [4, 5, 6], [7, 8], [9, 10, 11], [12]]
  i_times: [390.0, 570.0, 30.0, 750.0]
Fam slots: [[1, 4], [1, 3, 7], [5, 6], [1, 6, 7]]
Ear_dates: [0, 180.0, 720.0, 180.0, 540.0, 1260.0, 900.0, 1080.0, 180.0, 1080.0, 1260.0, 0]
Due_dates: [1440, 360.0, 900.0, 360.0, 720.0, 1440.0, 1080.0, 1260.0, 360.0, 1260.0, 1440.0, 1440]
Monitor_t: [60.0, 2.02, 2.02, 0.68, 0.68, 0.68, 1.68, 1.68, 3.58, 3.58, 3.58, 0.0]
~~~~~~~~~~~~~~~~~~~ Comparing the results ~~~~~~~~~~~~~~~~~~~
***** lp_Variables: 5238
***** lp_Constraints: 9992
***** lp_objective: 0.0
***** lp_Sol_time: 1.866
     Drone (1):
          12         | 9          | 2          | 12         | 12         | 1          | 11        
s_times   0.0        | 344.73     | 357.98     | 362.1      | 1138.64    | 1169.66    | 1260.0    
c_times   336.93     | 348.31     | 360.0      | 1138.64    | 1138.64    | 1229.66    | 1263.58   
travels   7.8        | 9.67       | 2.1        | 0.0        | 31.02      | 30.34      | 0.0       
charges   120.0      | 108.62     | 96.93      | 94.83      | 94.83      | 120.0      | 86.08     
~~~~~~~~~~~~~~~~~~~~~~~~~~~~~~~~~~~~~~~~~~
     Drone (2):
          12         | 10         | 12         | 8          | 12         | 12         | 6         
s_times   0.0        | 1080.0     | 1090.84    | 1094.77    | 1101.81    | 1101.81    | 1260.0    
c_times   1072.2     | 1083.58    | 1090.84    | 1096.45    | 1101.81    | 1257.82    | 1260.68   
travels   7.8        | 7.26       | 3.93       | 5.36       | 0.0        | 2.18       | 0.0       
charges   120.0      | 108.62     | 101.36     | 95.75      | 90.39      | 90.39      | 87.53     
~~~~~~~~~~~~~~~~~~~~~~~~~~~~~~~~~~~~~~~~~~
     Drone (3):
          12         | 12         | 1          | 12         | 12         | 1          | 4         
s_times   0.0        | 0.0        | 31.02      | 122.04     | 122.04     | 236.03     | 328.64    
c_times   0.0        | 0.0        | 91.02      | 122.04     | 205.01     | 296.03     | 329.32    
travels   0.0        | 31.02      | 31.02      | 0.0        | 31.02      | 32.61      | 0.0       
charges   120.0      | 120.0      | 120.0      | 88.98      | 88.98      | 120.0      | 86.71     
~~~~~~~~~~~~~~~~~~~~~~~~~~~~~~~~~~~~~~~~~~
     Drone (4):
          12         | 12         | 5          | 3          | 1          | 12         | 7         
s_times   0.0        | 717.14     | 719.32     | 724.85     | 756.8      | 847.82     | 1063.09   
c_times   717.14     | 717.14     | 720.0      | 726.87     | 816.8      | 1059.16    | 1064.77   
travels   0.0        | 2.18       | 4.85       | 29.93      | 31.02      | 3.93       | 0.0       
charges   120.0      | 120.0      | 117.14     | 110.27     | 120.0      | 88.98      | 83.37     
~~~~~~~~~~~~~~~~~~~~~~~~~~~~~~~~~~~~~~~~~~
***** nlp_Variables: 758
***** nlp_Constraints: 188
***** nlp_objective: 0.0
***** nlp_Sol_time: 6.478
     Drone (1):
          12         | 2          | 9          | 12         | 11         | 12         | 12        
s_times   0.0        | 345.0      | 356.42     | 367.26     | 1429.16    | 1440.0     | 1440.0    
c_times   341.64     | 347.02     | 360.0      | 1421.36    | 1432.74    | 1440.0     | 1440.0    
travels   3.36       | 9.4        | 7.26       | 7.8        | 7.26       | 0.0        | 0.0       
charges   120.0      | 114.62     | 101.64     | 94.38      | 83.0       | 75.74      | 75.74     
~~~~~~~~~~~~~~~~~~~~~~~~~~~~~~~~~~~~~~~~~~
     Drone (2):
          12         | 12         | 1          | 8          | 1          | 12         | 12        
s_times   0.0        | 986.97     | 1017.99    | 1110.0     | 1143.18    | 1234.2     | 1440.0    
c_times   986.97     | 986.97     | 1077.99    | 1111.68    | 1203.18    | 1440.0     | 1440.0    
travels   0.0        | 31.02      | 32.01      | 31.5       | 31.02      | 0.0        | 0.0       
charges   120.0      | 120.0      | 120.0      | 86.31      | 120.0      | 88.98      | 88.98     
~~~~~~~~~~~~~~~~~~~~~~~~~~~~~~~~~~~~~~~~~~
     Drone (3):
          12         | 12         | 12         | 4          | 12         | 6          | 12        
s_times   0.0        | 306.27     | 306.27     | 308.45     | 311.05     | 1260.0     | 1262.6    
c_times   306.27     | 306.27     | 306.27     | 309.13     | 1257.82    | 1260.68    | 1262.6    
travels   0.0        | 0.0        | 2.18       | 1.92       | 2.18       | 1.92       | 0.0       
charges   120.0      | 120.0      | 120.0      | 117.14     | 115.22     | 112.36     | 110.44    
~~~~~~~~~~~~~~~~~~~~~~~~~~~~~~~~~~~~~~~~~~
     Drone (4):
          12         | 12         | 5          | 3          | 12         | 7          | 10        
s_times   0.0        | 717.14     | 719.32     | 724.85     | 728.97     | 1078.32    | 1093.09   
c_times   717.14     | 717.14     | 720.0      | 726.87     | 1074.39    | 1080.0     | 1096.67   
travels   0.0        | 2.18       | 4.85       | 2.1        | 3.93       | 13.09      | 0.0       
charges   120.0      | 120.0      | 117.14     | 110.27     | 108.17     | 102.56     | 85.89     
~~~~~~~~~~~~~~~~~~~~~~~~~~~~~~~~~~~~~~~~~~
