~~~~~~~~~~~~~~~~~~~ [3, 'SB', 5, 120] ~~~~~~~~~~~~~~~~~~~
     seed: 6504661799508818133
 Families: [[1], [2, 3], [4, 5, 6], [7, 8], [9, 10, 11], [12]]
  i_times: [570.0, 570.0, 30.0, 570.0]
Fam slots: [[1, 5], [1, 5, 7], [5, 6], [0, 4, 5]]
Ear_dates: [0, 180.0, 900.0, 180.0, 900.0, 1260.0, 900.0, 1080.0, 0.0, 720.0, 900.0, 0]
Due_dates: [1440, 360.0, 1080.0, 360.0, 1080.0, 1440.0, 1080.0, 1260.0, 180.0, 900.0, 1080.0, 1440]
Monitor_t: [60.0, 2.02, 2.02, 0.68, 0.68, 0.68, 1.68, 1.68, 3.58, 3.58, 3.58, 0.0]
~~~~~~~~~~~~~~~~~~~ Comparing the results ~~~~~~~~~~~~~~~~~~~
***** lp_Variables: 5238
***** lp_Constraints: 9992
***** lp_objective: 0.0
***** lp_Sol_time: 3.967
     Drone (1):
          12         | 5          | 11         | 3          | 12         | 7          | 12        
s_times   0.0        | 900.0      | 909.81     | 923.06     | 927.18     | 1048.32    | 1055.36   
c_times   897.82     | 900.68     | 913.39     | 925.08     | 1044.39    | 1050.0     | 1055.36   
travels   2.18       | 9.13       | 9.67       | 2.1        | 3.93       | 5.36       | 0.0       
charges   120.0      | 117.14     | 104.43     | 92.74      | 90.64      | 85.03      | 79.67     
~~~~~~~~~~~~~~~~~~~~~~~~~~~~~~~~~~~~~~~~~~
     Drone (2):
          12         | 9          | 12         | 2          | 12         | 8          | 12        
s_times   0.0        | 146.42     | 157.26     | 357.98     | 362.1      | 1080.0     | 1087.04   
c_times   138.62     | 150.0      | 354.62     | 360.0      | 1076.07    | 1081.68    | 1087.04   
travels   7.8        | 7.26       | 3.36       | 2.1        | 3.93       | 5.36       | 0.0       
charges   120.0      | 108.62     | 101.36     | 95.98      | 93.88      | 88.27      | 82.91     
~~~~~~~~~~~~~~~~~~~~~~~~~~~~~~~~~~~~~~~~~~
     Drone (3):
          12         | 12         | 4          | 12         | 12         | 12         | 10        
s_times   0.0        | 0.0        | 359.32     | 361.92     | 712.2      | 712.2      | 720.0     
c_times   0.0        | 357.14     | 360.0      | 712.2      | 712.2      | 712.2      | 723.58    
travels   0.0        | 2.18       | 1.92       | 0.0        | 0.0        | 7.8        | 0.0       
charges   120.0      | 120.0      | 117.14     | 115.22     | 115.22     | 115.22     | 103.84    
~~~~~~~~~~~~~~~~~~~~~~~~~~~~~~~~~~~~~~~~~~
     Drone (4):
          12         | 12         | 12         | 6          | 12         | 12         | 12        
s_times   0.0        | 0.0        | 0.0        | 1260.0     | 1262.6     | 1262.6     | 1262.6    
c_times   0.0        | 0.0        | 1257.82    | 1260.68    | 1262.6     | 1262.6     | 1262.6    
travels   0.0        | 0.0        | 2.18       | 1.92       | 0.0        | 0.0        | 0.0       
charges   120.0      | 120.0      | 120.0      | 117.14     | 115.22     | 115.22     | 115.22    
~~~~~~~~~~~~~~~~~~~~~~~~~~~~~~~~~~~~~~~~~~
***** nlp_Variables: 758
***** nlp_Constraints: 188
***** nlp_objective: 0.0
***** nlp_Sol_time: 5.271
     Drone (1):
          12         | 9          | 12         | 5          | 12         | 12         | 8         
s_times   0.0        | 176.42     | 187.26     | 900.0      | 902.6      | 1076.07    | 1080.0    
c_times   168.62     | 180.0      | 897.82     | 900.68     | 1076.07    | 1076.07    | 1081.68   
travels   7.8        | 7.26       | 2.18       | 1.92       | 0.0        | 3.93       | 0.0       
charges   120.0      | 108.62     | 101.36     | 98.5       | 96.58      | 96.58      | 90.97     
~~~~~~~~~~~~~~~~~~~~~~~~~~~~~~~~~~~~~~~~~~
     Drone (2):
          12         | 2          | 4          | 12         | 6          | 12         | 12        
s_times   0.0        | 354.59     | 359.32     | 361.92     | 1260.0     | 1262.6     | 1262.6    
c_times   351.23     | 356.61     | 360.0      | 1257.82    | 1260.68    | 1262.6     | 1262.6    
travels   3.36       | 2.71       | 1.92       | 2.18       | 1.92       | 0.0        | 0.0       
charges   120.0      | 114.62     | 111.23     | 109.31     | 106.45     | 104.53     | 104.53    
~~~~~~~~~~~~~~~~~~~~~~~~~~~~~~~~~~~~~~~~~~
     Drone (3):
          12         | 10         | 12         | 11         | 3          | 12         | 12        
s_times   0.0        | 720.0      | 730.84     | 900.0      | 913.25     | 917.37     | 917.37    
c_times   712.2      | 723.58     | 892.2      | 903.58     | 915.27     | 917.37     | 917.37    
travels   7.8        | 7.26       | 7.8        | 9.67       | 2.1        | 0.0        | 0.0       
charges   120.0      | 108.62     | 101.36     | 89.98      | 78.29      | 76.19      | 76.19     
~~~~~~~~~~~~~~~~~~~~~~~~~~~~~~~~~~~~~~~~~~
     Drone (4):
          12         | 12         | 1          | 12         | 12         | 7          | 1         
s_times   0.0        | 31.02      | 62.04      | 153.06     | 153.06     | 1078.32    | 1111.5    
c_times   31.02      | 31.02      | 122.04     | 153.06     | 1074.39    | 1080.0     | 1171.5    
travels   0.0        | 31.02      | 31.02      | 0.0        | 3.93       | 31.5       | 0.0       
charges   120.0      | 120.0      | 120.0      | 88.98      | 88.98      | 83.37      | 120.0     
~~~~~~~~~~~~~~~~~~~~~~~~~~~~~~~~~~~~~~~~~~
