~~~~~~~~~~~~~~~~~~~ [3, 'SB', 5, 120] ~~~~~~~~~~~~~~~~~~~
     seed: 5165562955730548497
 Families: [[1], [2, 3], [4, 5, 6], [7, 8], [9, 10, 11], [12]]
  i_times: [390.0, 570.0, 390.0, 390.0]
Fam slots: [[3, 6], [1, 5, 6], [3, 6], [3, 6, 7]]
Ear_dates: [0, 540.0, 1080.0, 180.0, 900.0, 1080.0, 540.0, 1080.0, 540.0, 1080.0, 1260.0, 0]
Due_dates: [1440, 720.0, 1260.0, 360.0, 1080.0, 1260.0, 720.0, 1260.0, 720.0, 1260.0, 1440.0, 1440]
Monitor_t: [60.0, 2.02, 2.02, 0.68, 0.68, 0.68, 1.68, 1.68, 3.58, 3.58, 3.58, 0.0]
~~~~~~~~~~~~~~~~~~~ Comparing the results ~~~~~~~~~~~~~~~~~~~
***** lp_Variables: 5238
***** lp_Constraints: 9992
***** lp_objective: 0.0
***** lp_Sol_time: 2.208
     Drone (1):
          12         | 12         | 4          | 12         | 10         | 12         | 11        
s_times   0.0        | 357.14     | 359.32     | 361.92     | 1097.39    | 1108.23    | 1260.0    
c_times   357.14     | 357.14     | 360.0      | 1089.59    | 1100.97    | 1252.2     | 1263.58   
travels   0.0        | 2.18       | 1.92       | 7.8        | 7.26       | 7.8        | 0.0       
charges   120.0      | 120.0      | 117.14     | 115.22     | 103.84     | 96.58      | 85.2      
~~~~~~~~~~~~~~~~~~~~~~~~~~~~~~~~~~~~~~~~~~
     Drone (2):
          12         | 12         | 12         | 12         | 12         | 3          | 6         
s_times   0.0        | 1080.55    | 1080.55    | 1080.55    | 1080.55    | 1083.91    | 1088.64   
c_times   1080.55    | 1080.55    | 1080.55    | 1080.55    | 1080.55    | 1085.93    | 1089.32   
travels   0.0        | 0.0        | 0.0        | 0.0        | 3.36       | 2.71       | 0.0       
charges   120.0      | 120.0      | 120.0      | 120.0      | 120.0      | 114.62     | 111.23    
~~~~~~~~~~~~~~~~~~~~~~~~~~~~~~~~~~~~~~~~~~
     Drone (3):
          12         | 12         | 1          | 12         | 12         | 12         | 5         
s_times   0.0        | 0.0        | 31.02      | 122.04     | 122.04     | 122.04     | 900.0     
c_times   0.0        | 0.0        | 91.02      | 122.04     | 122.04     | 897.82     | 900.68    
travels   0.0        | 31.02      | 31.02      | 0.0        | 0.0        | 2.18       | 0.0       
charges   120.0      | 120.0      | 120.0      | 88.98      | 88.98      | 88.98      | 86.12     
~~~~~~~~~~~~~~~~~~~~~~~~~~~~~~~~~~~~~~~~~~
     Drone (4):
          12         | 2          | 12         | 9          | 7          | 12         | 8         
s_times   0.0        | 691.89     | 696.01     | 703.81     | 718.32     | 725.36     | 1110.0    
c_times   688.53     | 693.91     | 696.01     | 707.39     | 720.0      | 1106.07    | 1111.68   
travels   3.36       | 2.1        | 7.8        | 10.93      | 5.36       | 3.93       | 0.0       
charges   120.0      | 114.62     | 112.52     | 101.14     | 88.53      | 83.17      | 77.56     
~~~~~~~~~~~~~~~~~~~~~~~~~~~~~~~~~~~~~~~~~~
***** nlp_Variables: 758
***** nlp_Constraints: 188
***** nlp_objective: 0.0
***** nlp_Sol_time: 5.28
     Drone (1):
          12         | 8          | 12         | 11         | 12         | 12         | 12        
s_times   0.0        | 1105.85    | 1112.89    | 1260.0     | 1270.84    | 1270.84    | 1270.84   
c_times   1101.92    | 1107.53    | 1252.2     | 1263.58    | 1270.84    | 1270.84    | 1270.84   
travels   3.93       | 5.36       | 7.8        | 7.26       | 0.0        | 0.0        | 0.0       
charges   120.0      | 114.39     | 109.03     | 97.65      | 90.39      | 90.39      | 90.39     
~~~~~~~~~~~~~~~~~~~~~~~~~~~~~~~~~~~~~~~~~~
     Drone (2):
          12         | 5          | 12         | 1          | 12         | 1          | 6         
s_times   0.0        | 900.0      | 902.6      | 933.62     | 1024.64    | 1055.66    | 1148.27   
c_times   897.82     | 900.68     | 902.6      | 993.62     | 1024.64    | 1115.66    | 1148.95   
travels   2.18       | 1.92       | 31.02      | 31.02      | 31.02      | 32.61      | 0.0       
charges   120.0      | 117.14     | 115.22     | 120.0      | 88.98      | 120.0      | 86.71     
~~~~~~~~~~~~~~~~~~~~~~~~~~~~~~~~~~~~~~~~~~
     Drone (3):
          12         | 12         | 4          | 12         | 3          | 1          | 12        
s_times   0.0        | 31.02      | 329.32     | 331.92     | 1080.0     | 1111.95    | 1202.97   
c_times   31.02      | 327.14     | 330.0      | 1076.64    | 1082.02    | 1171.95    | 1202.97   
travels   0.0        | 2.18       | 1.92       | 3.36       | 29.93      | 31.02      | 0.0       
charges   120.0      | 120.0      | 117.14     | 115.22     | 109.84     | 120.0      | 88.98     
~~~~~~~~~~~~~~~~~~~~~~~~~~~~~~~~~~~~~~~~~~
     Drone (4):
          12         | 2          | 9          | 12         | 7          | 12         | 10        
s_times   0.0        | 687.98     | 699.4      | 710.24     | 714.17     | 721.21     | 1080.0    
c_times   684.62     | 690.0      | 702.98     | 710.24     | 715.85     | 1072.2     | 1083.58   
travels   3.36       | 9.4        | 7.26       | 3.93       | 5.36       | 7.8        | 0.0       
charges   120.0      | 114.62     | 101.64     | 94.38      | 88.77      | 83.41      | 72.03     
~~~~~~~~~~~~~~~~~~~~~~~~~~~~~~~~~~~~~~~~~~
