~~~~~~~~~~~~~~~~~~~ [3, 'SB', 5, 120] ~~~~~~~~~~~~~~~~~~~
     seed: 6797377402454117092
 Families: [[1], [2, 3], [4, 5, 6], [7, 8], [9, 10, 11], [12]]
  i_times: [30.0, 750.0, 1110.0, 570.0]
Fam slots: [[5, 6], [1, 2, 7], [0, 7], [2, 3, 7]]
Ear_dates: [0, 900.0, 1080.0, 180.0, 360.0, 1260.0, 0.0, 1260.0, 360.0, 540.0, 1260.0, 0]
Due_dates: [1440, 1080.0, 1260.0, 360.0, 540.0, 1440.0, 180.0, 1440.0, 540.0, 720.0, 1440.0, 1440]
Monitor_t: [60.0, 2.02, 2.02, 0.68, 0.68, 0.68, 1.68, 1.68, 3.58, 3.58, 3.58, 0.0]
~~~~~~~~~~~~~~~~~~~ Comparing the results ~~~~~~~~~~~~~~~~~~~
***** lp_Variables: 5238
***** lp_Constraints: 9992
***** lp_objective: 0.0
***** lp_Sol_time: 3.754
     Drone (1):
          12         | 7          | 12         | 2          | 12         | 11         | 12        
s_times   0.0        | 148.32     | 155.36     | 1047.98    | 1052.1     | 1290.0     | 1300.84   
c_times   144.39     | 150.0      | 1044.62    | 1050.0     | 1282.2     | 1293.58    | 1300.84   
travels   3.93       | 5.36       | 3.36       | 2.1        | 7.8        | 7.26       | 0.0       
charges   120.0      | 114.39     | 109.03     | 103.65     | 101.55     | 90.17      | 82.91     
~~~~~~~~~~~~~~~~~~~~~~~~~~~~~~~~~~~~~~~~~~
     Drone (2):
          12         | 9          | 12         | 3          | 12         | 8          | 12        
s_times   0.0        | 360.0      | 370.84     | 1080.0     | 1084.12    | 1260.0     | 1267.04   
c_times   352.2      | 363.58     | 1076.64    | 1082.02    | 1256.07    | 1261.68    | 1440.0    
travels   7.8        | 7.26       | 3.36       | 2.1        | 3.93       | 5.36       | 0.0       
charges   120.0      | 108.62     | 101.36     | 95.98      | 93.88      | 88.27      | 82.91     
~~~~~~~~~~~~~~~~~~~~~~~~~~~~~~~~~~~~~~~~~~
     Drone (3):
          12         | 12         | 12         | 4          | 12         | 1          | 6         
s_times   0.0        | 177.82     | 177.82     | 180.0      | 182.6      | 1167.39    | 1260.0    
c_times   177.82     | 177.82     | 177.82     | 180.68     | 1136.37    | 1227.39    | 1260.68   
travels   0.0        | 0.0        | 2.18       | 1.92       | 31.02      | 32.61      | 0.0       
charges   120.0      | 120.0      | 120.0      | 117.14     | 115.22     | 120.0      | 86.71     
~~~~~~~~~~~~~~~~~~~~~~~~~~~~~~~~~~~~~~~~~~
     Drone (4):
          12         | 12         | 12         | 12         | 5          | 12         | 10        
s_times   0.0        | 0.0        | 0.0        | 507.14     | 509.32     | 511.92     | 716.42    
c_times   0.0        | 0.0        | 507.14     | 507.14     | 510.0      | 708.62     | 720.0     
travels   0.0        | 0.0        | 0.0        | 2.18       | 1.92       | 7.8        | 0.0       
charges   120.0      | 120.0      | 120.0      | 120.0      | 117.14     | 115.22     | 103.84    
~~~~~~~~~~~~~~~~~~~~~~~~~~~~~~~~~~~~~~~~~~
***** nlp_Variables: 758
***** nlp_Constraints: 188
***** nlp_objective: 0.0
***** nlp_Sol_time: 5.503
     Drone (1):
          12         | 9          | 12         | 11         | 12         | 6          | 8         
s_times   0.0        | 536.42     | 547.26     | 1260.0     | 1270.84    | 1273.02    | 1276.85   
c_times   528.62     | 540.0      | 1252.2     | 1263.58    | 1270.84    | 1273.7     | 1278.53   
travels   7.8        | 7.26       | 7.8        | 7.26       | 2.18       | 3.15       | 0.0       
charges   120.0      | 108.62     | 101.36     | 89.98      | 82.72      | 79.86      | 75.03     
~~~~~~~~~~~~~~~~~~~~~~~~~~~~~~~~~~~~~~~~~~
     Drone (2):
          12         | 12         | 12         | 5          | 12         | 1          | 2         
s_times   0.0        | 31.02      | 31.02      | 522.34     | 524.94     | 960.04     | 1047.98   
c_times   31.02      | 31.02      | 520.16     | 523.02     | 929.02     | 1020.04    | 1050.0    
travels   0.0        | 0.0        | 2.18       | 1.92       | 31.02      | 27.94      | 0.0       
charges   120.0      | 120.0      | 120.0      | 117.14     | 115.22     | 120.0      | 90.04     
~~~~~~~~~~~~~~~~~~~~~~~~~~~~~~~~~~~~~~~~~~
     Drone (3):
          12         | 4          | 12         | 12         | 12         | 10         | 12        
s_times   0.0        | 359.32     | 361.92     | 678.62     | 678.62     | 686.42     | 697.26    
c_times   357.14     | 360.0      | 678.62     | 678.62     | 678.62     | 690.0      | 697.26    
travels   2.18       | 1.92       | 0.0        | 0.0        | 7.8        | 7.26       | 0.0       
charges   120.0      | 117.14     | 115.22     | 115.22     | 115.22     | 103.84     | 96.58     
~~~~~~~~~~~~~~~~~~~~~~~~~~~~~~~~~~~~~~~~~~
     Drone (4):
          12         | 7          | 12         | 12         | 12         | 12         | 3         
s_times   0.0        | 165.17     | 172.21     | 172.21     | 172.21     | 1076.64    | 1080.0    
c_times   161.24     | 166.85     | 172.21     | 172.21     | 1076.64    | 1076.64    | 1082.02   
travels   3.93       | 5.36       | 0.0        | 0.0        | 0.0        | 3.36       | 0.0       
charges   120.0      | 114.39     | 109.03     | 109.03     | 109.03     | 109.03     | 103.65    
~~~~~~~~~~~~~~~~~~~~~~~~~~~~~~~~~~~~~~~~~~
