~~~~~~~~~~~~~~~~~~~ [3, 'SB', 5, 120] ~~~~~~~~~~~~~~~~~~~
     seed: 7823903808916266849
 Families: [[1], [2, 3], [4, 5, 6], [7, 8], [9, 10, 11], [12]]
  i_times: [30.0, 390.0, 570.0, 390.0]
Fam slots: [[5, 6], [1, 3, 6], [0, 4], [1, 3, 6]]
Ear_dates: [0, 900.0, 1080.0, 180.0, 540.0, 1080.0, 0.0, 720.0, 180.0, 540.0, 1080.0, 0]
Due_dates: [1440, 1080.0, 1260.0, 360.0, 720.0, 1260.0, 180.0, 900.0, 360.0, 720.0, 1260.0, 1440]
Monitor_t: [60.0, 2.02, 2.02, 0.68, 0.68, 0.68, 1.68, 1.68, 3.58, 3.58, 3.58, 0.0]
~~~~~~~~~~~~~~~~~~~ Comparing the results ~~~~~~~~~~~~~~~~~~~
***** lp_Variables: 5238
***** lp_Constraints: 9992
***** lp_objective: 0.0
***** lp_Sol_time: 2.095
     Drone (1):
          12         | 7          | 12         | 12         | 1          | 12         | 11        
s_times   0.0        | 148.32     | 155.36     | 155.36     | 981.18     | 1072.2     | 1080.0    
c_times   144.39     | 150.0      | 155.36     | 950.16     | 1041.18    | 1072.2     | 1083.58   
travels   3.93       | 5.36       | 0.0        | 31.02      | 31.02      | 7.8        | 0.0       
charges   120.0      | 114.39     | 109.03     | 109.03     | 120.0      | 88.98      | 77.6      
~~~~~~~~~~~~~~~~~~~~~~~~~~~~~~~~~~~~~~~~~~
     Drone (2):
          12         | 12         | 9          | 4          | 1          | 12         | 5         
s_times   0.0        | 0.0        | 322.84     | 334.96     | 368.39     | 459.41     | 689.32    
c_times   0.0        | 315.04     | 326.42     | 335.64     | 428.39     | 687.14     | 690.0     
travels   0.0        | 7.8        | 8.54       | 32.75      | 31.02      | 2.18       | 0.0       
charges   120.0      | 120.0      | 108.62     | 99.4       | 120.0      | 88.98      | 86.12     
~~~~~~~~~~~~~~~~~~~~~~~~~~~~~~~~~~~~~~~~~~
     Drone (3):
          12         | 10         | 12         | 1          | 3          | 12         | 12        
s_times   0.0        | 716.42     | 727.26     | 992.06     | 1080.0     | 1084.12    | 1084.12   
c_times   708.62     | 720.0      | 961.04     | 1052.06    | 1082.02    | 1084.12    | 1084.12   
travels   7.8        | 7.26       | 31.02      | 27.94      | 2.1        | 0.0        | 0.0       
charges   120.0      | 108.62     | 101.36     | 120.0      | 90.04      | 87.94      | 87.94     
~~~~~~~~~~~~~~~~~~~~~~~~~~~~~~~~~~~~~~~~~~
     Drone (4):
          12         | 12         | 8          | 12         | 12         | 2          | 6         
s_times   0.0        | 0.0        | 720.0      | 727.04     | 1071.91    | 1075.27    | 1080.0    
c_times   0.0        | 716.07     | 721.68     | 1071.91    | 1071.91    | 1077.29    | 1080.68   
travels   0.0        | 3.93       | 5.36       | 0.0        | 3.36       | 2.71       | 0.0       
charges   120.0      | 120.0      | 114.39     | 109.03     | 109.03     | 103.65     | 100.26    
~~~~~~~~~~~~~~~~~~~~~~~~~~~~~~~~~~~~~~~~~~
***** nlp_Variables: 758
***** nlp_Constraints: 188
***** nlp_objective: 0.0
***** nlp_Sol_time: 4.629
     Drone (1):
          12         | 12         | 7          | 12         | 4          | 12         | 8         
s_times   0.0        | 31.02      | 178.32     | 185.36     | 318.24     | 320.84     | 750.0     
c_times   31.02      | 174.39     | 180.0      | 316.06     | 318.92     | 746.07     | 751.68    
travels   0.0        | 3.93       | 5.36       | 2.18       | 1.92       | 3.93       | 0.0       
charges   120.0      | 120.0      | 114.39     | 109.03     | 106.17     | 104.25     | 98.64     
~~~~~~~~~~~~~~~~~~~~~~~~~~~~~~~~~~~~~~~~~~
     Drone (2):
          12         | 12         | 12         | 12         | 12         | 12         | 2         
s_times   0.0        | 1074.62    | 1074.62    | 1074.62    | 1074.62    | 1074.62    | 1077.98   
c_times   1074.62    | 1074.62    | 1074.62    | 1074.62    | 1074.62    | 1074.62    | 1080.0    
travels   0.0        | 0.0        | 0.0        | 0.0        | 0.0        | 3.36       | 0.0       
charges   120.0      | 120.0      | 120.0      | 120.0      | 120.0      | 120.0      | 114.62    
~~~~~~~~~~~~~~~~~~~~~~~~~~~~~~~~~~~~~~~~~~
     Drone (3):
          12         | 12         | 10         | 12         | 6          | 12         | 11        
s_times   0.0        | 708.62     | 716.42     | 727.26     | 1099.6     | 1102.2     | 1110.0    
c_times   708.62     | 708.62     | 720.0      | 1097.42    | 1100.28    | 1102.2     | 1113.58   
travels   0.0        | 7.8        | 7.26       | 2.18       | 1.92       | 7.8        | 0.0       
charges   120.0      | 120.0      | 108.62     | 101.36     | 98.5       | 96.58      | 85.2      
~~~~~~~~~~~~~~~~~~~~~~~~~~~~~~~~~~~~~~~~~~
     Drone (4):
          12         | 9          | 12         | 5          | 12         | 3          | 1         
s_times   0.0        | 322.84     | 333.68     | 708.92     | 711.52     | 1080.0     | 1111.95   
c_times   315.04     | 326.42     | 706.74     | 709.6      | 1076.64    | 1082.02    | 1171.95   
travels   7.8        | 7.26       | 2.18       | 1.92       | 3.36       | 29.93      | 0.0       
charges   120.0      | 108.62     | 101.36     | 98.5       | 96.58      | 91.2       | 120.0     
~~~~~~~~~~~~~~~~~~~~~~~~~~~~~~~~~~~~~~~~~~
