~~~~~~~~~~~~~~~~~~~ [3, 'SB', 5, 120] ~~~~~~~~~~~~~~~~~~~
     seed: 6420071929391904952
 Families: [[1], [2, 3], [4, 5, 6], [7, 8], [9, 10, 11], [12]]
  i_times: [390.0, 570.0, 390.0, 570.0]
Fam slots: [[2, 5], [0, 1, 5], [3, 6], [0, 4, 7]]
Ear_dates: [0, 360.0, 900.0, 0.0, 180.0, 900.0, 540.0, 1080.0, 0.0, 720.0, 1260.0, 0]
Due_dates: [1440, 540.0, 1080.0, 180.0, 360.0, 1080.0, 720.0, 1260.0, 180.0, 900.0, 1440.0, 1440]
Monitor_t: [60.0, 2.02, 2.02, 0.68, 0.68, 0.68, 1.68, 1.68, 3.58, 3.58, 3.58, 0.0]
~~~~~~~~~~~~~~~~~~~ Comparing the results ~~~~~~~~~~~~~~~~~~~
***** lp_Variables: 5238
***** lp_Constraints: 9992
***** lp_objective: 0.0
***** lp_Sol_time: 2.207
     Drone (1):
          12         | 12         | 9          | 12         | 12         | 12         | 5         
s_times   0.0        | 168.62     | 176.42     | 187.26     | 327.14     | 327.14     | 329.32    
c_times   168.62     | 168.62     | 180.0      | 327.14     | 327.14     | 327.14     | 330.0     
travels   0.0        | 7.8        | 7.26       | 0.0        | 0.0        | 2.18       | 0.0       
charges   120.0      | 120.0      | 108.62     | 101.36     | 101.36     | 101.36     | 98.5      
~~~~~~~~~~~~~~~~~~~~~~~~~~~~~~~~~~~~~~~~~~
     Drone (2):
          4          | 12         | 8          | 12         | 12         | 1          | 11        
s_times   0.0        | 35.21      | 1080.0     | 1087.04    | 1138.64    | 1169.66    | 1260.0    
c_times   33.29      | 1076.07    | 1081.68    | 1138.64    | 1138.64    | 1229.66    | 1263.58   
travels   1.92       | 3.93       | 5.36       | 0.0        | 31.02      | 30.34      | 0.0       
charges   86.71      | 84.79      | 79.18      | 73.82      | 73.82      | 120.0      | 86.08     
~~~~~~~~~~~~~~~~~~~~~~~~~~~~~~~~~~~~~~~~~~
     Drone (3):
          12         | 12         | 7          | 12         | 12         | 12         | 6         
s_times   0.0        | 0.0        | 688.32     | 695.36     | 695.36     | 695.36     | 900.0     
c_times   0.0        | 684.39     | 690.0      | 695.36     | 695.36     | 897.82     | 900.68    
travels   0.0        | 3.93       | 5.36       | 0.0        | 0.0        | 2.18       | 0.0       
charges   120.0      | 120.0      | 114.39     | 109.03     | 109.03     | 109.03     | 106.17    
~~~~~~~~~~~~~~~~~~~~~~~~~~~~~~~~~~~~~~~~~~
     Drone (4):
          12         | 2          | 12         | 10         | 12         | 12         | 3         
s_times   0.0        | 507.98     | 512.1      | 750.0      | 760.84     | 896.64     | 900.0     
c_times   504.62     | 510.0      | 742.2      | 753.58     | 896.64     | 896.64     | 902.02    
travels   3.36       | 2.1        | 7.8        | 7.26       | 0.0        | 3.36       | 0.0       
charges   120.0      | 114.62     | 112.52     | 101.14     | 93.88      | 93.88      | 88.5      
~~~~~~~~~~~~~~~~~~~~~~~~~~~~~~~~~~~~~~~~~~
***** nlp_Variables: 758
***** nlp_Constraints: 188
***** nlp_objective: 0.0
***** nlp_Sol_time: 5.938
     Drone (1):
          12         | 4          | 9          | 12         | 3          | 12         | 12        
s_times   0.0        | 136.61     | 146.42     | 157.26     | 900.0      | 904.12     | 904.12    
c_times   134.43     | 137.29     | 150.0      | 896.64     | 902.02     | 904.12     | 904.12    
travels   2.18       | 9.13       | 7.26       | 3.36       | 2.1        | 0.0        | 0.0       
charges   120.0      | 117.14     | 104.43     | 97.17      | 91.79      | 89.69      | 89.69     
~~~~~~~~~~~~~~~~~~~~~~~~~~~~~~~~~~~~~~~~~~
     Drone (2):
          12         | 7          | 10         | 12         | 6          | 12         | 12        
s_times   0.0        | 705.23     | 720.0      | 730.84     | 900.0      | 902.6      | 902.6     
c_times   701.3      | 706.91     | 723.58     | 897.82     | 900.68     | 902.6      | 902.6     
travels   3.93       | 13.09      | 7.26       | 2.18       | 1.92       | 0.0        | 0.0       
charges   120.0      | 114.39     | 97.72      | 90.46      | 87.6       | 85.68      | 85.68     
~~~~~~~~~~~~~~~~~~~~~~~~~~~~~~~~~~~~~~~~~~
     Drone (3):
          12         | 5          | 12         | 8          | 12         | 12         | 11        
s_times   0.0        | 329.32     | 331.92     | 1080.0     | 1087.04    | 1252.2     | 1260.0    
c_times   327.14     | 330.0      | 1076.07    | 1081.68    | 1252.2     | 1252.2     | 1263.58   
travels   2.18       | 1.92       | 3.93       | 5.36       | 0.0        | 7.8        | 0.0       
charges   120.0      | 117.14     | 115.22     | 109.61     | 104.25     | 104.25     | 92.87     
~~~~~~~~~~~~~~~~~~~~~~~~~~~~~~~~~~~~~~~~~~
     Drone (4):
          12         | 12         | 12         | 12         | 12         | 12         | 2         
s_times   0.0        | 31.02      | 31.02      | 31.02      | 31.02      | 31.02      | 537.98    
c_times   31.02      | 31.02      | 31.02      | 31.02      | 31.02      | 534.62     | 540.0     
travels   0.0        | 0.0        | 0.0        | 0.0        | 0.0        | 3.36       | 0.0       
charges   120.0      | 120.0      | 120.0      | 120.0      | 120.0      | 120.0      | 114.62    
~~~~~~~~~~~~~~~~~~~~~~~~~~~~~~~~~~~~~~~~~~
