~~~~~~~~~~~~~~~~~~~ [3, 'SB', 5, 120] ~~~~~~~~~~~~~~~~~~~
     seed: 3163885893497690341
 Families: [[1], [2, 3], [4, 5, 6], [7, 8], [9, 10, 11], [12]]
  i_times: [30.0, 570.0, 30.0, 570.0]
Fam slots: [[4, 5], [1, 5, 7], [4, 5], [0, 2, 6]]
Ear_dates: [0, 720.0, 900.0, 180.0, 900.0, 1260.0, 720.0, 900.0, 0.0, 360.0, 1080.0, 0]
Due_dates: [1440, 900.0, 1080.0, 360.0, 1080.0, 1440.0, 900.0, 1080.0, 180.0, 540.0, 1260.0, 1440]
Monitor_t: [60.0, 2.02, 2.02, 0.68, 0.68, 0.68, 1.68, 1.68, 3.58, 3.58, 3.58, 0.0]
~~~~~~~~~~~~~~~~~~~ Comparing the results ~~~~~~~~~~~~~~~~~~~
***** lp_Variables: 2807
***** lp_Constraints: 5104
***** lp_objective: 135.2299999863769
***** lp_Sol_time: 26.218
     Drone (1):
          9          | 12         | 10         | 12         | 6         
s_times   0.0        | 41.18      | 536.42     | 547.26     | 1124.77   
c_times   33.92      | 528.62     | 540.0      | 1122.59    | 1125.45   
travels   7.26       | 7.8        | 7.26       | 2.18       | 0.0       
charges   86.08      | 78.82      | 67.44      | 60.18      | 57.32     
~~~~~~~~~~~~~~~~~~~~~~~~~~~~~~~~~~~~~~~~~~
     Drone (2):
          12         | 2          | 7          | 3          | 5         
s_times   0.0        | 893.47     | 898.32     | 905.14     | 909.87    
c_times   890.11     | 895.49     | 900.0      | 907.16     | 910.55    
travels   3.36       | 2.83       | 5.14       | 2.71       | 0.0       
charges   120.0      | 114.62     | 110.11     | 102.95     | 99.56     
~~~~~~~~~~~~~~~~~~~~~~~~~~~~~~~~~~~~~~~~~~
     Drone (3):
          12         | 4          | 12         | 8          | 11        
s_times   0.0        | 359.32     | 361.92     | 930.0      | 944.77    
c_times   357.14     | 360.0      | 926.07     | 931.68     | 948.35    
travels   2.18       | 1.92       | 3.93       | 13.09      | 0.0       
charges   120.0      | 117.14     | 115.22     | 109.61     | 92.94     
~~~~~~~~~~~~~~~~~~~~~~~~~~~~~~~~~~~~~~~~~~
***** nlp_Variables: 407
***** nlp_Constraints: 109
***** nlp_objective: 135.23000001937152
***** nlp_Sol_time: 84.1
     Drone (1):
          9          | 12         | 10         | 12         | 6         
s_times   0.0        | 41.18      | 500.1158   | 510.9558   | 1265.6875 
c_times   33.92      | 492.3158   | 503.6958   | 1263.5075  | 1266.3675 
travels   7.26       | 7.8        | 7.26       | 2.18       | 0.0       
charges   86.08      | 78.82      | 67.44      | 60.18      | 57.32     
~~~~~~~~~~~~~~~~~~~~~~~~~~~~~~~~~~~~~~~~~~
     Drone (2):
          12         | 4          | 12         | 8          | 11        
s_times   0.0        | 399.6344   | 402.2344   | 979.9383   | 994.7083  
c_times   397.4544   | 400.3144   | 976.0083   | 981.6183   | 998.2883  
travels   2.18       | 1.92       | 3.93       | 13.09      | 0.0       
charges   120.0      | 117.14     | 115.22     | 109.61     | 92.94     
~~~~~~~~~~~~~~~~~~~~~~~~~~~~~~~~~~~~~~~~~~
     Drone (3):
          12         | 2          | 7          | 3          | 5         
s_times   0.0        | 943.4083   | 948.2583   | 955.0783   | 959.8083  
c_times   940.0483   | 945.4283   | 949.9383   | 957.0983   | 960.4883  
travels   3.36       | 2.83       | 5.14       | 2.71       | 0.0       
charges   120.0      | 114.62     | 110.11     | 102.95     | 99.56     
~~~~~~~~~~~~~~~~~~~~~~~~~~~~~~~~~~~~~~~~~~
