~~~~~~~~~~~~~~~~~~~~~~~~~~ Instance ~~~~~~~~~~~~~~~~~~~~~~~~~
 Families: [[1], [2, 3], [4, 5, 6], [7, 8], [9, 10, 11], [12]]
Due_dates: [50.   1.   2.3  0.3  1.5  3.   4.6  8.   7.   9.  11.  50. ]
Monitor_t: [7, 3, 3, 1, 1, 1, 2, 2, 5, 5, 5, 0]
~~~~~~~~~~~~~~~~~~~ Comparing the results ~~~~~~~~~~~~~~~~~~~
~~~~~ lp_objective: 7.202999999179696
     Drone (1):[12  9  3  8]
     s_times: [0.    0.16  6.503 9.895]
     c_times: [ 0.08   5.16   9.503 11.895]
      charge: [14.92   9.84   5.497  3.105]
~~~~~~~~~~~~~~~~~~~~~~~~~~~~~~~~~~~~~~~~~~
     Drone (2):[ 7  5  1 11]
     s_times: [ 0.     2.799  4.011 12.454]
     c_times: [ 2.225  3.799 11.011 17.454]
      charge: [12.775 11.201 15.     8.557]
~~~~~~~~~~~~~~~~~~~~~~~~~~~~~~~~~~~~~~~~~~
     Drone (3):[ 4  2  6 10]
     s_times: [0.    1.79  5.166 7.434]
     c_times: [ 1.117  4.79   6.166 12.434]
      charge: [13.883 10.21   8.834  2.566]
~~~~~~~~~~~~~~~~~~~~~~~~~~~~~~~~~~~~~~~~~~
~~~~~ nlp_objective: 7.2029999991797
     Drone (1):[ 4  2  6 10]
     s_times: [0.    1.79  5.166 7.434]
     c_times: [ 1.117  4.79   6.166 12.434]
      charge: [13.883 10.21   8.834  2.566]
~~~~~~~~~~~~~~~~~~~~~~~~~~~~~~~~~~~~~~~~~~
     Drone (2):[ 7  5  1 11]
     s_times: [ 0.     2.799  4.011 12.454]
     c_times: [ 2.225  3.799 11.011 17.454]
      charge: [12.775 11.201 15.     8.557]
~~~~~~~~~~~~~~~~~~~~~~~~~~~~~~~~~~~~~~~~~~
     Drone (3):[12  9  3  8]
     s_times: [0.    0.16  6.503 9.895]
     c_times: [ 0.08   5.16   9.503 11.895]
      charge: [14.92   9.84   5.497  3.105]
~~~~~~~~~~~~~~~~~~~~~~~~~~~~~~~~~~~~~~~~~~
~~~~~ hxl_objective:6.571
     Drone (1):[4, 9, 6, 8]
     s_times[0.0, 2.385, 8.571, 10.008]
     c_times[1.117, 7.385, 9.571, 12.008]
      charge[13.883, 7.615, 5.429, 2.992]
~~~~~~~~~~~~~~~~~~~~~~~~~~~~~~~~~~~~~~~~~~
     Drone (2):[7, 5, 3, 10]
     s_times[0.0, 2.799, 4.472, 8.776]
     c_times[2.225, 3.799, 7.472, 13.776]
      charge[12.775, 11.201, 7.528, 1.224]
~~~~~~~~~~~~~~~~~~~~~~~~~~~~~~~~~~~~~~~~~~
     Drone (3):[2, 1, 11, 12]
     s_times[0.0, 3.984, 12.427, 17.507]
     c_times[3.632, 10.984, 17.427, 17.507]
      charge[11.368, 15.0, 8.557, 8.477]
~~~~~~~~~~~~~~~~~~~~~~~~~~~~~~~~~~~~~~~~~~
==========================================
