~~~~~~~~~~~~~~~~~~~ [3, 'RS', 4, 360] ~~~~~~~~~~~~~~~~~~~
     seed: 42
 Families: [[1], [2, 3, 4], [5, 6], [7, 8], [9, 10], [11]]
  i_times: [1090.0, 730.0, 550.0, 910.0]
Fam slots: [[0, 1, 5], [1, 4], [1, 3], [1, 5]]
Ear_dates: [0, 0.0, 180.0, 900.0, 180.0, 720.0, 180.0, 540.0, 180.0, 900.0, 0]
Due_dates: [1440, 180.0, 360.0, 1080.0, 360.0, 900.0, 360.0, 720.0, 360.0, 1080.0, 1440]
Monitor_t: [60.0, 2.94, 2.94, 2.94, 1.03, 1.03, 1.66, 1.66, 1.4, 1.4, 0.0]
~~~~~~~~~~~~~~~~~~~ Comparing the results ~~~~~~~~~~~~~~~~~~~
***** lp_Variables: 1922
***** lp_Constraints: 3391
***** lp_objective: 646.4299999352364
***** lp_Sol_time: 98.859
     Drone (1):
          11         | 9          | 3          | 6         
s_times   43.55      | 49.39      | 76.14      | 102.03    
c_times   43.55      | 50.79      | 79.08      | 103.06    
travels   5.84       | 25.35      | 22.95      | 0.0       
charges   316.45     | 309.21     | 280.92     | 256.94    
~~~~~~~~~~~~~~~~~~~~~~~~~~~~~~~~~~~~~~~~~~
     Drone (2):
          7          | 5          | 8          | 1         
s_times   29.76      | 59.84      | 88.51      | 118.84    
c_times   31.42      | 60.87      | 90.17      | 178.84    
travels   28.42      | 27.64      | 28.67      | 0.0       
charges   328.58     | 299.13     | 269.83     | 360.0     
~~~~~~~~~~~~~~~~~~~~~~~~~~~~~~~~~~~~~~~~~~
     Drone (3):
          2          | 1          | 4          | 10        
s_times   62.57      | 131.0      | 253.57     | 283.27    
c_times   65.51      | 191.0      | 256.51     | 284.67    
travels   65.49      | 62.57      | 26.76      | 0.0       
charges   294.49     | 360.0      | 294.49     | 266.33    
~~~~~~~~~~~~~~~~~~~~~~~~~~~~~~~~~~~~~~~~~~
***** nlp_Variables: 170
***** nlp_Constraints: 91
***** nlp_objective: 646.4299999999997
***** nlp_Sol_time: 33.791
     Drone (1):
          11         | 5          | 9          | 6         
s_times   43.55      | 54.33      | 71.77      | 90.27     
c_times   43.55      | 55.36      | 73.17      | 91.3      
travels   10.78      | 16.41      | 17.1       | 0.0       
charges   316.45     | 304.64     | 286.83     | 268.7     
~~~~~~~~~~~~~~~~~~~~~~~~~~~~~~~~~~~~~~~~~~
     Drone (2):
          7          | 11         | 3          | 8         
s_times   29.76      | 53.09      | 72.98      | 118.35    
c_times   31.42      | 53.09      | 75.92      | 120.01    
travels   21.67      | 19.89      | 42.43      | 0.0       
charges   328.58     | 306.91     | 284.08     | 239.99    
~~~~~~~~~~~~~~~~~~~~~~~~~~~~~~~~~~~~~~~~~~
     Drone (3):
          2          | 1          | 4          | 10        
s_times   62.57      | 131.0      | 253.57     | 283.27    
c_times   65.51      | 191.0      | 256.51     | 284.67    
travels   65.49      | 62.57      | 26.76      | 0.0       
charges   294.49     | 360.0      | 294.49     | 266.33    
~~~~~~~~~~~~~~~~~~~~~~~~~~~~~~~~~~~~~~~~~~
