~~~~~~~~~~~~~~~~~~~ [3, 'RS', 4, 360] ~~~~~~~~~~~~~~~~~~~
     seed: 3377
 Families: [[1], [2, 3, 4], [5, 6], [7, 8], [9, 10], [11]]
  i_times: [730.0, 910.0, 370.0, 370.0]
Fam slots: [[3, 4, 6], [3, 7], [0, 1], [6, 7]]
Ear_dates: [0, 540.0, 720.0, 1080.0, 540.0, 1260.0, 0.0, 180.0, 1080.0, 1260.0, 0]
Due_dates: [1440, 720.0, 900.0, 1260.0, 720.0, 1440.0, 180.0, 360.0, 1260.0, 1440.0, 1440]
Monitor_t: [60.0, 2.94, 2.94, 2.94, 1.03, 1.03, 1.66, 1.66, 1.4, 1.4, 0.0]
~~~~~~~~~~~~~~~~~~~ Comparing the results ~~~~~~~~~~~~~~~~~~~
***** lp_Variables: 1922
***** lp_Constraints: 3391
***** lp_objective: 1015.3
***** lp_Sol_time: 29.419
     Drone (1):
          7          | 3          | 1          | 6         
s_times   29.76      | 72.65      | 141.08     | 244.7     
c_times   31.42      | 75.59      | 201.08     | 245.73    
travels   41.23      | 65.49      | 43.62      | 0.0       
charges   328.58     | 284.41     | 360.0      | 315.35    
~~~~~~~~~~~~~~~~~~~~~~~~~~~~~~~~~~~~~~~~~~
     Drone (2):
          2          | 1          | 4          | 10        
s_times   62.57      | 131.0      | 253.57     | 283.27    
c_times   65.51      | 191.0      | 256.51     | 284.67    
travels   65.49      | 62.57      | 26.76      | 0.0       
charges   294.49     | 360.0      | 294.49     | 266.33    
~~~~~~~~~~~~~~~~~~~~~~~~~~~~~~~~~~~~~~~~~~
     Drone (3):
          5          | 8          | 11         | 9         
s_times   43.62      | 72.29      | 95.62      | 101.46    
c_times   44.65      | 73.95      | 95.62      | 102.86    
travels   27.64      | 21.67      | 5.84       | 0.0       
charges   315.35     | 286.05     | 264.38     | 257.14    
~~~~~~~~~~~~~~~~~~~~~~~~~~~~~~~~~~~~~~~~~~
***** nlp_Variables: 170
***** nlp_Constraints: 91
***** nlp_objective: 1015.3
***** nlp_Sol_time: 42.332
     Drone (1):
          2          | 1          | 4          | 10        
s_times   62.57      | 131.0      | 253.57     | 283.27    
c_times   65.51      | 191.0      | 256.51     | 284.67    
travels   65.49      | 62.57      | 26.76      | 0.0       
charges   294.49     | 360.0      | 294.49     | 266.33    
~~~~~~~~~~~~~~~~~~~~~~~~~~~~~~~~~~~~~~~~~~
     Drone (2):
          7          | 3          | 1          | 6         
s_times   29.76      | 72.65      | 141.08     | 244.7     
c_times   31.42      | 75.59      | 201.08     | 245.73    
travels   41.23      | 65.49      | 43.62      | 0.0       
charges   328.58     | 284.41     | 360.0      | 315.35    
~~~~~~~~~~~~~~~~~~~~~~~~~~~~~~~~~~~~~~~~~~
     Drone (3):
          11         | 5          | 9          | 8         
s_times   43.55      | 54.33      | 71.77      | 87.52     
c_times   43.55      | 55.36      | 73.17      | 89.18     
travels   10.78      | 16.41      | 14.35      | 0.0       
charges   316.45     | 304.64     | 286.83     | 270.82    
~~~~~~~~~~~~~~~~~~~~~~~~~~~~~~~~~~~~~~~~~~
