~~~~~~~~~~~~~~~~~~~ [3, 'SB', 6, 240] ~~~~~~~~~~~~~~~~~~~
     seed: 1803053990365499913
 Families: [[1], [2, 3], [4, 5, 6], [7, 8], [9, 10, 11], [12]]
  i_times: [480.0, 660.0, 300.0, 120.0]
Fam slots: [[0, 3], [0, 2, 6], [0, 2], [3, 4, 5]]
Ear_dates: [0, 0.0, 540.0, 0.0, 360.0, 1080.0, 0.0, 360.0, 540.0, 720.0, 900.0, 0]
Due_dates: [1440, 180.0, 720.0, 180.0, 540.0, 1260.0, 180.0, 540.0, 720.0, 900.0, 1080.0, 1440]
Monitor_t: [60.0, 2.02, 2.02, 0.68, 0.68, 0.68, 1.68, 1.68, 3.58, 3.58, 3.58, 0.0]
~~~~~~~~~~~~~~~~~~~ Comparing the results ~~~~~~~~~~~~~~~~~~~
***** lp_Variables: 3350
***** lp_Constraints: 6298
***** lp_objective: 775.85
***** lp_Sol_time: 35.933
     Drone (1):
          2          | 1          | 10         | 4          | 12         | 3         
s_times   27.94      | 59.89      | 150.23     | 162.35     | 164.95     | 168.31    
c_times   29.96      | 119.89     | 153.81     | 163.03     | 164.95     | 170.33    
travels   29.93      | 30.34      | 8.54       | 1.92       | 3.36       | 0.0       
charges   210.04     | 240.0      | 206.08     | 196.86     | 194.94     | 189.56    
~~~~~~~~~~~~~~~~~~~~~~~~~~~~~~~~~~~~~~~~~~
     Drone (2):
          12         | 12         | 1          | 7          | 1          | 5         
s_times   31.02      | 31.02      | 62.04      | 154.05     | 187.23     | 279.84    
c_times   31.02      | 31.02      | 122.04     | 155.73     | 247.23     | 280.52    
travels   0.0        | 31.02      | 32.01      | 31.5       | 32.61      | 0.0       
charges   208.98     | 208.98     | 240.0      | 206.31     | 240.0      | 206.71    
~~~~~~~~~~~~~~~~~~~~~~~~~~~~~~~~~~~~~~~~~~
     Drone (3):
          9          | 1          | 8          | 11         | 1          | 6         
s_times   30.34      | 67.55      | 159.56     | 174.33     | 211.54     | 304.15    
c_times   33.92      | 127.55     | 161.24     | 177.91     | 271.54     | 304.83    
travels   33.63      | 32.01      | 13.09      | 33.63      | 32.61      | 0.0       
charges   206.08     | 240.0      | 206.31     | 189.64     | 240.0      | 206.71    
~~~~~~~~~~~~~~~~~~~~~~~~~~~~~~~~~~~~~~~~~~
***** nlp_Variables: 272
***** nlp_Constraints: 130
***** nlp_objective: 775.85
***** nlp_Sol_time: 37.897
     Drone (1):
          2          | 1          | 5          | 1          | 3          | 1         
s_times   27.94      | 59.89      | 152.5      | 185.93     | 273.87     | 305.82    
c_times   29.96      | 119.89     | 153.18     | 245.93     | 275.89     | 365.82    
travels   29.93      | 32.61      | 32.75      | 27.94      | 29.93      | 0.0       
charges   210.04     | 240.0      | 206.71     | 240.0      | 210.04     | 240.0     
~~~~~~~~~~~~~~~~~~~~~~~~~~~~~~~~~~~~~~~~~~
     Drone (2):
          7          | 9          | 1          | 11         | 1          | 6         
s_times   32.01      | 46.78      | 83.99      | 174.33     | 211.54     | 304.15    
c_times   33.69      | 50.36      | 143.99     | 177.91     | 271.54     | 304.83    
travels   13.09      | 33.63      | 30.34      | 33.63      | 32.61      | 0.0       
charges   206.31     | 189.64     | 240.0      | 206.08     | 240.0      | 206.71    
~~~~~~~~~~~~~~~~~~~~~~~~~~~~~~~~~~~~~~~~~~
     Drone (3):
          4          | 1          | 10         | 1          | 8          | 1         
s_times   32.61      | 66.04      | 156.38     | 193.59     | 285.6      | 318.78    
c_times   33.29      | 126.04     | 159.96     | 253.59     | 287.28     | 378.78    
travels   32.75      | 30.34      | 33.63      | 32.01      | 31.5       | 0.0       
charges   206.71     | 240.0      | 206.08     | 240.0      | 206.31     | 240.0     
~~~~~~~~~~~~~~~~~~~~~~~~~~~~~~~~~~~~~~~~~~
