~~~~~~~~~~~~~~~~~~~ [3, 'SB', 6, 360] ~~~~~~~~~~~~~~~~~~~
     seed: 7746060390761985897
 Families: [[1], [2, 3, 4], [5, 6], [7, 8], [9, 10], [11]]
  i_times: [480.0, 300.0, 300.0, 480.0]
Fam slots: [[1, 4, 7], [4, 6], [4, 6], [3, 6]]
Ear_dates: [0, 180.0, 720.0, 1260.0, 720.0, 1080.0, 720.0, 1080.0, 540.0, 1080.0, 0]
Due_dates: [1440, 360.0, 900.0, 1440.0, 900.0, 1260.0, 900.0, 1260.0, 720.0, 1260.0, 1440]
Monitor_t: [60.0, 2.94, 2.94, 2.94, 1.03, 1.03, 1.66, 1.66, 1.4, 1.4, 0.0]
~~~~~~~~~~~~~~~~~~~ Comparing the results ~~~~~~~~~~~~~~~~~~~
***** lp_Variables: 3350
***** lp_Constraints: 6298
***** lp_objective: 0
***** lp_Sol_time: 0.235
     Drone (1):
          0          | 0          | 0          | 0          | 0          | 0         
s_times   0          | 0          | 0          | 0          | 0          | 0         
c_times   0          | 0          | 0          | 0          | 0          | 0         
travels   0.0        | 0.0        | 0.0        | 0.0        | 0.0        | 0.0       
charges   0          | 0          | 0          | 0          | 0          | 0         
~~~~~~~~~~~~~~~~~~~~~~~~~~~~~~~~~~~~~~~~~~
     Drone (2):
          0          | 0          | 0          | 0          | 0          | 0         
s_times   0          | 0          | 0          | 0          | 0          | 0         
c_times   0          | 0          | 0          | 0          | 0          | 0         
travels   0.0        | 0.0        | 0.0        | 0.0        | 0.0        | 0.0       
charges   0          | 0          | 0          | 0          | 0          | 0         
~~~~~~~~~~~~~~~~~~~~~~~~~~~~~~~~~~~~~~~~~~
     Drone (3):
          0          | 0          | 0          | 0          | 0          | 0         
s_times   0          | 0          | 0          | 0          | 0          | 0         
c_times   0          | 0          | 0          | 0          | 0          | 0         
travels   0.0        | 0.0        | 0.0        | 0.0        | 0.0        | 0.0       
charges   0          | 0          | 0          | 0          | 0          | 0         
~~~~~~~~~~~~~~~~~~~~~~~~~~~~~~~~~~~~~~~~~~
***** nlp_Variables: 254
***** nlp_Constraints: 127
***** nlp_objective: 805.35
***** nlp_Sol_time: 47.114
     Drone (1):
          11         | 1          | 11         | 1          | 10         | 6         
s_times   43.55      | 87.1       | 190.65     | 234.2      | 336.36     | 354.86    
c_times   43.55      | 147.1      | 190.65     | 294.2      | 337.76     | 355.89    
travels   43.55      | 43.55      | 43.55      | 42.16      | 17.1       | 0.0       
charges   196.45     | 240.0      | 196.45     | 240.0      | 196.44     | 178.31    
~~~~~~~~~~~~~~~~~~~~~~~~~~~~~~~~~~~~~~~~~~
     Drone (2):
          7          | 2          | 1          | 3          | 1          | 4         
s_times   29.76      | 72.65      | 141.08     | 263.65     | 332.08     | 454.65    
c_times   31.42      | 75.59      | 201.08     | 266.59     | 392.08     | 457.59    
travels   41.23      | 65.49      | 62.57      | 65.49      | 62.57      | 0.0       
charges   208.58     | 164.41     | 240.0      | 174.49     | 240.0      | 174.49    
~~~~~~~~~~~~~~~~~~~~~~~~~~~~~~~~~~~~~~~~~~
     Drone (3):
          9          | 1          | 5          | 1          | 8          | 1         
s_times   42.16      | 84.64      | 188.26     | 233.93     | 323.69     | 354.02    
c_times   43.56      | 144.64     | 189.29     | 293.93     | 325.35     | 414.02    
travels   41.08      | 43.62      | 44.64      | 29.76      | 28.67      | 0.0       
charges   196.44     | 240.0      | 195.35     | 240.0      | 208.58     | 240.0     
~~~~~~~~~~~~~~~~~~~~~~~~~~~~~~~~~~~~~~~~~~
