~~~~~~~~~~~~~~~~~~~ [3, 'SB', 6, 240] ~~~~~~~~~~~~~~~~~~~
     seed: 7522709672197129718
 Families: [[1], [2, 3], [4, 5, 6], [7, 8], [9, 10, 11], [12]]
  i_times: [840.0, 480.0, 660.0, 120.0]
Fam slots: [[0, 5], [0, 3, 5], [0, 4], [4, 5, 6]]
Ear_dates: [0, 0.0, 900.0, 0.0, 540.0, 900.0, 0.0, 720.0, 720.0, 900.0, 1080.0, 0]
Due_dates: [1440, 180.0, 1080.0, 180.0, 720.0, 1080.0, 180.0, 900.0, 900.0, 1080.0, 1260.0, 1440]
Monitor_t: [60.0, 2.02, 2.02, 0.68, 0.68, 0.68, 1.68, 1.68, 3.58, 3.58, 3.58, 0.0]
~~~~~~~~~~~~~~~~~~~ Comparing the results ~~~~~~~~~~~~~~~~~~~
***** lp_Variables: 3350
***** lp_Constraints: 6298
***** lp_objective: 779.63
***** lp_Sol_time: 15.559
     Drone (1):
          12         | 7          | 2          | 5          | 12         | 12        
s_times   31.02      | 34.95      | 41.77      | 46.5       | 49.1       | 49.1      
c_times   31.02      | 36.63      | 43.79      | 47.18      | 49.1       | 49.1      
travels   3.93       | 5.14       | 2.71       | 1.92       | 0.0        | 0.0       
charges   208.98     | 203.37     | 196.21     | 192.82     | 190.9      | 190.9     
~~~~~~~~~~~~~~~~~~~~~~~~~~~~~~~~~~~~~~~~~~
     Drone (2):
          12         | 1          | 6          | 1          | 10         | 3         
s_times   31.02      | 62.04      | 154.65     | 188.08     | 278.42     | 291.67    
c_times   31.02      | 122.04     | 155.33     | 248.08     | 282.0      | 293.69    
travels   31.02      | 32.61      | 32.75      | 30.34      | 9.67       | 0.0       
charges   208.98     | 240.0      | 206.71     | 240.0      | 206.08     | 194.39    
~~~~~~~~~~~~~~~~~~~~~~~~~~~~~~~~~~~~~~~~~~
     Drone (3):
          4          | 1          | 9          | 1          | 8          | 11        
s_times   32.61      | 66.04      | 156.38     | 193.59     | 285.6      | 300.37    
c_times   33.29      | 126.04     | 159.96     | 253.59     | 287.28     | 303.95    
travels   32.75      | 30.34      | 33.63      | 32.01      | 13.09      | 0.0       
charges   206.71     | 240.0      | 206.08     | 240.0      | 206.31     | 189.64    
~~~~~~~~~~~~~~~~~~~~~~~~~~~~~~~~~~~~~~~~~~
***** nlp_Variables: 272
***** nlp_Constraints: 130
***** nlp_objective: 779.63
***** nlp_Sol_time: 39.218
     Drone (1):
          0          | 1          | 5          | 1          | 8          | 6         
s_times   0.0        | 0.0        | 92.61      | 126.04     | 218.05     | 223.87    
c_times   0.0        | 60.0       | 93.29      | 186.04     | 219.73     | 224.55    
travels   31.02      | 32.61      | 32.75      | 32.01      | 4.14       | 0.0       
charges   240.0      | 240.0      | 206.71     | 240.0      | 206.31     | 201.49    
~~~~~~~~~~~~~~~~~~~~~~~~~~~~~~~~~~~~~~~~~~
     Drone (2):
          2          | 1          | 3          | 1          | 10         | 1         
s_times   27.94      | 59.89      | 147.83     | 179.78     | 270.12     | 307.33    
c_times   29.96      | 119.89     | 149.85     | 239.78     | 273.7      | 367.33    
travels   29.93      | 27.94      | 29.93      | 30.34      | 33.63      | 0.0       
charges   210.04     | 240.0      | 210.04     | 240.0      | 206.08     | 240.0     
~~~~~~~~~~~~~~~~~~~~~~~~~~~~~~~~~~~~~~~~~~
     Drone (3):
          4          | 1          | 7          | 9          | 1          | 11        
s_times   32.61      | 66.04      | 158.05     | 172.82     | 210.03     | 300.37    
c_times   33.29      | 126.04     | 159.73     | 176.4      | 270.03     | 303.95    
travels   32.75      | 32.01      | 13.09      | 33.63      | 30.34      | 0.0       
charges   206.71     | 240.0      | 206.31     | 189.64     | 240.0      | 206.08    
~~~~~~~~~~~~~~~~~~~~~~~~~~~~~~~~~~~~~~~~~~
