~~~~~~~~~~~~~~~~~~~ [3, 'SB', 6, 240] ~~~~~~~~~~~~~~~~~~~
     seed: 7709369647700324075
 Families: [[1], [2, 3], [4, 5, 6], [7, 8], [9, 10, 11], [12]]
  i_times: [120.0, 480.0, 1200.0, 480.0]
Fam slots: [[3, 4], [1, 2, 5], [0, 7], [3, 6, 7]]
Ear_dates: [0, 540.0, 720.0, 180.0, 360.0, 900.0, 0.0, 1260.0, 540.0, 1080.0, 1260.0, 0]
Due_dates: [1440, 720.0, 900.0, 360.0, 540.0, 1080.0, 180.0, 1440.0, 720.0, 1260.0, 1440.0, 1440]
Monitor_t: [60.0, 2.02, 2.02, 0.68, 0.68, 0.68, 1.68, 1.68, 3.58, 3.58, 3.58, 0.0]
~~~~~~~~~~~~~~~~~~~ Comparing the results ~~~~~~~~~~~~~~~~~~~
***** lp_Variables: 2882
***** lp_Constraints: 5461
***** lp_objective: 805.35
***** lp_Sol_time: 57.563
     Drone (1):
          2          | 1          | 3          | 1          | 8          | 4         
s_times   62.57      | 131.0      | 253.57     | 322.0      | 411.76     | 454.65    
c_times   65.51      | 191.0      | 256.51     | 382.0      | 413.42     | 457.59    
travels   65.49      | 62.57      | 65.49      | 29.76      | 41.23      | 0.0       
charges   174.49     | 240.0      | 174.49     | 240.0      | 208.58     | 164.41    
~~~~~~~~~~~~~~~~~~~~~~~~~~~~~~~~~~~~~~~~~~
     Drone (2):
          9          | 1          | 5          | 11         | 1          | 6         
s_times   42.16      | 84.64      | 188.26     | 200.07     | 243.62     | 347.24    
c_times   43.56      | 144.64     | 189.29     | 200.07     | 303.62     | 348.27    
travels   41.08      | 43.62      | 10.78      | 43.55      | 43.62      | 0.0       
charges   196.44     | 240.0      | 195.35     | 184.57     | 240.0      | 195.35    
~~~~~~~~~~~~~~~~~~~~~~~~~~~~~~~~~~~~~~~~~~
     Drone (3):
          11         | 1          | 11         | 1          | 7          | 10        
s_times   43.55      | 87.1       | 190.65     | 234.2      | 323.96     | 343.01    
c_times   43.55      | 147.1      | 190.65     | 294.2      | 325.62     | 344.41    
travels   43.55      | 43.55      | 43.55      | 29.76      | 17.39      | 0.0       
charges   196.45     | 240.0      | 196.45     | 240.0      | 208.58     | 189.79    
~~~~~~~~~~~~~~~~~~~~~~~~~~~~~~~~~~~~~~~~~~
***** nlp_Variables: 272
***** nlp_Constraints: 130
***** nlp_objective: 962.32
***** nlp_Sol_time: 31.623
     Drone (1):
          7          | 9          | 1          | 6          | 1          | 11        
s_times   32.01      | 46.78      | 83.99      | 176.6      | 210.03     | 300.37    
c_times   33.69      | 50.36      | 143.99     | 177.28     | 270.03     | 303.95    
travels   13.09      | 33.63      | 32.61      | 32.75      | 30.34      | 0.0       
charges   206.31     | 189.64     | 240.0      | 206.71     | 240.0      | 206.08    
~~~~~~~~~~~~~~~~~~~~~~~~~~~~~~~~~~~~~~~~~~
     Drone (2):
          0          | 0          | 2          | 12         | 12         | 3         
s_times   0.0        | 0.0        | 0.0        | 4.12       | 4.12       | 7.48      
c_times   0.0        | 0.0        | 2.02       | 4.12       | 4.12       | 9.5       
travels   0.0        | 3.36       | 2.1        | 0.0        | 3.36       | 0.0       
charges   240.0      | 240.0      | 237.98     | 235.88     | 235.88     | 230.5     
~~~~~~~~~~~~~~~~~~~~~~~~~~~~~~~~~~~~~~~~~~
     Drone (3):
          4          | 1          | 5          | 10         | 1          | 8         
s_times   32.61      | 66.04      | 158.65     | 168.46     | 205.67     | 297.68    
c_times   33.29      | 126.04     | 159.33     | 172.04     | 265.67     | 299.36    
travels   32.75      | 32.61      | 9.13       | 33.63      | 32.01      | 0.0       
charges   206.71     | 240.0      | 206.71     | 194.0      | 240.0      | 206.31    
~~~~~~~~~~~~~~~~~~~~~~~~~~~~~~~~~~~~~~~~~~
