~~~~~~~~~~~~~~~~~~~ [3, 'SB', 5, 360] ~~~~~~~~~~~~~~~~~~~
     seed: 6131657986578500159
 Families: [[1], [2, 3], [4, 5, 6], [7, 8], [9, 10, 11], [12]]
  i_times: [1110.0, 570.0, 390.0, 210.0]
Fam slots: [[0, 7], [0, 4, 5], [0, 3], [3, 5, 7]]
Ear_dates: [0, 0.0, 1260.0, 0.0, 720.0, 900.0, 0.0, 540.0, 540.0, 900.0, 1260.0, 0]
Due_dates: [1440, 180.0, 1440.0, 180.0, 900.0, 1080.0, 180.0, 720.0, 720.0, 1080.0, 1440.0, 1440]
Monitor_t: [60.0, 3.36, 3.36, 1.14, 1.14, 1.14, 2.79, 2.79, 5.97, 5.97, 5.97, 30.0]
~~~~~~~~~~~~~~~~~~~ Comparing the results ~~~~~~~~~~~~~~~~~~~
***** lp_Variables: 2792
***** lp_Constraints: 5094
***** lp_objective: 864.2799999134704
***** lp_Sol_time: 40.786
     Drone (1):
          9          | 1          | 10         | 1          | 11        
s_times   50.56      | 112.58     | 223.14     | 285.16     | 395.72    
c_times   56.53      | 172.58     | 229.11     | 345.16     | 401.69    
travels   56.05      | 50.56      | 56.05      | 50.56      | 0.0       
charges   303.47     | 360.0      | 303.47     | 360.0      | 303.47    
~~~~~~~~~~~~~~~~~~~~~~~~~~~~~~~~~~~~~~~~~~
     Drone (2):
          2          | 7          | 4          | 8          | 5         
s_times   46.57      | 54.65      | 64.34      | 70.73      | 80.42     
c_times   49.93      | 57.44      | 65.48      | 73.52      | 81.56     
travels   4.72       | 6.9        | 5.25       | 6.9        | 0.0       
charges   310.07     | 302.56     | 294.52     | 286.48     | 278.44    
~~~~~~~~~~~~~~~~~~~~~~~~~~~~~~~~~~~~~~~~~~
     Drone (3):
          12         | 1          | 6          | 1          | 3         
s_times   51.7       | 133.4      | 247.75     | 303.48     | 410.05    
c_times   81.7       | 193.4      | 248.89     | 363.48     | 413.41    
travels   51.7       | 54.35      | 54.59      | 46.57      | 0.0       
charges   278.3      | 360.0      | 304.51     | 360.0      | 310.07    
~~~~~~~~~~~~~~~~~~~~~~~~~~~~~~~~~~~~~~~~~~
***** nlp_Variables: 227
***** nlp_Constraints: 112
***** nlp_objective: 864.28
***** nlp_Sol_time: 29.967
     Drone (1):
          12         | 1          | 6          | 1          | 3         
s_times   51.7       | 133.4      | 247.75     | 303.48     | 410.05    
c_times   81.7       | 193.4      | 248.89     | 363.48     | 413.41    
travels   51.7       | 54.35      | 54.59      | 46.57      | 0.0       
charges   278.3      | 360.0      | 304.51     | 360.0      | 310.07    
~~~~~~~~~~~~~~~~~~~~~~~~~~~~~~~~~~~~~~~~~~
     Drone (2):
          2          | 7          | 4          | 8          | 5         
s_times   46.57      | 54.65      | 64.34      | 70.73      | 80.42     
c_times   49.93      | 57.44      | 65.48      | 73.52      | 81.56     
travels   4.72       | 6.9        | 5.25       | 6.9        | 0.0       
charges   310.07     | 302.56     | 294.52     | 286.48     | 278.44    
~~~~~~~~~~~~~~~~~~~~~~~~~~~~~~~~~~~~~~~~~~
     Drone (3):
          9          | 1          | 10         | 1          | 11        
s_times   50.56      | 112.58     | 223.14     | 285.16     | 395.72    
c_times   56.53      | 172.58     | 229.11     | 345.16     | 401.69    
travels   56.05      | 50.56      | 56.05      | 50.56      | 0.0       
charges   303.47     | 360.0      | 303.47     | 360.0      | 303.47    
~~~~~~~~~~~~~~~~~~~~~~~~~~~~~~~~~~~~~~~~~~
