~~~~~~~~~~~~~~~~~~~ [3, 'SB', 5, 360] ~~~~~~~~~~~~~~~~~~~
     seed: 1856915217416579872
 Families: [[1], [2, 3], [4, 5, 6], [7, 8], [9, 10, 11], [12]]
  i_times: [930.0, 390.0, 750.0, 390.0]
Fam slots: [[0, 6], [1, 4, 7], [2, 7], [0, 3, 5]]
Ear_dates: [0, 0.0, 1080.0, 180.0, 720.0, 1260.0, 360.0, 1260.0, 0.0, 540.0, 900.0, 0]
Due_dates: [1440, 180.0, 1260.0, 360.0, 900.0, 1440.0, 540.0, 1440.0, 180.0, 720.0, 1080.0, 1440]
Monitor_t: [60.0, 3.36, 3.36, 1.14, 1.14, 1.14, 2.79, 2.79, 5.97, 5.97, 5.97, 30.0]
~~~~~~~~~~~~~~~~~~~ Comparing the results ~~~~~~~~~~~~~~~~~~~
***** lp_Variables: 2792
***** lp_Constraints: 5094
***** lp_objective: 860.4899999138463
***** lp_Sol_time: 240.128
     Drone (1):
          9          | 1          | 11         | 1          | 6         
s_times   50.56      | 112.58     | 223.14     | 285.16     | 399.51    
c_times   56.53      | 172.58     | 229.11     | 345.16     | 400.65    
travels   56.05      | 50.56      | 56.05      | 54.35      | 0.0       
charges   303.47     | 360.0      | 303.47     | 360.0      | 304.51    
~~~~~~~~~~~~~~~~~~~~~~~~~~~~~~~~~~~~~~~~~~
     Drone (2):
          4          | 2          | 7          | 10         | 5         
s_times   54.35      | 63.57      | 71.65      | 96.26      | 116.47    
c_times   55.49      | 66.93      | 74.44      | 102.23     | 117.61    
travels   8.08       | 4.72       | 21.82      | 14.24      | 0.0       
charges   304.51     | 293.07     | 285.56     | 257.77     | 242.39    
~~~~~~~~~~~~~~~~~~~~~~~~~~~~~~~~~~~~~~~~~~
     Drone (3):
          12         | 1          | 3          | 1          | 8         
s_times   51.7       | 133.4      | 239.97     | 293.21     | 406.55    
c_times   81.7       | 193.4      | 243.33     | 353.21     | 409.34    
travels   51.7       | 46.57      | 49.88      | 53.34      | 0.0       
charges   278.3      | 360.0      | 310.07     | 360.0      | 303.87    
~~~~~~~~~~~~~~~~~~~~~~~~~~~~~~~~~~~~~~~~~~
***** nlp_Variables: 227
***** nlp_Constraints: 112
***** nlp_objective: 860.49
***** nlp_Sol_time: 33.376
     Drone (1):
          7          | 10         | 4          | 2          | 5         
s_times   53.34      | 77.95      | 98.16      | 107.38     | 115.26    
c_times   56.13      | 83.92      | 99.3       | 110.74     | 116.4     
travels   21.82      | 14.24      | 8.08       | 4.52       | 0.0       
charges   303.87     | 276.08     | 260.7      | 249.26     | 243.6     
~~~~~~~~~~~~~~~~~~~~~~~~~~~~~~~~~~~~~~~~~~
     Drone (2):
          9          | 1          | 11         | 1          | 6         
s_times   50.56      | 112.58     | 223.14     | 285.16     | 399.51    
c_times   56.53      | 172.58     | 229.11     | 345.16     | 400.65    
travels   56.05      | 50.56      | 56.05      | 54.35      | 0.0       
charges   303.47     | 360.0      | 303.47     | 360.0      | 304.51    
~~~~~~~~~~~~~~~~~~~~~~~~~~~~~~~~~~~~~~~~~~
     Drone (3):
          12         | 1          | 3          | 1          | 8         
s_times   51.7       | 133.4      | 239.97     | 293.21     | 406.55    
c_times   81.7       | 193.4      | 243.33     | 353.21     | 409.34    
travels   51.7       | 46.57      | 49.88      | 53.34      | 0.0       
charges   278.3      | 360.0      | 310.07     | 360.0      | 303.87    
~~~~~~~~~~~~~~~~~~~~~~~~~~~~~~~~~~~~~~~~~~
