~~~~~~~~~~~~~~~~~~~ [3, 'SB', 5, 360] ~~~~~~~~~~~~~~~~~~~
     seed: 5627421840334555885
 Families: [[1], [2, 3], [4, 5, 6], [7, 8], [9, 10, 11], [12]]
  i_times: [210.0, 570.0, 30.0, 390.0]
Fam slots: [[1, 3], [0, 2, 6], [0, 1], [2, 5, 6]]
Ear_dates: [0, 180.0, 540.0, 0.0, 360.0, 1080.0, 0.0, 180.0, 360.0, 900.0, 1080.0, 0]
Due_dates: [1440, 360.0, 720.0, 180.0, 540.0, 1260.0, 180.0, 360.0, 540.0, 1080.0, 1260.0, 1440]
Monitor_t: [60.0, 3.36, 3.36, 1.14, 1.14, 1.14, 2.79, 2.79, 5.97, 5.97, 5.97, 30.0]
~~~~~~~~~~~~~~~~~~~ Comparing the results ~~~~~~~~~~~~~~~~~~~
***** lp_Variables: 2792
***** lp_Constraints: 5094
***** lp_objective: 680.4899999318508
***** lp_Sol_time: 36.084
     Drone (1):
          9          | 1          | 10         | 1          | 6         
s_times   50.56      | 112.58     | 223.14     | 285.16     | 399.51    
c_times   56.53      | 172.58     | 229.11     | 345.16     | 400.65    
travels   56.05      | 50.56      | 56.05      | 54.35      | 0.0       
charges   303.47     | 360.0      | 303.47     | 360.0      | 304.51    
~~~~~~~~~~~~~~~~~~~~~~~~~~~~~~~~~~~~~~~~~~
     Drone (2):
          7          | 4          | 8          | 2          | 5         
s_times   53.34      | 63.03      | 69.42      | 80.78      | 88.66     
c_times   56.13      | 64.17      | 72.21      | 84.14      | 89.8      
travels   6.9        | 5.25       | 8.57       | 4.52       | 0.0       
charges   303.87     | 295.83     | 287.79     | 275.86     | 270.2     
~~~~~~~~~~~~~~~~~~~~~~~~~~~~~~~~~~~~~~~~~~
     Drone (3):
          12         | 1          | 3          | 1          | 11        
s_times   51.7       | 133.4      | 239.97     | 293.21     | 403.77    
c_times   81.7       | 193.4      | 243.33     | 353.21     | 409.74    
travels   51.7       | 46.57      | 49.88      | 50.56      | 0.0       
charges   278.3      | 360.0      | 310.07     | 360.0      | 303.47    
~~~~~~~~~~~~~~~~~~~~~~~~~~~~~~~~~~~~~~~~~~
***** nlp_Variables: 227
***** nlp_Constraints: 112
***** nlp_objective: 680.4899999318502
***** nlp_Sol_time: 39.11
     Drone (1):
          4          | 7          | 5          | 8          | 3         
s_times   54.35      | 60.74      | 70.43      | 76.82      | 88.18     
c_times   55.49      | 63.53      | 71.57      | 79.61      | 91.54     
travels   5.25       | 6.9        | 5.25       | 8.57       | 0.0       
charges   304.51     | 296.47     | 288.43     | 280.39     | 268.46    
~~~~~~~~~~~~~~~~~~~~~~~~~~~~~~~~~~~~~~~~~~
     Drone (2):
          9          | 1          | 10         | 1          | 6         
s_times   50.56      | 112.58     | 223.14     | 285.16     | 399.51    
c_times   56.53      | 172.58     | 229.11     | 345.16     | 400.65    
travels   56.05      | 50.56      | 56.05      | 54.35      | 0.0       
charges   303.47     | 360.0      | 303.47     | 360.0      | 304.51    
~~~~~~~~~~~~~~~~~~~~~~~~~~~~~~~~~~~~~~~~~~
     Drone (3):
          2          | 1          | 12         | 1          | 11        
s_times   46.57      | 99.81      | 211.51     | 293.21     | 403.77    
c_times   49.93      | 159.81     | 241.51     | 353.21     | 409.74    
travels   49.88      | 51.7       | 51.7       | 50.56      | 0.0       
charges   310.07     | 360.0      | 278.3      | 360.0      | 303.47    
~~~~~~~~~~~~~~~~~~~~~~~~~~~~~~~~~~~~~~~~~~
