~~~~~~~~~~~~~~~~~~~ [3, 'SB', 5, 360] ~~~~~~~~~~~~~~~~~~~
     seed: 8554900818077634643
 Families: [[1], [2, 3], [4, 5, 6], [7, 8], [9, 10, 11], [12]]
  i_times: [750.0, 570.0, 570.0, 570.0]
Fam slots: [[1, 6], [0, 2, 6], [3, 7], [2, 6, 7]]
Ear_dates: [0, 180.0, 1080.0, 0.0, 360.0, 1080.0, 540.0, 1260.0, 360.0, 1080.0, 1260.0, 0]
Due_dates: [1440, 360.0, 1260.0, 180.0, 540.0, 1260.0, 720.0, 1440.0, 540.0, 1260.0, 1440.0, 1440]
Monitor_t: [60.0, 3.36, 3.36, 1.14, 1.14, 1.14, 2.79, 2.79, 5.97, 5.97, 5.97, 30.0]
~~~~~~~~~~~~~~~~~~~ Comparing the results ~~~~~~~~~~~~~~~~~~~
***** lp_Variables: 2792
***** lp_Constraints: 5094
***** lp_objective: 866.5
***** lp_Sol_time: 17.411
     Drone (1):
          9          | 1          | 10         | 1          | 11        
s_times   50.56      | 112.58     | 223.14     | 285.16     | 395.72    
c_times   56.53      | 172.58     | 229.11     | 345.16     | 401.69    
travels   56.05      | 50.56      | 56.05      | 50.56      | 0.0       
charges   303.47     | 360.0      | 303.47     | 360.0      | 303.47    
~~~~~~~~~~~~~~~~~~~~~~~~~~~~~~~~~~~~~~~~~~
     Drone (2):
          4          | 1          | 6          | 1          | 8         
s_times   54.35      | 110.08     | 224.43     | 280.16     | 393.5     
c_times   55.49      | 170.08     | 225.57     | 340.16     | 396.29    
travels   54.59      | 54.35      | 54.59      | 53.34      | 0.0       
charges   304.51     | 360.0      | 304.51     | 360.0      | 303.87    
~~~~~~~~~~~~~~~~~~~~~~~~~~~~~~~~~~~~~~~~~~
     Drone (3):
          2          | 1          | 7          | 5          | 3         
s_times   46.57      | 99.81      | 213.15     | 222.84     | 232.06    
c_times   49.93      | 159.81     | 215.94     | 223.98     | 235.42    
travels   49.88      | 53.34      | 6.9        | 8.08       | 0.0       
charges   310.07     | 360.0      | 303.87     | 295.83     | 284.39    
~~~~~~~~~~~~~~~~~~~~~~~~~~~~~~~~~~~~~~~~~~
***** nlp_Variables: 227
***** nlp_Constraints: 112
***** nlp_objective: 866.4999999132498
***** nlp_Sol_time: 30.88
     Drone (1):
          2          | 1          | 7          | 3          | 6         
s_times   46.57      | 99.81      | 213.15     | 224.51     | 232.39    
c_times   49.93      | 159.81     | 215.94     | 227.87     | 233.53    
travels   49.88      | 53.34      | 8.57       | 4.52       | 0.0       
charges   310.07     | 360.0      | 303.87     | 291.94     | 286.28    
~~~~~~~~~~~~~~~~~~~~~~~~~~~~~~~~~~~~~~~~~~
     Drone (2):
          9          | 1          | 10         | 1          | 11        
s_times   50.56      | 112.58     | 223.14     | 285.16     | 395.72    
c_times   56.53      | 172.58     | 229.11     | 345.16     | 401.69    
travels   56.05      | 50.56      | 56.05      | 50.56      | 0.0       
charges   303.47     | 360.0      | 303.47     | 360.0      | 303.47    
~~~~~~~~~~~~~~~~~~~~~~~~~~~~~~~~~~~~~~~~~~
     Drone (3):
          4          | 1          | 5          | 1          | 8         
s_times   54.35      | 110.08     | 224.43     | 280.16     | 393.5     
c_times   55.49      | 170.08     | 225.57     | 340.16     | 396.29    
travels   54.59      | 54.35      | 54.59      | 53.34      | 0.0       
charges   304.51     | 360.0      | 304.51     | 360.0      | 303.87    
~~~~~~~~~~~~~~~~~~~~~~~~~~~~~~~~~~~~~~~~~~
