~~~~~~~~~~~~~~~~~~~ [3, 'SB', 5, 360] ~~~~~~~~~~~~~~~~~~~
     seed: 7173868649382883586
 Families: [[1], [2, 3], [4, 5, 6], [7, 8], [9, 10, 11], [12]]
  i_times: [1110.0, 750.0, 390.0, 210.0]
Fam slots: [[0, 7], [0, 2, 7], [3, 6], [0, 1, 3]]
Ear_dates: [0, 0.0, 1260.0, 0.0, 360.0, 1260.0, 540.0, 1080.0, 0.0, 180.0, 540.0, 0]
Due_dates: [1440, 180.0, 1440.0, 180.0, 540.0, 1440.0, 720.0, 1260.0, 180.0, 360.0, 720.0, 1440]
Monitor_t: [60.0, 3.36, 3.36, 1.14, 1.14, 1.14, 2.79, 2.79, 5.97, 5.97, 5.97, 30.0]
~~~~~~~~~~~~~~~~~~~ Comparing the results ~~~~~~~~~~~~~~~~~~~
***** lp_Variables: 2792
***** lp_Constraints: 5094
***** lp_objective: 860.4899999999996
***** lp_Sol_time: 32.071
     Drone (1):
          9          | 1          | 11         | 1          | 6         
s_times   50.56      | 112.58     | 223.14     | 285.16     | 399.51    
c_times   56.53      | 172.58     | 229.11     | 345.16     | 400.65    
travels   56.05      | 50.56      | 56.05      | 54.35      | 0.0       
charges   303.47     | 360.0      | 303.47     | 360.0      | 304.51    
~~~~~~~~~~~~~~~~~~~~~~~~~~~~~~~~~~~~~~~~~~
     Drone (2):
          4          | 2          | 5          | 10         | 7         
s_times   54.35      | 63.57      | 71.45      | 87.81      | 111.99    
c_times   55.49      | 66.93      | 72.59      | 93.78      | 114.78    
travels   8.08       | 4.52       | 15.22      | 18.21      | 0.0       
charges   304.51     | 293.07     | 287.41     | 266.22     | 245.22    
~~~~~~~~~~~~~~~~~~~~~~~~~~~~~~~~~~~~~~~~~~
     Drone (3):
          12         | 1          | 8          | 1          | 3         
s_times   51.7       | 133.4      | 246.74     | 302.02     | 408.59    
c_times   81.7       | 193.4      | 249.53     | 362.02     | 411.95    
travels   51.7       | 53.34      | 52.49      | 46.57      | 0.0       
charges   278.3      | 360.0      | 303.87     | 360.0      | 310.07    
~~~~~~~~~~~~~~~~~~~~~~~~~~~~~~~~~~~~~~~~~~
***** nlp_Variables: 227
***** nlp_Constraints: 112
***** nlp_objective: 860.4899999999996
***** nlp_Sol_time: 40.591
     Drone (1):
          7          | 4          | 10         | 5          | 2         
s_times   53.34      | 63.03      | 79.39      | 99.6       | 108.82    
c_times   56.13      | 64.17      | 85.36      | 100.74     | 112.18    
travels   6.9        | 15.22      | 14.24      | 8.08       | 0.0       
charges   303.87     | 295.83     | 274.64     | 259.26     | 247.82    
~~~~~~~~~~~~~~~~~~~~~~~~~~~~~~~~~~~~~~~~~~
     Drone (2):
          9          | 1          | 11         | 1          | 6         
s_times   50.56      | 112.58     | 223.14     | 285.16     | 399.51    
c_times   56.53      | 172.58     | 229.11     | 345.16     | 400.65    
travels   56.05      | 50.56      | 56.05      | 54.35      | 0.0       
charges   303.47     | 360.0      | 303.47     | 360.0      | 304.51    
~~~~~~~~~~~~~~~~~~~~~~~~~~~~~~~~~~~~~~~~~~
     Drone (3):
          12         | 1          | 8          | 1          | 3         
s_times   51.7       | 133.4      | 246.74     | 302.02     | 408.59    
c_times   81.7       | 193.4      | 249.53     | 362.02     | 411.95    
travels   51.7       | 53.34      | 52.49      | 46.57      | 0.0       
charges   278.3      | 360.0      | 303.87     | 360.0      | 310.07    
~~~~~~~~~~~~~~~~~~~~~~~~~~~~~~~~~~~~~~~~~~
