~~~~~~~~~~~~~~~~~~~ [3, 'SB', 5, 360] ~~~~~~~~~~~~~~~~~~~
     seed: 4704916720070017949
 Families: [[1], [2, 3], [4, 5, 6], [7, 8], [9, 10, 11], [12]]
  i_times: [570.0, 210.0, 930.0, 930.0]
Fam slots: [[1, 5], [1, 3, 5], [1, 7], [0, 1, 7]]
Ear_dates: [0, 180.0, 900.0, 180.0, 540.0, 900.0, 180.0, 1260.0, 0.0, 180.0, 1260.0, 0]
Due_dates: [1440, 360.0, 1080.0, 360.0, 720.0, 1080.0, 360.0, 1440.0, 180.0, 360.0, 1440.0, 1440]
Monitor_t: [60.0, 3.36, 3.36, 1.14, 1.14, 1.14, 2.79, 2.79, 5.97, 5.97, 5.97, 30.0]
~~~~~~~~~~~~~~~~~~~ Comparing the results ~~~~~~~~~~~~~~~~~~~
***** lp_Variables: 2792
***** lp_Constraints: 5094
***** lp_objective: 861.4999999137488
***** lp_Sol_time: 57.466
     Drone (1):
          9          | 1          | 10         | 1          | 8         
s_times   50.56      | 112.58     | 223.14     | 285.16     | 398.5     
c_times   56.53      | 172.58     | 229.11     | 345.16     | 401.29    
travels   56.05      | 50.56      | 56.05      | 53.34      | 0.0       
charges   303.47     | 360.0      | 303.47     | 360.0      | 303.87    
~~~~~~~~~~~~~~~~~~~~~~~~~~~~~~~~~~~~~~~~~~
     Drone (2):
          12         | 1          | 6          | 1          | 11        
s_times   51.7       | 133.4      | 247.75     | 303.48     | 414.04    
c_times   81.7       | 193.4      | 248.89     | 363.48     | 420.01    
travels   51.7       | 54.35      | 54.59      | 50.56      | 0.0       
charges   278.3      | 360.0      | 304.51     | 360.0      | 303.47    
~~~~~~~~~~~~~~~~~~~~~~~~~~~~~~~~~~~~~~~~~~
     Drone (3):
          4          | 2          | 5          | 7          | 3         
s_times   54.35      | 63.57      | 71.45      | 77.84      | 89.2      
c_times   55.49      | 66.93      | 72.59      | 80.63      | 92.56     
travels   8.08       | 4.52       | 5.25       | 8.57       | 0.0       
charges   304.51     | 293.07     | 287.41     | 279.37     | 267.44    
~~~~~~~~~~~~~~~~~~~~~~~~~~~~~~~~~~~~~~~~~~
***** nlp_Variables: 227
***** nlp_Constraints: 112
***** nlp_objective: 861.5
***** nlp_Sol_time: 62.078
     Drone (1):
          12         | 1          | 3          | 1          | 11        
s_times   51.7       | 133.4      | 239.97     | 293.21     | 403.77    
c_times   81.7       | 193.4      | 243.33     | 353.21     | 409.74    
travels   51.7       | 46.57      | 49.88      | 50.56      | 0.0       
charges   278.3      | 360.0      | 310.07     | 360.0      | 303.47    
~~~~~~~~~~~~~~~~~~~~~~~~~~~~~~~~~~~~~~~~~~
     Drone (2):
          9          | 1          | 10         | 1          | 8         
s_times   50.56      | 112.58     | 223.14     | 285.16     | 398.5     
c_times   56.53      | 172.58     | 229.11     | 345.16     | 401.29    
travels   56.05      | 50.56      | 56.05      | 53.34      | 0.0       
charges   303.47     | 360.0      | 303.47     | 360.0      | 303.87    
~~~~~~~~~~~~~~~~~~~~~~~~~~~~~~~~~~~~~~~~~~
     Drone (3):
          4          | 7          | 5          | 2          | 6         
s_times   54.35      | 60.74      | 70.43      | 79.65      | 87.53     
c_times   55.49      | 63.53      | 71.57      | 83.01      | 88.67     
travels   5.25       | 6.9        | 8.08       | 4.52       | 0.0       
charges   304.51     | 296.47     | 288.43     | 276.99     | 271.33    
~~~~~~~~~~~~~~~~~~~~~~~~~~~~~~~~~~~~~~~~~~
