~~~~~~~~~~~~~~~~~~~ [3, 'SB', 5, 360] ~~~~~~~~~~~~~~~~~~~
     seed: 2066470518126880410
 Families: [[1], [2, 3], [4, 5, 6], [7, 8], [9, 10, 11], [12]]
  i_times: [570.0, 570.0, 30.0, 390.0]
Fam slots: [[0, 4], [2, 3, 7], [3, 4], [2, 4, 7]]
Ear_dates: [0, 0.0, 720.0, 360.0, 540.0, 1260.0, 540.0, 720.0, 360.0, 720.0, 1260.0, 0]
Due_dates: [1440, 180.0, 900.0, 540.0, 720.0, 1440.0, 720.0, 900.0, 540.0, 900.0, 1440.0, 1440]
Monitor_t: [60.0, 3.36, 3.36, 1.14, 1.14, 1.14, 2.79, 2.79, 5.97, 5.97, 5.97, 30.0]
~~~~~~~~~~~~~~~~~~~ Comparing the results ~~~~~~~~~~~~~~~~~~~
***** lp_Variables: 2792
***** lp_Constraints: 5094
***** lp_objective: 860.49
***** lp_Sol_time: 68.845
     Drone (1):
          2          | 7          | 3          | 5          | 8         
s_times   46.57      | 54.65      | 66.01      | 73.89      | 80.28     
c_times   49.93      | 57.44      | 69.37      | 75.03      | 83.07     
travels   4.72       | 8.57       | 4.52       | 5.25       | 0.0       
charges   310.07     | 302.56     | 290.63     | 284.97     | 276.93    
~~~~~~~~~~~~~~~~~~~~~~~~~~~~~~~~~~~~~~~~~~
     Drone (2):
          4          | 1          | 12         | 1          | 11        
s_times   54.35      | 110.08     | 221.78     | 303.48     | 414.04    
c_times   55.49      | 170.08     | 251.78     | 363.48     | 420.01    
travels   54.59      | 51.7       | 51.7       | 50.56      | 0.0       
charges   304.51     | 360.0      | 278.3      | 360.0      | 303.47    
~~~~~~~~~~~~~~~~~~~~~~~~~~~~~~~~~~~~~~~~~~
     Drone (3):
          9          | 1          | 10         | 1          | 6         
s_times   50.56      | 112.58     | 223.14     | 285.16     | 399.51    
c_times   56.53      | 172.58     | 229.11     | 345.16     | 400.65    
travels   56.05      | 50.56      | 56.05      | 54.35      | 0.0       
charges   303.47     | 360.0      | 303.47     | 360.0      | 304.51    
~~~~~~~~~~~~~~~~~~~~~~~~~~~~~~~~~~~~~~~~~~
***** nlp_Variables: 227
***** nlp_Constraints: 112
***** nlp_objective: 860.4899999138493
***** nlp_Sol_time: 34.085
     Drone (1):
          7          | 4          | 8          | 5          | 2         
s_times   53.34      | 63.03      | 69.42      | 79.11      | 88.33     
c_times   56.13      | 64.17      | 72.21      | 80.25      | 91.69     
travels   6.9        | 5.25       | 6.9        | 8.08       | 0.0       
charges   303.87     | 295.83     | 287.79     | 279.75     | 268.31    
~~~~~~~~~~~~~~~~~~~~~~~~~~~~~~~~~~~~~~~~~~
     Drone (2):
          12         | 1          | 3          | 1          | 11        
s_times   51.7       | 133.4      | 239.97     | 293.21     | 403.77    
c_times   81.7       | 193.4      | 243.33     | 353.21     | 409.74    
travels   51.7       | 46.57      | 49.88      | 50.56      | 0.0       
charges   278.3      | 360.0      | 310.07     | 360.0      | 303.47    
~~~~~~~~~~~~~~~~~~~~~~~~~~~~~~~~~~~~~~~~~~
     Drone (3):
          9          | 1          | 10         | 1          | 6         
s_times   50.56      | 112.58     | 223.14     | 285.16     | 399.51    
c_times   56.53      | 172.58     | 229.11     | 345.16     | 400.65    
travels   56.05      | 50.56      | 56.05      | 54.35      | 0.0       
charges   303.47     | 360.0      | 303.47     | 360.0      | 304.51    
~~~~~~~~~~~~~~~~~~~~~~~~~~~~~~~~~~~~~~~~~~
