~~~~~~~~~~~~~~~~~~~ [3, 'SB', 5, 360] ~~~~~~~~~~~~~~~~~~~
     seed: 2668907485710410599
 Families: [[1], [2, 3], [4, 5, 6], [7, 8], [9, 10, 11], [12]]
  i_times: [210.0, 30.0, 210.0, 570.0]
Fam slots: [[1, 3], [0, 1, 2], [4, 6], [0, 3, 7]]
Ear_dates: [0, 180.0, 540.0, 0.0, 180.0, 360.0, 720.0, 1080.0, 0.0, 540.0, 1260.0, 0]
Due_dates: [1440, 360.0, 720.0, 180.0, 360.0, 540.0, 900.0, 1260.0, 180.0, 720.0, 1440.0, 1440]
Monitor_t: [60.0, 3.36, 3.36, 1.14, 1.14, 1.14, 2.79, 2.79, 5.97, 5.97, 5.97, 30.0]
~~~~~~~~~~~~~~~~~~~ Comparing the results ~~~~~~~~~~~~~~~~~~~
***** lp_Variables: 2792
***** lp_Constraints: 5094
***** lp_objective: 822.639999999998
***** lp_Sol_time: 15.817
     Drone (1):
          12         | 1          | 12         | 1          | 11        
s_times   51.7       | 133.4      | 245.1      | 326.8      | 437.36    
c_times   81.7       | 193.4      | 275.1      | 386.8      | 443.33    
travels   51.7       | 51.7       | 51.7       | 50.56      | 0.0       
charges   278.3      | 360.0      | 278.3      | 360.0      | 303.47    
~~~~~~~~~~~~~~~~~~~~~~~~~~~~~~~~~~~~~~~~~~
     Drone (2):
          4          | 1          | 3          | 10         | 8         
s_times   54.35      | 110.08     | 216.65     | 235.67     | 259.85    
c_times   55.49      | 170.08     | 220.01     | 241.64     | 262.64    
travels   54.59      | 46.57      | 15.66      | 18.21      | 0.0       
charges   304.51     | 360.0      | 310.07     | 288.44     | 267.44    
~~~~~~~~~~~~~~~~~~~~~~~~~~~~~~~~~~~~~~~~~~
     Drone (3):
          9          | 5          | 7          | 2          | 6         
s_times   50.56      | 70.77      | 77.16      | 88.52      | 96.4      
c_times   56.53      | 71.91      | 79.95      | 91.88      | 97.54     
travels   14.24      | 5.25       | 8.57       | 4.52       | 0.0       
charges   303.47     | 288.09     | 280.05     | 268.12     | 262.46    
~~~~~~~~~~~~~~~~~~~~~~~~~~~~~~~~~~~~~~~~~~
***** nlp_Variables: 227
***** nlp_Constraints: 112
***** nlp_objective: 822.6399999999998
***** nlp_Sol_time: 34.275
     Drone (1):
          9          | 5          | 7          | 6          | 3         
s_times   50.56      | 70.77      | 77.16      | 86.85      | 96.07     
c_times   56.53      | 71.91      | 79.95      | 87.99      | 99.43     
travels   14.24      | 5.25       | 6.9        | 8.08       | 0.0       
charges   303.47     | 288.09     | 280.05     | 272.01     | 260.57    
~~~~~~~~~~~~~~~~~~~~~~~~~~~~~~~~~~~~~~~~~~
     Drone (2):
          4          | 2          | 10         | 1          | 8         
s_times   54.35      | 63.57      | 82.59      | 144.61     | 257.95    
c_times   55.49      | 66.93      | 88.56      | 204.61     | 260.74    
travels   8.08       | 15.66      | 56.05      | 53.34      | 0.0       
charges   304.51     | 293.07     | 271.44     | 360.0      | 303.87    
~~~~~~~~~~~~~~~~~~~~~~~~~~~~~~~~~~~~~~~~~~
     Drone (3):
          12         | 1          | 12         | 1          | 11        
s_times   51.7       | 133.4      | 245.1      | 326.8      | 437.36    
c_times   81.7       | 193.4      | 275.1      | 386.8      | 443.33    
travels   51.7       | 51.7       | 51.7       | 50.56      | 0.0       
charges   278.3      | 360.0      | 278.3      | 360.0      | 303.47    
~~~~~~~~~~~~~~~~~~~~~~~~~~~~~~~~~~~~~~~~~~
