~~~~~~~~~~~~~~~~~~~ [3, 'SB', 5, 360] ~~~~~~~~~~~~~~~~~~~
     seed: 8807445971323014498
 Families: [[1], [2, 3], [4, 5, 6], [7, 8], [9, 10, 11], [12]]
  i_times: [30.0, 210.0, 390.0, 390.0]
Fam slots: [[1, 2], [2, 4, 6], [0, 3], [1, 4, 6]]
Ear_dates: [0, 180.0, 360.0, 360.0, 720.0, 1080.0, 0.0, 540.0, 180.0, 720.0, 1080.0, 0]
Due_dates: [1440, 360.0, 540.0, 540.0, 900.0, 1260.0, 180.0, 720.0, 360.0, 900.0, 1260.0, 1440]
Monitor_t: [60.0, 3.36, 3.36, 1.14, 1.14, 1.14, 2.79, 2.79, 5.97, 5.97, 5.97, 30.0]
~~~~~~~~~~~~~~~~~~~ Comparing the results ~~~~~~~~~~~~~~~~~~~
***** lp_Variables: 2792
***** lp_Constraints: 5094
***** lp_objective: 680.4899999318508
***** lp_Sol_time: 89.907
     Drone (1):
          4          | 7          | 2          | 8          | 3         
s_times   54.35      | 60.74      | 72.1       | 80.18      | 91.54     
c_times   55.49      | 63.53      | 75.46      | 82.97      | 94.9      
travels   5.25       | 8.57       | 4.72       | 8.57       | 0.0       
charges   304.51     | 296.47     | 284.54     | 277.03     | 265.1     
~~~~~~~~~~~~~~~~~~~~~~~~~~~~~~~~~~~~~~~~~~
     Drone (2):
          9          | 1          | 10         | 1          | 6         
s_times   50.56      | 112.58     | 223.14     | 285.16     | 399.51    
c_times   56.53      | 172.58     | 229.11     | 345.16     | 400.65    
travels   56.05      | 50.56      | 56.05      | 54.35      | 0.0       
charges   303.47     | 360.0      | 303.47     | 360.0      | 304.51    
~~~~~~~~~~~~~~~~~~~~~~~~~~~~~~~~~~~~~~~~~~
     Drone (3):
          12         | 1          | 5          | 1          | 11        
s_times   51.7       | 133.4      | 247.75     | 303.48     | 414.04    
c_times   81.7       | 193.4      | 248.89     | 363.48     | 420.01    
travels   51.7       | 54.35      | 54.59      | 50.56      | 0.0       
charges   278.3      | 360.0      | 304.51     | 360.0      | 303.47    
~~~~~~~~~~~~~~~~~~~~~~~~~~~~~~~~~~~~~~~~~~
***** nlp_Variables: 227
***** nlp_Constraints: 112
***** nlp_objective: 680.4899999999999
***** nlp_Sol_time: 47.188
     Drone (1):
          9          | 1          | 10         | 1          | 6         
s_times   50.56      | 112.58     | 223.14     | 285.16     | 399.51    
c_times   56.53      | 172.58     | 229.11     | 345.16     | 400.65    
travels   56.05      | 50.56      | 56.05      | 54.35      | 0.0       
charges   303.47     | 360.0      | 303.47     | 360.0      | 304.51    
~~~~~~~~~~~~~~~~~~~~~~~~~~~~~~~~~~~~~~~~~~
     Drone (2):
          12         | 1          | 5          | 1          | 11        
s_times   51.7       | 133.4      | 247.75     | 303.48     | 414.04    
c_times   81.7       | 193.4      | 248.89     | 363.48     | 420.01    
travels   51.7       | 54.35      | 54.59      | 50.56      | 0.0       
charges   278.3      | 360.0      | 304.51     | 360.0      | 303.47    
~~~~~~~~~~~~~~~~~~~~~~~~~~~~~~~~~~~~~~~~~~
     Drone (3):
          7          | 2          | 8          | 3          | 4         
s_times   53.34      | 64.7       | 72.78      | 84.14      | 92.02     
c_times   56.13      | 68.06      | 75.57      | 87.5       | 93.16     
travels   8.57       | 4.72       | 8.57       | 4.52       | 0.0       
charges   303.87     | 291.94     | 284.43     | 272.5      | 266.84    
~~~~~~~~~~~~~~~~~~~~~~~~~~~~~~~~~~~~~~~~~~
