~~~~~~~~~~~~~~~~~~~ [3, 'SB', 5, 360] ~~~~~~~~~~~~~~~~~~~
     seed: 2211980482748666945
 Families: [[1], [2, 3], [4, 5, 6], [7, 8], [9, 10, 11], [12]]
  i_times: [390.0, 30.0, 390.0, 570.0]
Fam slots: [[4, 7], [2, 3, 4], [2, 5], [1, 5, 7]]
Ear_dates: [0, 720.0, 1260.0, 360.0, 540.0, 720.0, 360.0, 900.0, 180.0, 900.0, 1260.0, 0]
Due_dates: [1440, 900.0, 1440.0, 540.0, 720.0, 900.0, 540.0, 1080.0, 360.0, 1080.0, 1440.0, 1440]
Monitor_t: [60.0, 3.36, 3.36, 1.14, 1.14, 1.14, 2.79, 2.79, 5.97, 5.97, 5.97, 30.0]
~~~~~~~~~~~~~~~~~~~ Comparing the results ~~~~~~~~~~~~~~~~~~~
***** lp_Variables: 2792
***** lp_Constraints: 5094
***** lp_objective: 864.2799999134717
***** lp_Sol_time: 222.43
     Drone (1):
          7          | 1          | 12         | 1          | 3         
s_times   53.34      | 108.62     | 220.32     | 302.02     | 408.59    
c_times   56.13      | 168.62     | 250.32     | 362.02     | 411.95    
travels   52.49      | 51.7       | 51.7       | 46.57      | 0.0       
charges   303.87     | 360.0      | 278.3      | 360.0      | 310.07    
~~~~~~~~~~~~~~~~~~~~~~~~~~~~~~~~~~~~~~~~~~
     Drone (2):
          9          | 1          | 10         | 1          | 11        
s_times   50.56      | 112.58     | 223.14     | 285.16     | 395.72    
c_times   56.53      | 172.58     | 229.11     | 345.16     | 401.69    
travels   56.05      | 50.56      | 56.05      | 50.56      | 0.0       
charges   303.47     | 360.0      | 303.47     | 360.0      | 303.47    
~~~~~~~~~~~~~~~~~~~~~~~~~~~~~~~~~~~~~~~~~~
     Drone (3):
          4          | 8          | 5          | 2          | 6         
s_times   54.35      | 60.74      | 70.43      | 79.65      | 87.53     
c_times   55.49      | 63.53      | 71.57      | 83.01      | 88.67     
travels   5.25       | 6.9        | 8.08       | 4.52       | 0.0       
charges   304.51     | 296.47     | 288.43     | 276.99     | 271.33    
~~~~~~~~~~~~~~~~~~~~~~~~~~~~~~~~~~~~~~~~~~
***** nlp_Variables: 227
***** nlp_Constraints: 112
***** nlp_objective: 864.28
***** nlp_Sol_time: 46.253
     Drone (1):
          9          | 1          | 10         | 1          | 11        
s_times   50.56      | 112.58     | 223.14     | 285.16     | 395.72    
c_times   56.53      | 172.58     | 229.11     | 345.16     | 401.69    
travels   56.05      | 50.56      | 56.05      | 50.56      | 0.0       
charges   303.47     | 360.0      | 303.47     | 360.0      | 303.47    
~~~~~~~~~~~~~~~~~~~~~~~~~~~~~~~~~~~~~~~~~~
     Drone (2):
          12         | 1          | 8          | 1          | 3         
s_times   51.7       | 133.4      | 246.74     | 302.02     | 408.59    
c_times   81.7       | 193.4      | 249.53     | 362.02     | 411.95    
travels   51.7       | 53.34      | 52.49      | 46.57      | 0.0       
charges   278.3      | 360.0      | 303.87     | 360.0      | 310.07    
~~~~~~~~~~~~~~~~~~~~~~~~~~~~~~~~~~~~~~~~~~
     Drone (3):
          4          | 2          | 5          | 7          | 6         
s_times   54.35      | 63.57      | 71.45      | 77.84      | 87.53     
c_times   55.49      | 66.93      | 72.59      | 80.63      | 88.67     
travels   8.08       | 4.52       | 5.25       | 6.9        | 0.0       
charges   304.51     | 293.07     | 287.41     | 279.37     | 271.33    
~~~~~~~~~~~~~~~~~~~~~~~~~~~~~~~~~~~~~~~~~~
