~~~~~~~~~~~~~~~~~~~ [3, 'RS', 4, 720, 1000] ~~~~~~~~~~~~~~~~~~~
 Families: [[1], [2, 3, 4], [5, 6], [7, 8], [9, 10], [11]]
Due_dates: [1440, 480.0, 960.0, 1440.0, 720.0, 1440.0, 720.0, 1440.0, 720.0, 1440.0, 1440]
Ear_dates: [0, 48.0, 96.0, 144.0, 72.0, 144.0, 72.0, 144.0, 72.0, 144.0, 0]
Monitor_t: [60.0, 2.94, 2.94, 2.94, 1.03, 1.03, 1.66, 1.66, 1.4, 1.4, 0.0]
~~~~~~~~~~~~~~~~~~~ Comparing the results ~~~~~~~~~~~~~~~~~~~
***** lp_objective: 72.0
***** lp_Sol_time: 3.109
     Drone (1):
          9          | 2          | 1          | 10        
s_times   0.0        | 68.91      | 137.34     | 239.5     
c_times   43.56      | 71.85      | 197.34     | 240.9     
travels   25.35      | 65.49      | 42.16      | 0.0       
charges   676.44     | 648.15     | 720.0      | 676.44    
~~~~~~~~~~~~~~~~~~~~~~~~~~~~~~~~~~~~~~~~~~
     Drone (2):
          5          | 1          | 8          | 4         
s_times   0.0        | 89.29      | 179.05     | 221.94    
c_times   44.65      | 149.29     | 180.71     | 224.88    
travels   44.64      | 29.76      | 41.23      | 0.0       
charges   675.35     | 720.0      | 688.58     | 644.41    
~~~~~~~~~~~~~~~~~~~~~~~~~~~~~~~~~~~~~~~~~~
     Drone (3):
          7          | 1          | 6          | 3         
s_times   0.0        | 60.09      | 163.71     | 183.97    
c_times   31.42      | 120.09     | 164.74     | 186.91    
travels   28.67      | 43.62      | 19.23      | 0.0       
charges   688.58     | 720.0      | 675.35     | 653.18    
~~~~~~~~~~~~~~~~~~~~~~~~~~~~~~~~~~~~~~~~~~
***** nlp_objective: 72.0
***** nlp_Sol_time: 7.558
     Drone (1):
          2          | 9          | 3          | 8         
s_times   0.0        | 92.27      | 119.02     | 164.39    
c_times   65.51      | 93.67      | 121.96     | 166.05    
travels   26.76      | 25.35      | 42.43      | 0.0       
charges   654.49     | 626.33     | 598.04     | 553.95    
~~~~~~~~~~~~~~~~~~~~~~~~~~~~~~~~~~~~~~~~~~
     Drone (2):
          5          | 1          | 1          | 10        
s_times   0.0        | 89.29      | 1149.29    | 1251.45   
c_times   44.65      | 149.29     | 1209.29    | 1252.85   
travels   44.64      | 1000.0     | 42.16      | 0.0       
charges   675.35     | 720.0      | 720.0      | 676.44    
~~~~~~~~~~~~~~~~~~~~~~~~~~~~~~~~~~~~~~~~~~
     Drone (3):
          7          | 1          | 4          | 6         
s_times   0.0        | 60.09      | 182.66     | 208.55    
c_times   31.42      | 120.09     | 185.6      | 209.58    
travels   28.67      | 62.57      | 22.95      | 0.0       
charges   688.58     | 720.0      | 654.49     | 630.51    
~~~~~~~~~~~~~~~~~~~~~~~~~~~~~~~~~~~~~~~~~~
