~~~~~~~~~~~~~~~~~~~ [4, 'SB_RS', 6, 720, 360] ~~~~~~~~~~~~~~~~~~~
 Families: [[1], [2, 3], [4, 5, 6], [7, 8], [9, 10, 11], [12, 13, 14], [15, 16], [17, 18], [19, 20], [21], [22]]
Due_dates: [1440, 720.0, 1440.0, 480.0, 960.0, 1440.0, 720.0, 1440.0, 480.0, 960.0, 1440.0, 480.0, 960.0, 1440.0, 720.0, 1440.0, 720.0, 1440.0, 720.0, 1440.0, 1440, 1440]
Ear_dates: [0, 72.0, 144.0, 48.0, 96.0, 144.0, 72.0, 144.0, 48.0, 96.0, 144.0, 48.0, 96.0, 144.0, 72.0, 144.0, 72.0, 144.0, 72.0, 144.0, 0, 0]
Monitor_t: [60.0, 2.02, 2.02, 0.68, 0.68, 0.68, 1.68, 1.68, 3.58, 3.58, 3.58, 2.94, 2.94, 2.94, 1.03, 1.03, 1.66, 1.66, 1.4, 1.4, 0.0, 0.0]
~~~~~~~~~~~~~~~~~~~ Comparing the results ~~~~~~~~~~~~~~~~~~~
***** lp_objective: 43.55
***** lp_Sol_time: 31.246
     Drone (1):
          22         | 4          | 13         | 19         | 18         | 6         
s_times   0.0        | 64.53      | 99.76      | 129.46     | 145.21     | 174.55    
c_times   43.55      | 65.21      | 102.7      | 130.86     | 146.87     | 175.23    
travels   20.98      | 34.55      | 26.76      | 14.35      | 27.68      | 0.0       
charges   676.45     | 654.79     | 617.3      | 589.14     | 573.13     | 544.77    
~~~~~~~~~~~~~~~~~~~~~~~~~~~~~~~~~~~~~~~~~~
     Drone (2):
          21         | 12         | 7          | 15         | 10         | 5         
s_times   0.0        | 67.4       | 106.31     | 120.75     | 145.97     | 158.09    
c_times   31.02      | 70.34      | 107.99     | 121.78     | 149.55     | 158.77    
travels   36.38      | 35.97      | 12.76      | 24.19      | 8.54       | 0.0       
charges   688.98     | 649.66     | 612.01     | 598.22     | 570.45     | 561.23    
~~~~~~~~~~~~~~~~~~~~~~~~~~~~~~~~~~~~~~~~~~
     Drone (3):
          22         | 9          | 2          | 17         | 16         | 8         
s_times   0.0        | 74.19      | 87.44      | 114.72     | 144.8      | 159.86    
c_times   43.55      | 77.77      | 89.46      | 116.38     | 145.83     | 161.54    
travels   30.64      | 9.67       | 25.26      | 28.42      | 14.03      | 0.0       
charges   676.45     | 642.23     | 630.54     | 603.62     | 574.17     | 558.46    
~~~~~~~~~~~~~~~~~~~~~~~~~~~~~~~~~~~~~~~~~~
     Drone (4):
          21         | 1          | 3          | 14         | 11         | 20        
s_times   0.0        | 62.04      | 149.98     | 188.05     | 236.56     | 272.96    
c_times   31.02      | 122.04     | 152.0      | 190.99     | 240.14     | 274.36    
travels   31.02      | 27.94      | 36.05      | 45.57      | 32.82      | 0.0       
charges   688.98     | 720.0      | 690.04     | 651.05     | 601.9      | 567.68    
~~~~~~~~~~~~~~~~~~~~~~~~~~~~~~~~~~~~~~~~~~
***** nlp_objective: 43.55
***** nlp_Sol_time: 97.166
     Drone (1):
          22         | 9          | 19         | 11         | 15         | 6         
s_times   0.0        | 74.19      | 110.59     | 145.56     | 170.18     | 186.22    
c_times   43.55      | 77.77      | 111.99     | 149.14     | 171.21     | 186.9     
travels   30.64      | 32.82      | 33.57      | 21.04      | 15.01      | 0.0       
charges   676.45     | 642.23     | 608.01     | 570.86     | 548.79     | 533.1     
~~~~~~~~~~~~~~~~~~~~~~~~~~~~~~~~~~~~~~~~~~
     Drone (2):
          21         | 12         | 7          | 10         | 13         | 18        
s_times   0.0        | 67.4       | 106.31     | 121.08     | 165.05     | 210.42    
c_times   31.02      | 70.34      | 107.99     | 124.66     | 167.99     | 212.08    
travels   36.38      | 35.97      | 13.09      | 40.39      | 42.43      | 0.0       
charges   688.98     | 649.66     | 612.01     | 595.34     | 552.01     | 507.92    
~~~~~~~~~~~~~~~~~~~~~~~~~~~~~~~~~~~~~~~~~~
     Drone (3):
          21         | 1          | 8          | 2          | 14         | 16        
s_times   0.0        | 62.04      | 154.05     | 160.87     | 198.94     | 224.83    
c_times   31.02      | 122.04     | 155.73     | 162.89     | 201.88     | 225.86    
travels   31.02      | 32.01      | 5.14       | 36.05      | 22.95      | 0.0       
charges   688.98     | 720.0      | 686.31     | 679.15     | 640.16     | 616.18    
~~~~~~~~~~~~~~~~~~~~~~~~~~~~~~~~~~~~~~~~~~
     Drone (4):
          22         | 4          | 17         | 5          | 20         | 3         
s_times   0.0        | 64.53      | 92.72      | 122.06     | 147.69     | 173.98    
c_times   43.55      | 65.21      | 94.38      | 122.74     | 149.09     | 176.0     
travels   20.98      | 27.51      | 27.68      | 24.95      | 24.89      | 0.0       
charges   676.45     | 654.79     | 625.62     | 597.26     | 570.91     | 544.0     
~~~~~~~~~~~~~~~~~~~~~~~~~~~~~~~~~~~~~~~~~~
