~~~~~~~~~~~~~~~~~~~ [4, 'SB_RS', 5, 360, 120] ~~~~~~~~~~~~~~~~~~~
 Families: [[1], [2, 3], [4, 5, 6], [7, 8], [9, 10, 11], [12, 13, 14], [15, 16], [17, 18], [19, 20], [21], [22]]
Due_dates: [360, 180.0, 360.0, 120.0, 240.0, 360.0, 180.0, 360.0, 120.0, 240.0, 360.0, 120.0, 240.0, 360.0, 180.0, 360.0, 180.0, 360.0, 180.0, 360.0, 360, 360]
Ear_dates: [0, 18.0, 36.0, 12.0, 24.0, 36.0, 18.0, 36.0, 12.0, 24.0, 36.0, 12.0, 24.0, 36.0, 18.0, 36.0, 18.0, 36.0, 18.0, 36.0, 0, 0]
Monitor_t: [60.0, 1.44, 1.44, 0.49, 0.49, 0.49, 1.2, 1.2, 2.56, 2.56, 2.56, 2.1, 2.1, 2.1, 0.74, 0.74, 1.18, 1.18, 1.0, 1.0, 0.0, 0.0]
~~~~~~~~~~~~~~~~~~~ Comparing the results ~~~~~~~~~~~~~~~~~~~
***** lp_objective: 17.99999998709136
***** lp_Sol_time: 601.186
     Drone (1):
          0          | 17         | 10         | 13         | 6         
s_times   0.0        | 0.0        | 25.5165    | 56.9224    | 85.3457   
c_times   0.0        | 1.1836     | 28.0757    | 59.0257    | 85.8341   
charges   360.0      | 358.8164   | 331.9243   | 300.9743   | 274.1659  
~~~~~~~~~~~~~~~~~~~~~~~~~~~~~~~~~~~~~~~~~~
     Drone (2):
          12         | 19         | 5          | 14         | 16        
s_times   0.0        | 65.9104    | 84.2904    | 109.4548   | 127.9521  
c_times   46.7954    | 66.9132    | 84.7788    | 111.5582   | 128.6895  
charges   313.2046   | 293.0868   | 275.2212   | 248.4418   | 231.3105  
~~~~~~~~~~~~~~~~~~~~~~~~~~~~~~~~~~~~~~~~~~
     Drone (3):
          9          | 2          | 15         | 11         | 8         
s_times   0.0        | 31.1364    | 43.8767    | 61.8918    | 72.2562   
c_times   24.2271    | 32.5779    | 44.6141    | 64.451     | 73.454    
charges   335.7729   | 327.4221   | 315.3859   | 295.549    | 286.546   
~~~~~~~~~~~~~~~~~~~~~~~~~~~~~~~~~~~~~~~~~~
     Drone (4):
          4          | 18         | 3          | 7          | 20        
s_times   0.0        | 43.4308    | 62.7521    | 66.2145    | 82.102    
c_times   23.7831    | 44.6145    | 64.1937    | 67.4123    | 83.1048   
charges   336.2169   | 315.3855   | 295.8063   | 292.5877   | 276.8952  
~~~~~~~~~~~~~~~~~~~~~~~~~~~~~~~~~~~~~~~~~~
***** nlp_objective: 17.99999999809971
***** nlp_Sol_time: 174.153
     Drone (1):
          12         | 19         | 8          | 18         | 14        
s_times   0.0        | 65.9104    | 82.6184    | 100.1203   | 130.7549  
c_times   46.7954    | 66.9132    | 83.8162    | 101.3039   | 132.8582  
charges   313.2046   | 293.0868   | 276.1838   | 258.6961   | 227.1418  
~~~~~~~~~~~~~~~~~~~~~~~~~~~~~~~~~~~~~~~~~~
     Drone (2):
          9          | 5          | 15         | 11         | 20        
s_times   0.0        | 30.3289    | 41.1284    | 59.1435    | 85.1422   
c_times   24.2271    | 30.8173    | 41.8658    | 61.7027    | 86.145    
charges   335.7729   | 329.1827   | 318.1342   | 298.2973   | 273.855   
~~~~~~~~~~~~~~~~~~~~~~~~~~~~~~~~~~~~~~~~~~
     Drone (3):
          0          | 0          | 2          | 10         | 6         
s_times   0.0        | 0.0        | 19.3213    | 27.474     | 36.135    
c_times   0.0        | 1.1836     | 20.7628    | 30.0332    | 36.6234   
charges   360.0      | 358.8164   | 339.2372   | 329.9668   | 323.3766  
~~~~~~~~~~~~~~~~~~~~~~~~~~~~~~~~~~~~~~~~~~
     Drone (4):
          4          | 7          | 3          | 16         | 13        
s_times   0.0        | 26.0328    | 30.9015    | 43.6418    | 58.1157   
c_times   23.7831    | 27.2306    | 32.343     | 44.3792    | 60.219    
charges   336.2169   | 332.7694   | 327.657    | 315.6208   | 299.781   
~~~~~~~~~~~~~~~~~~~~~~~~~~~~~~~~~~~~~~~~~~
