~~~~~~~~~~~~~~~~~~~ [5, 'LA', 7, 720, 120] ~~~~~~~~~~~~~~~~~~~
 Families: [[1], [2, 3, 4, 5], [6, 7, 8], [9, 10, 11, 12], [13, 14, 15], [16, 17, 18, 19], [20, 21, 22], [23, 24, 25], [26, 27, 28], [29]]
Due_dates: [1440, 360.0, 720.0, 1080.0, 1440.0, 480.0, 960.0, 1440.0, 360.0, 720.0, 1080.0, 1440.0, 480.0, 960.0, 1440.0, 360.0, 720.0, 1080.0, 1440.0, 480.0, 960.0, 1440.0, 480.0, 960.0, 1440.0, 480.0, 960.0, 1440.0, 1440]
Ear_dates: [0, 36.0, 72.0, 108.0, 144.0, 48.0, 96.0, 144.0, 36.0, 72.0, 108.0, 144.0, 48.0, 96.0, 144.0, 36.0, 72.0, 108.0, 144.0, 48.0, 96.0, 144.0, 48.0, 96.0, 144.0, 48.0, 96.0, 144.0, 0]
Monitor_t: [60.0, 2.05, 2.05, 2.05, 2.05, 2.54, 2.54, 2.54, 7.51, 7.51, 7.51, 7.51, 3.93, 3.93, 3.93, 3.33, 3.33, 3.33, 3.33, 1.97, 1.97, 1.97, 3.72, 3.72, 3.72, 4.6, 4.6, 4.6, 0.0]
~~~~~~~~~~~~~~~~~~~ Comparing the results ~~~~~~~~~~~~~~~~~~~
***** lp_objective: 48.0
***** lp_Sol_time: 64.184
     Drone (1):
          2          | 6          | 1          | 23         | 1          | 15         | 25        
s_times   0.0        | 59.15      | 110.91     | 205.98     | 242.88     | 367.46     | 403.69    
c_times   46.93      | 61.69      | 170.91     | 209.7      | 302.88     | 371.39     | 407.41    
travels   12.22      | 49.22      | 35.07      | 33.18      | 64.58      | 32.3       | 0.0       
charges   673.07     | 658.31     | 720.0      | 681.21     | 720.0      | 651.49     | 615.47    
~~~~~~~~~~~~~~~~~~~~~~~~~~~~~~~~~~~~~~~~~~
     Drone (2):
          16         | 27         | 1          | 24         | 1          | 19         | 12        
s_times   0.0        | 98.73      | 135.24     | 230.31     | 267.21     | 387.64     | 418.32    
c_times   63.76      | 103.33     | 195.24     | 234.03     | 327.21     | 390.97     | 425.83    
travels   34.97      | 31.91      | 35.07      | 33.18      | 60.43      | 27.35      | 0.0       
charges   656.24     | 616.67     | 720.0      | 681.21     | 720.0      | 656.24     | 621.38    
~~~~~~~~~~~~~~~~~~~~~~~~~~~~~~~~~~~~~~~~~~
     Drone (3):
          13         | 17         | 1          | 1          | 22         | 28         | 11        
s_times   0.0        | 79.49      | 145.58     | 205.58     | 308.03     | 330.83     | 388.05    
c_times   68.51      | 82.82      | 205.58     | 265.58     | 310.0      | 335.43     | 395.56    
travels   10.98      | 62.76      | 1000.0     | 42.45      | 20.83      | 52.62      | 0.0       
charges   651.49     | 637.18     | 720.0      | 720.0      | 675.58     | 650.15     | 590.02    
~~~~~~~~~~~~~~~~~~~~~~~~~~~~~~~~~~~~~~~~~~
     Drone (4):
          26         | 1          | 7          | 14         | 5          | 21         | 1         
s_times   0.0        | 65.32      | 174.98     | 192.91     | 219.57     | 224.45     | 269.54    
c_times   33.41      | 125.32     | 177.52     | 196.84     | 221.62     | 226.42     | 329.54    
travels   31.91      | 49.66      | 15.39      | 22.73      | 2.83       | 43.12      | 0.0       
charges   686.59     | 720.0      | 667.8      | 648.48     | 623.7      | 618.9      | 720.0     
~~~~~~~~~~~~~~~~~~~~~~~~~~~~~~~~~~~~~~~~~~
     Drone (5):
          9          | 18         | 3          | 20         | 4          | 10         | 8         
s_times   0.0        | 118.26     | 142.65     | 147.53     | 151.62     | 184.03     | 229.52    
c_times   80.91      | 121.59     | 144.7      | 149.5      | 153.67     | 191.54     | 232.06    
travels   37.35      | 21.06      | 2.83       | 2.12       | 30.36      | 37.98      | 0.0       
charges   639.09     | 598.41     | 575.3      | 570.5      | 566.33     | 528.46     | 487.94    
~~~~~~~~~~~~~~~~~~~~~~~~~~~~~~~~~~~~~~~~~~
***** nlp_objective: 48.0
***** nlp_Sol_time: 2656.301
     Drone (1):
          23         | 10         | 13         | 1          | 15         | 8          | 25        
s_times   0.0        | 85.53      | 124.09     | 194.85     | 319.43     | 341.18     | 358.36    
c_times   38.79      | 93.04      | 128.02     | 254.85     | 323.36     | 343.72     | 362.08    
travels   46.74      | 31.05      | 66.83      | 64.58      | 17.82      | 14.64      | 0.0       
charges   681.21     | 626.96     | 591.98     | 720.0      | 651.49     | 631.13     | 612.77    
~~~~~~~~~~~~~~~~~~~~~~~~~~~~~~~~~~~~~~~~~~
     Drone (2):
          9          | 1          | 18         | 1          | 12         | 4          | 22        
s_times   0.0        | 156.94     | 277.37     | 343.46     | 476.86     | 518.94     | 523.82    
c_times   80.91      | 216.94     | 280.7      | 403.46     | 484.37     | 520.99     | 525.79    
travels   76.03      | 60.43      | 62.76      | 73.4       | 34.57      | 2.83       | 0.0       
charges   639.09     | 720.0      | 656.24     | 720.0      | 639.09     | 602.47     | 597.67    
~~~~~~~~~~~~~~~~~~~~~~~~~~~~~~~~~~~~~~~~~~
     Drone (3):
          26         | 1          | 17         | 21         | 14         | 1          | 3         
s_times   0.0        | 65.32      | 185.75     | 211.69     | 237.2      | 307.96     | 412.84    
c_times   33.41      | 125.32     | 189.08     | 213.66     | 241.13     | 367.96     | 414.89    
travels   31.91      | 60.43      | 22.61      | 23.54      | 66.83      | 44.88      | 0.0       
charges   686.59     | 720.0      | 656.24     | 631.66     | 604.19     | 720.0      | 673.07    
~~~~~~~~~~~~~~~~~~~~~~~~~~~~~~~~~~~~~~~~~~
     Drone (4):
          2          | 7          | 1          | 1          | 28         | 19         | 5         
s_times   0.0        | 59.15      | 110.91     | 1170.91    | 1259.72    | 1295.19    | 1319.58   
c_times   46.93      | 61.69      | 170.91     | 1230.91    | 1264.32    | 1298.52    | 1321.63   
travels   12.22      | 49.22      | 1000.0     | 28.81      | 30.87      | 21.06      | 0.0       
charges   673.07     | 658.31     | 720.0      | 720.0      | 686.59     | 652.39     | 629.28    
~~~~~~~~~~~~~~~~~~~~~~~~~~~~~~~~~~~~~~~~~~
     Drone (5):
          20         | 6          | 27         | 16         | 11         | 1          | 24        
s_times   0.0        | 56.41      | 81.68      | 117.15     | 147.83     | 231.37     | 326.44    
c_times   44.42      | 58.95      | 86.28      | 120.48     | 155.34     | 291.37     | 330.16    
travels   11.99      | 22.73      | 30.87      | 27.35      | 76.03      | 35.07      | 0.0       
charges   675.58     | 661.05     | 633.72     | 599.52     | 564.66     | 720.0      | 681.21    
~~~~~~~~~~~~~~~~~~~~~~~~~~~~~~~~~~~~~~~~~~
