~~~~~~~~~~~~~~~~~~~ [2, 'SB', 6, 360, 120] ~~~~~~~~~~~~~~~~~~~
 Families: [[1], [2, 3], [4, 5, 6], [7, 8], [9, 10, 11], [12]]
Due_dates: [1440, 720.0, 1440.0, 480.0, 960.0, 1440.0, 720.0, 1440.0, 480.0, 960.0, 1440.0, 1440]
Ear_dates: [0, 72.0, 144.0, 48.0, 96.0, 144.0, 72.0, 144.0, 48.0, 96.0, 144.0, 0]
Monitor_t: [60.0, 2.02, 2.02, 0.68, 0.68, 0.68, 1.68, 1.68, 3.58, 3.58, 3.58, 0.0]
~~~~~~~~~~~~~~~~~~~ Comparing the results ~~~~~~~~~~~~~~~~~~~
***** lp_objective: 48.0
***** lp_Sol_time: 2.783
     Drone (1):
          4          | 2          | 1          | 10         | 5          | 3         
s_times   0.0        | 38.14      | 70.09      | 160.43     | 172.55     | 178.08    
c_times   33.29      | 40.16      | 130.09     | 164.01     | 173.23     | 180.1     
travels   4.85       | 29.93      | 30.34      | 8.54       | 4.85       | 0.0       
charges   326.71     | 319.84     | 360.0      | 326.08     | 316.86     | 309.99    
~~~~~~~~~~~~~~~~~~~~~~~~~~~~~~~~~~~~~~~~~~
     Drone (2):
          9          | 1          | 7          | 11         | 8          | 6         
s_times   0.0        | 67.55      | 159.56     | 174.33     | 188.84     | 194.66    
c_times   33.92      | 127.55     | 161.24     | 177.91     | 190.52     | 195.34    
travels   33.63      | 32.01      | 13.09      | 10.93      | 4.14       | 0.0       
charges   326.08     | 360.0      | 326.31     | 309.64     | 297.03     | 292.21    
~~~~~~~~~~~~~~~~~~~~~~~~~~~~~~~~~~~~~~~~~~
***** nlp_objective: 48.0
***** nlp_Sol_time: 19.13
     Drone (1):
          4          | 7          | 2          | 10         | 5          | 1         
s_times   0.0        | 36.44      | 43.26      | 54.68      | 66.8       | 100.23    
c_times   33.29      | 38.12      | 45.28      | 58.26      | 67.48      | 160.23    
travels   3.15       | 5.14       | 9.4        | 8.54       | 32.75      | 0.0       
charges   326.71     | 321.88     | 314.72     | 301.74     | 292.52     | 360.0     
~~~~~~~~~~~~~~~~~~~~~~~~~~~~~~~~~~~~~~~~~~
     Drone (2):
          9          | 1          | 3          | 6          | 11         | 8         
s_times   0.0        | 67.55      | 155.49     | 160.22     | 170.03     | 184.54    
c_times   33.92      | 127.55     | 157.51     | 160.9      | 173.61     | 186.22    
travels   33.63      | 27.94      | 2.71       | 9.13       | 10.93      | 0.0       
charges   326.08     | 360.0      | 330.04     | 326.65     | 313.94     | 301.33    
~~~~~~~~~~~~~~~~~~~~~~~~~~~~~~~~~~~~~~~~~~
