~~~~~~~~~~~~~~~~~~~ [3, 'RS', 5, 360] ~~~~~~~~~~~~~~~~~~~
     seed: 1756212420844415999
 Families: [[1], [2, 3, 4], [5, 6], [7, 8], [9, 10], [11]]
  i_times: [750.0, 210.0, 1110.0, 930.0]
Fam slots: [[0, 5, 7], [5, 7], [0, 7], [1, 7]]
Ear_dates: [0, 0.0, 900.0, 1260.0, 900.0, 1260.0, 0.0, 1260.0, 180.0, 1260.0, 0]
Due_dates: [1440, 180.0, 1080.0, 1440.0, 1080.0, 1440.0, 180.0, 1440.0, 360.0, 1440.0, 1440]
Monitor_t: [60.0, 2.94, 2.94, 2.94, 1.03, 1.03, 1.66, 1.66, 1.4, 1.4, 0.0]
~~~~~~~~~~~~~~~~~~~ Comparing the results ~~~~~~~~~~~~~~~~~~~
***** lp_Variables: 2432
***** lp_Constraints: 4429
***** lp_objective: 14.089999998490248
***** lp_Sol_time: 6.569
     Drone (1):
          11         | 9          | 11         | 11         | 5         
s_times   0.0        | 333.56     | 341.93     | 341.93     | 1072.43   
c_times   327.72     | 334.96     | 341.93     | 1061.65    | 1073.46   
travels   5.84       | 6.97       | 0.0        | 10.78      | 0.0       
charges   360.0      | 352.76     | 345.79     | 345.79     | 333.98    
~~~~~~~~~~~~~~~~~~~~~~~~~~~~~~~~~~~~~~~~~~
     Drone (2):
          11         | 8          | 10         | 6          | 4         
s_times   0.0        | 1245.91    | 1264.96    | 1283.46    | 1303.72   
c_times   1225.87    | 1247.57    | 1266.36    | 1284.49    | 1306.66   
travels   20.04      | 17.39      | 17.1       | 19.23      | 0.0       
charges   360.0      | 338.3      | 319.51     | 301.38     | 279.21    
~~~~~~~~~~~~~~~~~~~~~~~~~~~~~~~~~~~~~~~~~~
     Drone (3):
          11         | 2          | 7          | 11         | 3         
s_times   0.0        | 132.97     | 178.34     | 201.67     | 885.91    
c_times   113.08     | 135.91     | 180.0      | 866.02     | 888.85    
travels   19.89      | 42.43      | 21.67      | 19.89      | 0.0       
charges   360.0      | 337.17     | 293.08     | 271.41     | 248.58    
~~~~~~~~~~~~~~~~~~~~~~~~~~~~~~~~~~~~~~~~~~
***** nlp_Variables: 377
***** nlp_Constraints: 106
***** nlp_objective: 14.089999998490521
***** nlp_Sol_time: 20.445
     Drone (1):
          11         | 6          | 10         | 8          | 4         
s_times   0.0        | 1245.91    | 1263.35    | 1279.1     | 1321.99   
c_times   1235.13    | 1246.94    | 1264.75    | 1280.76    | 1324.93   
travels   10.78      | 16.41      | 14.35      | 41.23      | 0.0       
charges   360.0      | 348.19     | 330.38     | 314.37     | 270.2     
~~~~~~~~~~~~~~~~~~~~~~~~~~~~~~~~~~~~~~~~~~
     Drone (2):
          11         | 9          | 11         | 3          | 1         
s_times   0.0        | 358.6      | 366.97     | 885.91     | 954.34    
c_times   352.76     | 360.0      | 866.02     | 888.85     | 1014.34   
travels   5.84       | 6.97       | 19.89      | 65.49      | 0.0       
charges   360.0      | 352.76     | 345.79     | 322.96     | 360.0     
~~~~~~~~~~~~~~~~~~~~~~~~~~~~~~~~~~~~~~~~~~
     Drone (3):
          11         | 2          | 7          | 11         | 5         
s_times   0.0        | 132.97     | 178.34     | 201.67     | 1034.88   
c_times   113.08     | 135.91     | 180.0      | 1024.1     | 1035.91   
travels   19.89      | 42.43      | 21.67      | 10.78      | 0.0       
charges   360.0      | 337.17     | 293.08     | 271.41     | 259.6     
~~~~~~~~~~~~~~~~~~~~~~~~~~~~~~~~~~~~~~~~~~
