~~~~~~~~~~~~~~~~~~~ [3, 'SB', 5, 120] ~~~~~~~~~~~~~~~~~~~
     seed: 3750512493661736614
 Families: [[1], [2, 3], [4, 5, 6], [7, 8], [9, 10, 11], [12]]
  i_times: [210.0, 30.0, 210.0, 210.0]
Fam slots: [[4, 6], [3, 4, 5], [3, 5], [1, 2, 4]]
Ear_dates: [0, 720.0, 1080.0, 540.0, 720.0, 900.0, 540.0, 900.0, 180.0, 360.0, 720.0, 0]
Due_dates: [1440, 900.0, 1260.0, 720.0, 900.0, 1080.0, 720.0, 1080.0, 360.0, 540.0, 900.0, 1440]
Monitor_t: [60.0, 2.02, 2.02, 0.68, 0.68, 0.68, 1.68, 1.68, 3.58, 3.58, 3.58, 0.0]
~~~~~~~~~~~~~~~~~~~ Comparing the results ~~~~~~~~~~~~~~~~~~~
***** lp_Variables: 2807
***** lp_Constraints: 5104
***** lp_objective: 137.38999998616086
***** lp_Sol_time: 17.781
     Drone (1):
          12         | 4          | 11         | 2          | 5         
s_times   0.0        | 709.96     | 719.77     | 733.02     | 737.75    
c_times   707.78     | 710.64     | 723.35     | 735.04     | 738.43    
travels   2.18       | 9.13       | 9.67       | 2.71       | 0.0       
charges   120.0      | 117.14     | 104.43     | 92.74      | 89.35     
~~~~~~~~~~~~~~~~~~~~~~~~~~~~~~~~~~~~~~~~~~
     Drone (2):
          12         | 9          | 12         | 10         | 7         
s_times   0.0        | 322.84     | 333.68     | 536.42     | 550.93    
c_times   315.04     | 326.42     | 528.62     | 540.0      | 552.61    
travels   7.8        | 7.26       | 7.8        | 10.93      | 0.0       
charges   120.0      | 108.62     | 101.36     | 89.98      | 77.37     
~~~~~~~~~~~~~~~~~~~~~~~~~~~~~~~~~~~~~~~~~~
     Drone (3):
          12         | 8          | 6          | 12         | 3         
s_times   0.0        | 762.61     | 768.43     | 771.03     | 945.04    
c_times   758.68     | 764.29     | 769.11     | 941.68     | 947.06    
travels   3.93       | 4.14       | 1.92       | 3.36       | 0.0       
charges   120.0      | 114.39     | 109.57     | 107.65     | 102.27    
~~~~~~~~~~~~~~~~~~~~~~~~~~~~~~~~~~~~~~~~~~
***** nlp_Variables: 407
***** nlp_Constraints: 109
***** nlp_objective: 137.3899999861521
***** nlp_Sol_time: 40.998
     Drone (1):
          12         | 9          | 12         | 8          | 6         
s_times   0.0        | 322.84     | 333.68     | 762.61     | 768.43    
c_times   315.04     | 326.42     | 758.68     | 764.29     | 769.11    
travels   7.8        | 7.26       | 3.93       | 4.14       | 0.0       
charges   120.0      | 108.62     | 101.36     | 95.75      | 90.93     
~~~~~~~~~~~~~~~~~~~~~~~~~~~~~~~~~~~~~~~~~~
     Drone (2):
          12         | 4          | 11         | 2          | 5         
s_times   0.0        | 710.57     | 720.38     | 733.63     | 738.36    
c_times   708.39     | 711.25     | 723.96     | 735.65     | 739.04    
travels   2.18       | 9.13       | 9.67       | 2.71       | 0.0       
charges   120.0      | 117.14     | 104.43     | 92.74      | 89.35     
~~~~~~~~~~~~~~~~~~~~~~~~~~~~~~~~~~~~~~~~~~
     Drone (3):
          12         | 10         | 7          | 12         | 3         
s_times   0.0        | 536.42     | 550.93     | 557.97     | 945.65    
c_times   528.62     | 540.0      | 552.61     | 942.29     | 947.67    
travels   7.8        | 10.93      | 5.36       | 3.36       | 0.0       
charges   120.0      | 108.62     | 96.01      | 90.65      | 85.27     
~~~~~~~~~~~~~~~~~~~~~~~~~~~~~~~~~~~~~~~~~~
