~~~~~~~~~~~~~~~~~~~ [3, 'SB', 5, 120] ~~~~~~~~~~~~~~~~~~~
     seed: 6052549677628768700
 Families: [[1], [2, 3], [4, 5, 6], [7, 8], [9, 10, 11], [12]]
  i_times: [930.0, 750.0, 750.0, 570.0]
Fam slots: [[0, 6], [0, 2, 7], [1, 6], [1, 3, 7]]
Ear_dates: [0, 0.0, 1080.0, 0.0, 360.0, 1260.0, 180.0, 1080.0, 180.0, 540.0, 1260.0, 0]
Due_dates: [1440, 180.0, 1260.0, 180.0, 540.0, 1440.0, 360.0, 1260.0, 360.0, 720.0, 1440.0, 1440]
Monitor_t: [60.0, 2.02, 2.02, 0.68, 0.68, 0.68, 1.68, 1.68, 3.58, 3.58, 3.58, 0.0]
~~~~~~~~~~~~~~~~~~~ Comparing the results ~~~~~~~~~~~~~~~~~~~
***** lp_Variables: 2807
***** lp_Constraints: 5104
***** lp_objective: 109.83999998882857
***** lp_Sol_time: 25.332
     Drone (1):
          12         | 10         | 12         | 3          | 8         
s_times   0.0        | 586.39     | 597.23     | 970.16     | 975.01    
c_times   578.59     | 589.97     | 966.8      | 972.18     | 976.69    
travels   7.8        | 7.26       | 3.36       | 2.83       | 0.0       
charges   120.0      | 108.62     | 101.36     | 95.98      | 91.47     
~~~~~~~~~~~~~~~~~~~~~~~~~~~~~~~~~~~~~~~~~~
     Drone (2):
          4          | 2          | 12         | 7          | 9         
s_times   0.0        | 38.14      | 42.26      | 237.91     | 252.68    
c_times   33.29      | 40.16      | 233.98     | 239.59     | 256.26    
travels   4.85       | 2.1        | 3.93       | 13.09      | 0.0       
charges   86.71      | 79.84      | 77.74      | 72.13      | 55.46     
~~~~~~~~~~~~~~~~~~~~~~~~~~~~~~~~~~~~~~~~~~
     Drone (3):
          12         | 5          | 12         | 6          | 11        
s_times   0.0        | 399.48     | 402.08     | 1150.16    | 1159.97   
c_times   397.3      | 400.16     | 1147.98    | 1150.84    | 1163.55   
travels   2.18       | 1.92       | 2.18       | 9.13       | 0.0       
charges   120.0      | 117.14     | 115.22     | 112.36     | 99.65     
~~~~~~~~~~~~~~~~~~~~~~~~~~~~~~~~~~~~~~~~~~
***** nlp_Variables: 407
***** nlp_Constraints: 109
***** nlp_objective: 109.83999998886924
***** nlp_Sol_time: 66.195
     Drone (1):
          12         | 10         | 12         | 3          | 8         
s_times   0.0        | 576.58     | 587.42     | 970.16     | 975.01    
c_times   568.78     | 580.16     | 966.8      | 972.18     | 976.69    
travels   7.8        | 7.26       | 3.36       | 2.83       | 0.0       
charges   120.0      | 108.62     | 101.36     | 95.98      | 91.47     
~~~~~~~~~~~~~~~~~~~~~~~~~~~~~~~~~~~~~~~~~~
     Drone (2):
          12         | 7          | 9          | 1          | 5         
s_times   0.0        | 267.01     | 281.78     | 318.99     | 411.6     
c_times   263.08     | 268.69     | 285.36     | 378.99     | 412.28    
travels   3.93       | 13.09      | 33.63      | 32.61      | 0.0       
charges   120.0      | 114.39     | 97.72      | 120.0      | 86.71     
~~~~~~~~~~~~~~~~~~~~~~~~~~~~~~~~~~~~~~~~~~
     Drone (3):
          4          | 2          | 12         | 11         | 6         
s_times   0.0        | 38.14      | 42.26      | 1150.16    | 1162.28   
c_times   33.29      | 40.16      | 1142.36    | 1153.74    | 1162.96   
travels   4.85       | 2.1        | 7.8        | 8.54       | 0.0       
charges   86.71      | 79.84      | 77.74      | 66.36      | 57.14     
~~~~~~~~~~~~~~~~~~~~~~~~~~~~~~~~~~~~~~~~~~
