~~~~~~~~~~~~~~~~~~~ [3, 'SB', 5, 120] ~~~~~~~~~~~~~~~~~~~
     seed: 294783262169012656
 Families: [[1], [2, 3], [4, 5, 6], [7, 8], [9, 10, 11], [12]]
  i_times: [570.0, 390.0, 390.0, 390.0]
Fam slots: [[3, 7], [1, 3, 6], [1, 4], [1, 2, 5]]
Ear_dates: [0, 540.0, 1260.0, 180.0, 540.0, 1080.0, 180.0, 720.0, 180.0, 360.0, 900.0, 0]
Due_dates: [1440, 720.0, 1440.0, 360.0, 720.0, 1260.0, 360.0, 900.0, 360.0, 540.0, 1080.0, 1440]
Monitor_t: [60.0, 2.02, 2.02, 0.68, 0.68, 0.68, 1.68, 1.68, 3.58, 3.58, 3.58, 0.0]
~~~~~~~~~~~~~~~~~~~ Comparing the results ~~~~~~~~~~~~~~~~~~~
***** lp_Variables: 2822
***** lp_Constraints: 5104
***** lp_objective: 135.22999998637673
***** lp_Sol_time: 25.31
     Drone (1):
          12         | 8          | 11         | 12         | 6         
s_times   0.0        | 750.0      | 764.77     | 775.61     | 1110.0    
c_times   746.07     | 751.68     | 768.35     | 1107.82    | 1110.68   
travels   3.93       | 13.09      | 7.26       | 2.18       | 0.0       
charges   120.0      | 114.39     | 97.72      | 90.46      | 87.6      
~~~~~~~~~~~~~~~~~~~~~~~~~~~~~~~~~~~~~~~~~~
     Drone (2):
          12         | 2          | 5          | 12         | 3         
s_times   0.0        | 714.59     | 719.32     | 721.92     | 1124.77   
c_times   711.23     | 716.61     | 720.0      | 1121.41    | 1126.79   
travels   3.36       | 2.71       | 1.92       | 3.36       | 0.0       
charges   120.0      | 114.62     | 111.23     | 109.31     | 103.93    
~~~~~~~~~~~~~~~~~~~~~~~~~~~~~~~~~~~~~~~~~~
     Drone (3):
          12         | 4          | 9          | 7          | 10        
s_times   0.0        | 334.0      | 343.81     | 358.32     | 373.09    
c_times   331.82     | 334.68     | 347.39     | 360.0      | 376.67    
travels   2.18       | 9.13       | 10.93      | 13.09      | 0.0       
charges   120.0      | 117.14     | 104.43     | 91.82      | 75.15     
~~~~~~~~~~~~~~~~~~~~~~~~~~~~~~~~~~~~~~~~~~
***** nlp_Variables: 407
***** nlp_Constraints: 109
***** nlp_objective: 135.22999998637565
***** nlp_Sol_time: 21.066
     Drone (1):
          12         | 5          | 2          | 12         | 3         
s_times   0.0        | 712.45     | 717.98     | 722.1      | 1131.64   
c_times   710.27     | 713.13     | 720.0      | 1128.28    | 1133.66   
travels   2.18       | 4.85       | 2.1        | 3.36       | 0.0       
charges   120.0      | 117.14     | 110.27     | 108.17     | 102.79    
~~~~~~~~~~~~~~~~~~~~~~~~~~~~~~~~~~~~~~~~~~
     Drone (2):
          12         | 8          | 11         | 12         | 6         
s_times   0.0        | 750.0      | 764.77     | 775.61     | 944.77    
c_times   746.07     | 751.68     | 768.35     | 942.59     | 945.45    
travels   3.93       | 13.09      | 7.26       | 2.18       | 0.0       
charges   120.0      | 114.39     | 97.72      | 90.46      | 87.6      
~~~~~~~~~~~~~~~~~~~~~~~~~~~~~~~~~~~~~~~~~~
     Drone (3):
          12         | 9          | 4          | 7          | 10        
s_times   0.0        | 342.37     | 354.49     | 358.32     | 373.09    
c_times   334.57     | 345.95     | 355.17     | 360.0      | 376.67    
travels   7.8        | 8.54       | 3.15       | 13.09      | 0.0       
charges   120.0      | 108.62     | 99.4       | 94.57      | 77.9      
~~~~~~~~~~~~~~~~~~~~~~~~~~~~~~~~~~~~~~~~~~
