~~~~~~~~~~~~~~~~~~~ [3, 'SB', 5, 120] ~~~~~~~~~~~~~~~~~~~
     seed: 8265371538407131922
 Families: [[1], [2, 3], [4, 5, 6], [7, 8], [9, 10, 11], [12]]
  i_times: [570.0, 210.0, 30.0, 210.0]
Fam slots: [[3, 7], [3, 5, 6], [0, 1], [3, 5, 6]]
Ear_dates: [0, 540.0, 1260.0, 540.0, 900.0, 1080.0, 0.0, 180.0, 540.0, 900.0, 1080.0, 0]
Due_dates: [1440, 720.0, 1440.0, 720.0, 1080.0, 1260.0, 180.0, 360.0, 720.0, 1080.0, 1260.0, 1440]
Monitor_t: [60.0, 2.02, 2.02, 0.68, 0.68, 0.68, 1.68, 1.68, 3.58, 3.58, 3.58, 0.0]
~~~~~~~~~~~~~~~~~~~ Comparing the results ~~~~~~~~~~~~~~~~~~~
***** lp_Variables: 2807
***** lp_Constraints: 5104
***** lp_objective: 116.30999998823381
***** lp_Sol_time: 18.483
     Drone (1):
          12         | 10         | 5          | 12         | 3         
s_times   0.0        | 836.31     | 848.43     | 851.03     | 1143.69   
c_times   828.51     | 839.89     | 849.11     | 1140.33    | 1145.71   
travels   7.8        | 8.54       | 1.92       | 3.36       | 0.0       
charges   120.0      | 108.62     | 99.4       | 97.48      | 92.1      
~~~~~~~~~~~~~~~~~~~~~~~~~~~~~~~~~~~~~~~~~~
     Drone (2):
          12         | 8          | 12         | 11         | 6         
s_times   0.0        | 63.69      | 70.73      | 994.37     | 1006.49   
c_times   59.76      | 65.37      | 986.57     | 997.95     | 1007.17   
travels   3.93       | 5.36       | 7.8        | 8.54       | 0.0       
charges   120.0      | 114.39     | 109.03     | 97.65      | 88.43     
~~~~~~~~~~~~~~~~~~~~~~~~~~~~~~~~~~~~~~~~~~
     Drone (3):
          7          | 12         | 4          | 2          | 9         
s_times   0.0        | 39.05      | 699.47     | 705.0      | 716.42    
c_times   33.69      | 697.29     | 700.15     | 707.02     | 720.0     
travels   5.36       | 2.18       | 4.85       | 9.4        | 0.0       
charges   86.31      | 80.95      | 78.09      | 71.22      | 58.24     
~~~~~~~~~~~~~~~~~~~~~~~~~~~~~~~~~~~~~~~~~~
***** nlp_Variables: 407
***** nlp_Constraints: 109
***** nlp_objective: 116.30999998826258
***** nlp_Sol_time: 34.666
     Drone (1):
          7          | 12         | 2          | 9          | 4         
s_times   0.0        | 39.05      | 693.26     | 704.68     | 716.8     
c_times   33.69      | 689.9      | 695.28     | 708.26     | 717.48    
travels   5.36       | 3.36       | 9.4        | 8.54       | 0.0       
charges   86.31      | 80.95      | 75.57      | 62.59      | 53.37     
~~~~~~~~~~~~~~~~~~~~~~~~~~~~~~~~~~~~~~~~~~
     Drone (2):
          12         | 8          | 12         | 10         | 5         
s_times   0.0        | 63.69      | 70.73      | 915.36     | 927.48    
c_times   59.76      | 65.37      | 907.56     | 918.94     | 928.16    
travels   3.93       | 5.36       | 7.8        | 8.54       | 0.0       
charges   120.0      | 114.39     | 109.03     | 97.65      | 88.43     
~~~~~~~~~~~~~~~~~~~~~~~~~~~~~~~~~~~~~~~~~~
     Drone (3):
          12         | 11         | 6          | 3          | 1         
s_times   0.0        | 1126.04    | 1138.16    | 1143.69    | 1175.64   
c_times   1118.24    | 1129.62    | 1138.84    | 1145.71    | 1235.64   
travels   7.8        | 8.54       | 4.85       | 29.93      | 0.0       
charges   120.0      | 108.62     | 99.4       | 92.53      | 120.0     
~~~~~~~~~~~~~~~~~~~~~~~~~~~~~~~~~~~~~~~~~~
