~~~~~~~~~~~~~~~~~~~ [3, 'SB', 5, 120] ~~~~~~~~~~~~~~~~~~~
     seed: 1756212420844415999
 Families: [[1], [2, 3], [4, 5, 6], [7, 8], [9, 10, 11], [12]]
  i_times: [1110.0, 750.0, 30.0, 390.0]
Fam slots: [[0, 7], [0, 5, 7], [0, 1], [2, 5, 7]]
Ear_dates: [0, 0.0, 1260.0, 0.0, 900.0, 1260.0, 0.0, 180.0, 360.0, 900.0, 1260.0, 0]
Due_dates: [1440, 180.0, 1440.0, 180.0, 1080.0, 1440.0, 180.0, 360.0, 540.0, 1080.0, 1440.0, 1440]
Monitor_t: [60.0, 2.02, 2.02, 0.68, 0.68, 0.68, 1.68, 1.68, 3.58, 3.58, 3.58, 0.0]
~~~~~~~~~~~~~~~~~~~ Comparing the results ~~~~~~~~~~~~~~~~~~~
***** lp_Variables: 2822
***** lp_Constraints: 5104
***** lp_objective: 0.0
***** lp_Sol_time: 2.444
     Drone (1):
          12         | 10         | 5          | 12         | 3         
s_times   0.0        | 900.0      | 912.12     | 914.72     | 1260.0    
c_times   892.2      | 903.58     | 912.8      | 1256.64    | 1262.02   
travels   7.8        | 8.54       | 1.92       | 3.36       | 0.0       
charges   120.0      | 108.62     | 99.4       | 97.48      | 92.1      
~~~~~~~~~~~~~~~~~~~~~~~~~~~~~~~~~~~~~~~~~~
     Drone (2):
          12         | 9          | 12         | 11         | 6         
s_times   0.0        | 506.42     | 517.26     | 1260.0     | 1272.12   
c_times   498.62     | 510.0      | 1252.2     | 1263.58    | 1272.8    
travels   7.8        | 7.26       | 7.8        | 8.54       | 0.0       
charges   120.0      | 108.62     | 101.36     | 89.98      | 80.76     
~~~~~~~~~~~~~~~~~~~~~~~~~~~~~~~~~~~~~~~~~~
     Drone (3):
          12         | 7          | 4          | 2          | 8         
s_times   0.0        | 163.8      | 169.62     | 175.15     | 180.0     
c_times   159.87     | 165.48     | 170.3      | 177.17     | 181.68    
travels   3.93       | 4.14       | 4.85       | 2.83       | 0.0       
charges   120.0      | 114.39     | 109.57     | 102.7      | 98.19     
~~~~~~~~~~~~~~~~~~~~~~~~~~~~~~~~~~~~~~~~~~
***** nlp_Variables: 407
***** nlp_Constraints: 109
***** nlp_objective: 0.0
***** nlp_Sol_time: 3.986
     Drone (1):
          12         | 2          | 7          | 4          | 8         
s_times   0.0        | 165.5      | 170.35     | 176.17     | 180.0     
c_times   162.14     | 167.52     | 172.03     | 176.85     | 181.68    
travels   3.36       | 2.83       | 4.14       | 3.15       | 0.0       
charges   120.0      | 114.62     | 110.11     | 105.29     | 100.46    
~~~~~~~~~~~~~~~~~~~~~~~~~~~~~~~~~~~~~~~~~~
     Drone (2):
          12         | 11         | 3          | 6          | 12        
s_times   0.0        | 1264.27    | 1277.52    | 1282.25    | 1284.85   
c_times   1256.47    | 1267.85    | 1279.54    | 1282.93    | 1284.85   
travels   7.8        | 9.67       | 2.71       | 1.92       | 0.0       
charges   120.0      | 108.62     | 96.93      | 93.54      | 91.62     
~~~~~~~~~~~~~~~~~~~~~~~~~~~~~~~~~~~~~~~~~~
     Drone (3):
          12         | 9          | 12         | 5          | 10        
s_times   0.0        | 516.23     | 527.07     | 900.0      | 909.81    
c_times   508.43     | 519.81     | 897.82     | 900.68     | 913.39    
travels   7.8        | 7.26       | 2.18       | 9.13       | 0.0       
charges   120.0      | 108.62     | 101.36     | 98.5       | 85.79     
~~~~~~~~~~~~~~~~~~~~~~~~~~~~~~~~~~~~~~~~~~
