~~~~~~~~~~~~~~~~~~~ [3, 'SB', 5, 120] ~~~~~~~~~~~~~~~~~~~
     seed: 1642587328601346556
 Families: [[1], [2, 3], [4, 5, 6], [7, 8], [9, 10, 11], [12]]
  i_times: [570.0, 390.0, 210.0, 30.0]
Fam slots: [[3, 7], [1, 4, 6], [2, 4], [4, 5, 6]]
Ear_dates: [0, 540.0, 1260.0, 180.0, 720.0, 1080.0, 360.0, 720.0, 720.0, 900.0, 1080.0, 0]
Due_dates: [1440, 720.0, 1440.0, 360.0, 900.0, 1260.0, 540.0, 900.0, 900.0, 1080.0, 1260.0, 1440]
Monitor_t: [60.0, 2.02, 2.02, 0.68, 0.68, 0.68, 1.68, 1.68, 3.58, 3.58, 3.58, 0.0]
~~~~~~~~~~~~~~~~~~~ Comparing the results ~~~~~~~~~~~~~~~~~~~
***** lp_Variables: 2807
***** lp_Constraints: 5104
***** lp_objective: 281.6500000000001
***** lp_Sol_time: 39.006
     Drone (1):
          12         | 11         | 12         | 3          | 6         
s_times   0.0        | 798.35     | 809.19     | 978.35     | 983.08    
c_times   790.55     | 801.93     | 974.99     | 980.37     | 983.76    
travels   7.8        | 7.26       | 3.36       | 2.71       | 0.0       
charges   120.0      | 108.62     | 101.36     | 95.98      | 92.59     
~~~~~~~~~~~~~~~~~~~~~~~~~~~~~~~~~~~~~~~~~~
     Drone (2):
          12         | 4          | 12         | 2          | 7         
s_times   0.0        | 335.0      | 337.6      | 533.47     | 538.32    
c_times   332.82     | 335.68     | 530.11     | 535.49     | 540.0     
travels   2.18       | 1.92       | 3.36       | 2.83       | 0.0       
charges   120.0      | 117.14     | 115.22     | 109.84     | 105.33    
~~~~~~~~~~~~~~~~~~~~~~~~~~~~~~~~~~~~~~~~~~
     Drone (3):
          12         | 5          | 9          | 8          | 10        
s_times   0.0        | 725.68     | 735.49     | 750.0      | 764.77    
c_times   723.5      | 726.36     | 739.07     | 751.68     | 768.35    
travels   2.18       | 9.13       | 10.93      | 13.09      | 0.0       
charges   120.0      | 117.14     | 104.43     | 91.82      | 75.15     
~~~~~~~~~~~~~~~~~~~~~~~~~~~~~~~~~~~~~~~~~~
***** nlp_Variables: 407
***** nlp_Constraints: 109
***** nlp_objective: 281.6500001126918
***** nlp_Sol_time: 536.57
     Drone (1):
          12         | 4          | 12         | 2          | 7         
s_times   0.0        | 445.2517   | 447.8517   | 634.7016   | 639.5516  
c_times   443.0717   | 445.9317   | 631.3416   | 636.7216   | 641.2316  
travels   2.18       | 1.92       | 3.36       | 2.83       | 0.0       
charges   120.0      | 117.14     | 115.22     | 109.84     | 105.33    
~~~~~~~~~~~~~~~~~~~~~~~~~~~~~~~~~~~~~~~~~~
     Drone (2):
          12         | 5          | 9          | 8          | 10        
s_times   0.0        | 826.9116   | 836.7216   | 851.2316   | 866.0016  
c_times   824.7316   | 827.5916   | 840.3016   | 852.9116   | 869.5816  
travels   2.18       | 9.13       | 10.93      | 13.09      | 0.0       
charges   120.0      | 117.14     | 104.43     | 91.82      | 75.15     
~~~~~~~~~~~~~~~~~~~~~~~~~~~~~~~~~~~~~~~~~~
     Drone (3):
          12         | 11         | 12         | 3          | 6         
s_times   0.0        | 899.5816   | 910.4216   | 1128.9895  | 1133.7195 
c_times   891.7816   | 903.1616   | 1125.6295  | 1131.0095  | 1134.3995 
travels   7.8        | 7.26       | 3.36       | 2.71       | 0.0       
charges   120.0      | 108.62     | 101.36     | 95.98      | 92.59     
~~~~~~~~~~~~~~~~~~~~~~~~~~~~~~~~~~~~~~~~~~
