~~~~~~~~~~~~~~~~~~~ [3, 'SB', 5, 120] ~~~~~~~~~~~~~~~~~~~
     seed: 3729404143837591753
 Families: [[1], [2, 3], [4, 5, 6], [7, 8], [9, 10, 11], [12]]
  i_times: [210.0, 30.0, 390.0, 390.0]
Fam slots: [[0, 2], [5, 6, 7], [4, 7], [0, 3, 4]]
Ear_dates: [0, 0.0, 360.0, 900.0, 1080.0, 1260.0, 720.0, 1260.0, 0.0, 540.0, 720.0, 0]
Due_dates: [1440, 180.0, 540.0, 1080.0, 1260.0, 1440.0, 900.0, 1440.0, 180.0, 720.0, 900.0, 1440]
Monitor_t: [60.0, 2.02, 2.02, 0.68, 0.68, 0.68, 1.68, 1.68, 3.58, 3.58, 3.58, 0.0]
~~~~~~~~~~~~~~~~~~~ Comparing the results ~~~~~~~~~~~~~~~~~~~
***** lp_Variables: 2807
***** lp_Constraints: 5104
***** lp_objective: 146.16999998528286
***** lp_Sol_time: 19.52
     Drone (1):
          9          | 12         | 5          | 8          | 6         
s_times   0.0        | 41.18      | 1110.0     | 1113.83    | 1119.65   
c_times   33.92      | 1107.82    | 1110.68    | 1115.51    | 1120.33   
travels   7.26       | 2.18       | 3.15       | 4.14       | 0.0       
charges   86.08      | 78.82      | 75.96      | 71.13      | 66.31     
~~~~~~~~~~~~~~~~~~~~~~~~~~~~~~~~~~~~~~~~~~
     Drone (2):
          2          | 12         | 10         | 12         | 4         
s_times   0.0        | 32.06      | 423.92     | 434.76     | 1079.32   
c_times   29.96      | 416.12     | 427.5      | 1077.14    | 1080.0    
travels   2.1        | 7.8        | 7.26       | 2.18       | 0.0       
charges   90.04      | 87.94      | 76.56      | 69.3       | 66.44     
~~~~~~~~~~~~~~~~~~~~~~~~~~~~~~~~~~~~~~~~~~
     Drone (3):
          12         | 3          | 12         | 7          | 11        
s_times   0.0        | 213.83     | 217.95     | 722.15     | 736.92    
c_times   210.47     | 215.85     | 718.22     | 723.83     | 740.5     
travels   3.36       | 2.1        | 3.93       | 13.09      | 0.0       
charges   120.0      | 114.62     | 112.52     | 106.91     | 90.24     
~~~~~~~~~~~~~~~~~~~~~~~~~~~~~~~~~~~~~~~~~~
***** nlp_Variables: 407
***** nlp_Constraints: 109
***** nlp_objective: 146.16999998528644
***** nlp_Sol_time: 32.867
     Drone (1):
          2          | 12         | 5          | 8          | 6         
s_times   0.0        | 32.06      | 1136.13    | 1139.96    | 1145.78   
c_times   29.96      | 1133.95    | 1136.81    | 1141.64    | 1146.46   
travels   2.1        | 2.18       | 3.15       | 4.14       | 0.0       
charges   90.04      | 87.94      | 85.08      | 80.25      | 75.43     
~~~~~~~~~~~~~~~~~~~~~~~~~~~~~~~~~~~~~~~~~~
     Drone (2):
          9          | 12         | 3          | 12         | 10        
s_times   0.0        | 41.18      | 239.96     | 244.08     | 423.92    
c_times   33.92      | 236.6      | 241.98     | 416.12     | 427.5     
travels   7.26       | 3.36       | 2.1        | 7.8        | 0.0       
charges   86.08      | 78.82      | 73.44      | 71.34      | 59.96     
~~~~~~~~~~~~~~~~~~~~~~~~~~~~~~~~~~~~~~~~~~
     Drone (3):
          12         | 7          | 11         | 12         | 4         
s_times   0.0        | 802.73     | 817.5      | 828.34     | 1105.45   
c_times   798.8      | 804.41     | 821.08     | 1103.27    | 1106.13   
travels   3.93       | 13.09      | 7.26       | 2.18       | 0.0       
charges   120.0      | 114.39     | 97.72      | 90.46      | 87.6      
~~~~~~~~~~~~~~~~~~~~~~~~~~~~~~~~~~~~~~~~~~
