~~~~~~~~~~~~~~~~~~~ [3, 'SB', 5, 120] ~~~~~~~~~~~~~~~~~~~
     seed: 5434789834338051980
 Families: [[1], [2, 3], [4, 5, 6], [7, 8], [9, 10, 11], [12]]
  i_times: [30.0, 390.0, 750.0, 750.0]
Fam slots: [[0, 1], [2, 4, 7], [1, 6], [0, 5, 7]]
Ear_dates: [0, 0.0, 180.0, 360.0, 720.0, 1260.0, 180.0, 1080.0, 0.0, 900.0, 1260.0, 0]
Due_dates: [1440, 180.0, 360.0, 540.0, 900.0, 1440.0, 360.0, 1260.0, 180.0, 1080.0, 1440.0, 1440]
Monitor_t: [60.0, 2.02, 2.02, 0.68, 0.68, 0.68, 1.68, 1.68, 3.58, 3.58, 3.58, 0.0]
~~~~~~~~~~~~~~~~~~~ Comparing the results ~~~~~~~~~~~~~~~~~~~
***** lp_Variables: 2822
***** lp_Constraints: 5104
***** lp_objective: 127.38999997427103
***** lp_Sol_time: 26.618
     Drone (1):
          2          | 9          | 3          | 12         | 5         
s_times   0.0        | 39.36      | 52.61      | 56.73      | 754.82    
c_times   29.96      | 42.94      | 54.63      | 752.64     | 755.5     
travels   9.4        | 9.67       | 2.1        | 2.18       | 0.0       
charges   90.04      | 77.06      | 65.37      | 63.27      | 60.41     
~~~~~~~~~~~~~~~~~~~~~~~~~~~~~~~~~~~~~~~~~~
     Drone (2):
          12         | 8          | 12         | 6          | 11        
s_times   0.0        | 952.61     | 959.65     | 1145.5     | 1155.31   
c_times   948.68     | 954.29     | 1143.32    | 1146.18    | 1158.89   
travels   3.93       | 5.36       | 2.18       | 9.13       | 0.0       
charges   120.0      | 114.39     | 109.03     | 106.17     | 93.46     
~~~~~~~~~~~~~~~~~~~~~~~~~~~~~~~~~~~~~~~~~~
     Drone (3):
          12         | 7          | 4          | 12         | 10        
s_times   0.0        | 358.32     | 364.14     | 366.74     | 772.61    
c_times   354.39     | 360.0      | 364.82     | 764.81     | 776.19    
travels   3.93       | 4.14       | 1.92       | 7.8        | 0.0       
charges   120.0      | 114.39     | 109.57     | 107.65     | 96.27     
~~~~~~~~~~~~~~~~~~~~~~~~~~~~~~~~~~~~~~~~~~
***** nlp_Variables: 407
***** nlp_Constraints: 109
***** nlp_objective: 127.38999998714961
***** nlp_Sol_time: 66.223
     Drone (1):
          12         | 4          | 12         | 11         | 6         
s_times   0.0        | 394.05     | 396.65     | 1163.29    | 1175.41   
c_times   391.87     | 394.73     | 1155.49    | 1166.87    | 1176.09   
travels   2.18       | 1.92       | 7.8        | 8.54       | 0.0       
charges   120.0      | 117.14     | 115.22     | 103.84     | 94.62     
~~~~~~~~~~~~~~~~~~~~~~~~~~~~~~~~~~~~~~~~~~
     Drone (2):
          12         | 10         | 5          | 12         | 8         
s_times   0.0        | 772.61     | 784.73     | 787.33     | 952.61    
c_times   764.81     | 776.19     | 785.41     | 948.68     | 954.29    
travels   7.8        | 8.54       | 1.92       | 3.93       | 0.0       
charges   120.0      | 108.62     | 99.4       | 97.48      | 91.87     
~~~~~~~~~~~~~~~~~~~~~~~~~~~~~~~~~~~~~~~~~~
     Drone (3):
          2          | 0          | 0          | 12         | 7         
s_times   0.0        | 39.36      | 52.61      | 56.73      | 200.93    
c_times   29.96      | 42.94      | 54.63      | 197.0      | 202.61    
travels   2.1        | 0.0        | 0.0        | 3.93       | 0.0       
charges   90.04      | 77.06      | 65.37      | 63.27      | 57.66     
~~~~~~~~~~~~~~~~~~~~~~~~~~~~~~~~~~~~~~~~~~
