~~~~~~~~~~~~~~~~~~~ [5, 'SB_RS_LA', 11, 720, 1200] ~~~~~~~~~~~~~~~~~~~
 Families: [[1], [2, 3], [4, 5, 6], [7, 8], [9, 10, 11], [12, 13, 14], [15, 16], [17, 18], [19, 20], [21, 22, 23, 24], [25, 26, 27], [28, 29, 30, 31], [32, 33, 34], [35, 36, 37, 38], [39, 40, 41], [42, 43, 44], [45, 46, 47], [48], [49], [50]]
Due_dates: [1440, 720.0, 1440.0, 480.0, 960.0, 1440.0, 720.0, 1440.0, 480.0, 960.0, 1440.0, 480.0, 960.0, 1440.0, 720.0, 1440.0, 720.0, 1440.0, 720.0, 1440.0, 360.0, 720.0, 1080.0, 1440.0, 480.0, 960.0, 1440.0, 360.0, 720.0, 1080.0, 1440.0, 480.0, 960.0, 1440.0, 360.0, 720.0, 1080.0, 1440.0, 480.0, 960.0, 1440.0, 480.0, 960.0, 1440.0, 480.0, 960.0, 1440.0, 1440, 1440, 1440]
Ear_dates: [0, 0.0, 0.0, 0.0, 0.0, 0.0, 0.0, 0.0, 0.0, 0.0, 0.0, 0.0, 0.0, 0.0, 0.0, 0.0, 0.0, 0.0, 0.0, 0.0, 0.0, 0.0, 0.0, 0.0, 0.0, 0.0, 0.0, 0.0, 0.0, 0.0, 0.0, 0.0, 0.0, 0.0, 0.0, 0.0, 0.0, 0.0, 0.0, 0.0, 0.0, 0.0, 0.0, 0.0, 0.0, 0.0, 0.0, 0, 0, 0]
Monitor_t: [np.float64(60.0), np.float64(2.02), np.float64(2.02), np.float64(0.68), np.float64(0.68), np.float64(0.68), np.float64(1.68), np.float64(1.68), np.float64(3.58), np.float64(3.58), np.float64(3.58), np.float64(2.94), np.float64(2.94), np.float64(2.94), np.float64(1.03), np.float64(1.03), np.float64(1.66), np.float64(1.66), np.float64(1.4), np.float64(1.4), np.float64(2.05), np.float64(2.05), np.float64(2.05), np.float64(2.05), np.float64(2.54), np.float64(2.54), np.float64(2.54), np.float64(7.51), np.float64(7.51), np.float64(7.51), np.float64(7.51), np.float64(3.93), np.float64(3.93), np.float64(3.93), np.float64(3.33), np.float64(3.33), np.float64(3.33), np.float64(3.33), np.float64(1.97), np.float64(1.97), np.float64(1.97), np.float64(3.72), np.float64(3.72), np.float64(3.72), np.float64(4.6), np.float64(4.6), np.float64(4.6), np.float64(0.0), np.float64(0.0), np.float64(0.0)]
~~~~~~~~~~~~~~~~~~~ Comparing the results ~~~~~~~~~~~~~~~~~~~
***** lp_objective: 0.0
***** lp_Sol_time: 21120.506
     Drone (1):
          9          | 21         | 37         | 33         | 28         | 34         | 46         | 1          | 2          | 13         | 10        
s_times   0.0        | 109.41     | 133.67     | 140.82     | 164.8      | 203.36     | 247.49     | 284.0      | 371.94     | 410.01     | 458.52    
c_times   33.92      | 111.46     | 137.0      | 144.75     | 172.31     | 207.29     | 252.09     | 344.0      | 373.96     | 412.95     | 462.1     
travels   75.49      | 22.21      | 3.82       | 20.05      | 31.05      | 40.2       | 31.91      | 27.94      | 36.05      | 45.57      | 0.0       
charges   686.08     | 608.54     | 583.0      | 575.25     | 547.69     | 512.71     | 467.91     | 720.0      | 690.04     | 651.05     | 601.9     
~~~~~~~~~~~~~~~~~~~~~~~~~~~~~~~~~~~~~~~~~~
     Drone (2):
          35         | 25         | 42         | 17         | 1          | 6          | 20         | 24         | 41         | 27         | 47        
s_times   0.0        | 76.9       | 94.08      | 154.44     | 1184.77    | 1277.38    | 1303.01    | 1389.23    | 1394.11    | 1408.07    | 1433.34   
c_times   63.76      | 79.44      | 97.8       | 156.1      | 1244.77    | 1278.06    | 1304.41    | 1391.28    | 1396.08    | 1410.61    | 1437.94   
travels   13.14      | 14.64      | 56.64      | 28.67      | 32.61      | 24.95      | 84.82      | 2.83       | 11.99      | 22.73      | 0.0       
charges   656.24     | 640.56     | 622.2      | 563.9      | 720.0      | 686.71     | 660.36     | 573.49     | 568.69     | 554.16     | 526.83    
~~~~~~~~~~~~~~~~~~~~~~~~~~~~~~~~~~~~~~~~~~
     Drone (3):
          32         | 18         | 30         | 40         | 44         | 3          | 5          | 7          | 15         | 14         | 1         
s_times   0.0        | 160.3      | 261.87     | 306.39     | 321.16     | 386.0      | 390.73     | 394.56     | 409.0      | 429.26     | 497.69    
c_times   68.51      | 161.96     | 269.38     | 308.36     | 324.88     | 388.02     | 391.41     | 396.24     | 410.03     | 432.2      | 557.69    
travels   91.79      | 99.91      | 37.01      | 12.8       | 61.12      | 2.71       | 3.15       | 12.76      | 19.23      | 65.49      | 0.0       
charges   651.49     | 558.04     | 450.62     | 411.64     | 395.12     | 331.98     | 328.59     | 323.76     | 309.97     | 287.8      | 720.0     
~~~~~~~~~~~~~~~~~~~~~~~~~~~~~~~~~~~~~~~~~~
     Drone (4):
          39         | 1          | 29         | 22         | 1          | 16         | 23         | 1          | 19         | 11         | 8         
s_times   0.0        | 87.54      | 220.94     | 263.02     | 308.93     | 412.55     | 503.05     | 548.96     | 651.12     | 686.09     | 700.6     
c_times   44.42      | 147.54     | 228.45     | 265.07     | 368.93     | 413.58     | 505.1      | 608.96     | 652.52     | 689.67     | 702.28    
travels   43.12      | 73.4       | 34.57      | 43.86      | 43.62      | 89.47      | 43.86      | 42.16      | 33.57      | 10.93      | 0.0       
charges   675.58     | 720.0      | 639.09     | 602.47     | 720.0      | 675.35     | 583.83     | 720.0      | 676.44     | 639.29     | 626.68    
~~~~~~~~~~~~~~~~~~~~~~~~~~~~~~~~~~~~~~~~~~
     Drone (5):
          4          | 45         | 36         | 43         | 1          | 1          | 12         | 1          | 31         | 38         | 26        
s_times   0.0        | 94.8       | 130.27     | 161.31     | 198.21     | 258.21     | 380.78     | 449.21     | 582.61     | 627.47     | 643.94    
c_times   33.29      | 99.4       | 133.6      | 165.03     | 258.21     | 318.21     | 383.72     | 509.21     | 590.12     | 630.8      | 646.48    
travels   61.51      | 30.87      | 27.71      | 33.18      | 1000.0     | 62.57      | 65.49      | 73.4       | 37.35      | 13.14      | 0.0       
charges   686.71     | 620.6      | 586.4      | 554.97     | 720.0      | 720.0      | 654.49     | 720.0      | 639.09     | 598.41     | 582.73    
~~~~~~~~~~~~~~~~~~~~~~~~~~~~~~~~~~~~~~~~~~
***** nlp_objective: 0.0
***** nlp_Sol_time: 38760.467
     Drone (1):
          9          | 39         | 7          | 17         | 3          | 12         | 36         | 1          | 23         | 1          | 44        
s_times   0.0        | 107.23     | 183.71     | 208.22     | 235.27     | 273.34     | 400.75     | 466.84     | 571.72     | 617.63     | 712.7     
c_times   33.92      | 109.2      | 185.39     | 209.88     | 237.29     | 276.28     | 404.08     | 526.84     | 573.77     | 677.63     | 716.42    
travels   73.31      | 74.51      | 22.83      | 25.39      | 36.05      | 124.47     | 62.76      | 44.88      | 43.86      | 35.07      | 0.0       
charges   686.08     | 610.8      | 534.61     | 510.12     | 482.71     | 443.72     | 315.92     | 720.0      | 673.07     | 720.0      | 681.21    
~~~~~~~~~~~~~~~~~~~~~~~~~~~~~~~~~~~~~~~~~~
     Drone (2):
          35         | 16         | 29         | 5          | 38         | 8          | 47         | 34         | 1          | 24         | 1         
s_times   0.0        | 169.91     | 288.22     | 400.78     | 494.58     | 592.67     | 654.27     | 695.39     | 766.15     | 871.03     | 916.94    
c_times   63.76      | 170.94     | 295.73     | 401.46     | 497.91     | 594.35     | 658.87     | 699.32     | 826.15     | 873.08     | 976.94    
travels   106.15     | 117.28     | 105.05     | 93.12      | 94.76      | 59.92      | 36.52      | 66.83      | 44.88      | 43.86      | 0.0       
charges   656.24     | 549.06     | 424.27     | 318.54     | 222.09     | 125.65     | 61.13      | 20.68      | 720.0      | 673.07     | 720.0     
~~~~~~~~~~~~~~~~~~~~~~~~~~~~~~~~~~~~~~~~~~
     Drone (3):
          15         | 33         | 28         | 14         | 41         | 1          | 18         | 1          | 6          | 11         | 31        
s_times   0.0        | 153.77     | 177.75     | 323.2      | 434.02     | 479.11     | 568.87     | 599.2      | 691.81     | 701.62     | 806.24    
c_times   44.65      | 157.7      | 185.26     | 326.14     | 435.99     | 539.11     | 570.53     | 659.2      | 692.49     | 705.2      | 813.75    
travels   109.12     | 20.05      | 137.94     | 107.88     | 43.12      | 29.76      | 28.67      | 32.61      | 9.13       | 101.04     | 0.0       
charges   675.35     | 562.3      | 534.74     | 393.86     | 284.01     | 720.0      | 688.58     | 720.0      | 686.71     | 674.0      | 565.45    
~~~~~~~~~~~~~~~~~~~~~~~~~~~~~~~~~~~~~~~~~~
     Drone (4):
          2          | 21         | 19         | 45         | 1          | 46         | 42         | 22         | 43         | 37         | 26        
s_times   0.0        | 103.99     | 191.3      | 258.09     | 294.6      | 383.41     | 398.13     | 418.94     | 434.73     | 465.91     | 482.38    
c_times   29.96      | 106.04     | 192.7      | 262.69     | 354.6      | 388.01     | 401.85     | 420.99     | 438.45     | 469.24     | 484.92    
travels   74.03      | 85.26      | 65.39      | 31.91      | 28.81      | 10.12      | 17.09      | 13.74      | 27.46      | 13.14      | 0.0       
charges   690.04     | 613.96     | 527.3      | 457.31     | 720.0      | 686.59     | 672.75     | 653.61     | 636.15     | 605.36     | 589.68    
~~~~~~~~~~~~~~~~~~~~~~~~~~~~~~~~~~~~~~~~~~
     Drone (5):
          4          | 10         | 40         | 32         | 13         | 25         | 1          | 27         | 1          | 30         | 20        
s_times   0.0        | 42.42      | 119.31     | 144.82     | 277.69     | 394.93     | 446.69     | 556.35     | 608.11     | 741.51     | 867.18    
c_times   33.29      | 46.0       | 121.28     | 148.75     | 280.63     | 397.47     | 506.69     | 558.89     | 668.11     | 749.02     | 868.58    
travels   9.13       | 73.31      | 23.54      | 128.94     | 114.3      | 49.22      | 49.66      | 49.22      | 73.4       | 118.16     | 0.0       
charges   686.71     | 674.0      | 598.72     | 571.25     | 439.37     | 322.53     | 720.0      | 667.8      | 720.0      | 639.09     | 519.53    
~~~~~~~~~~~~~~~~~~~~~~~~~~~~~~~~~~~~~~~~~~
