~~~~~~~~~~~~~~~~~~~ [4, 'SB_RS', 7, 360] ~~~~~~~~~~~~~~~~~~~
     seed: 3521775807566813241
 Families: [[1], [2, 3], [4, 5, 6], [7, 8], [9, 10, 11], [12, 13, 14], [15, 16], [17, 18], [19, 20], [21], [22]]
  i_times: [930.0, 570.0, 750.0, 570.0, 210.0, 30.0, 570.0, 750.0]
Fam slots: [[0, 6], [0, 4, 6], [0, 5], [0, 4, 7], [4, 6, 7], [0, 1], [0, 4], [1, 6]]
Ear_dates: [0, 0.0, 1080.0, 0.0, 720.0, 1080.0, 0.0, 900.0, 0.0, 720.0, 1260.0, 720.0, 1080.0, 1260.0, 0.0, 180.0, 0.0, 720.0, 180.0, 1080.0, 0, 0]
Due_dates: [1440, 180.0, 1260.0, 180.0, 900.0, 1260.0, 180.0, 1080.0, 180.0, 900.0, 1440.0, 900.0, 1260.0, 1440.0, 180.0, 360.0, 180.0, 900.0, 360.0, 1260.0, 1440, 1440]
Monitor_t: [60.0, 2.02, 2.02, 0.68, 0.68, 0.68, 1.68, 1.68, 3.58, 3.58, 3.58, 2.94, 2.94, 2.94, 1.03, 1.03, 1.66, 1.66, 1.4, 1.4, 0.0, 0.0]
~~~~~~~~~~~~~~~~~~~ Comparing the results ~~~~~~~~~~~~~~~~~~~
***** lp_Variables: 3152
***** lp_Constraints: 5091
***** lp_objective: 2880
***** lp_Sol_time: 2.238
     Drone (1):
          12         | 12         | 12         | 12         | 12        
s_times   0          | 1440       | 1440       | 1440       | 1440      
c_times   1440       | 1440       | 1440       | 1440       | 1440      
travels   0.0        | 0.0        | 0.0        | 0.0        | 0.0       
charges   0          | 0          | 0          | 0          | 0         
~~~~~~~~~~~~~~~~~~~~~~~~~~~~~~~~~~~~~~~~~~
     Drone (2):
          12         | 12         | 12         | 12         | 12        
s_times   0          | 1440       | 1440       | 1440       | 1440      
c_times   1440       | 1440       | 1440       | 1440       | 1440      
travels   0.0        | 0.0        | 0.0        | 0.0        | 0.0       
charges   0          | 0          | 0          | 0          | 0         
~~~~~~~~~~~~~~~~~~~~~~~~~~~~~~~~~~~~~~~~~~
     Drone (3):
          12         | 12         | 12         | 12         | 12        
s_times   0          | 1440       | 1440       | 1440       | 1440      
c_times   1440       | 1440       | 1440       | 1440       | 1440      
travels   0.0        | 0.0        | 0.0        | 0.0        | 0.0       
charges   0          | 0          | 0          | 0          | 0         
~~~~~~~~~~~~~~~~~~~~~~~~~~~~~~~~~~~~~~~~~~
***** nlp_Variables: 1318
***** nlp_Constraints: 205
***** nlp_objective: 0.7899999984092574
***** nlp_Sol_time: 1802.291
     Drone (1):
          21         | 9          | 4          | 7          | 15         | 21         | 13        
s_times   0.0        | 148.58     | 160.7      | 164.53     | 178.97     | 197.18     | 1090.24   
c_times   140.78     | 152.16     | 161.38     | 166.21     | 180.0      | 1053.86    | 1093.18   
travels   7.8        | 8.54       | 3.15       | 12.76      | 17.18      | 36.38      | 0.0       
charges   360.0      | 348.62     | 339.4      | 334.57     | 320.78     | 303.6      | 264.28    
~~~~~~~~~~~~~~~~~~~~~~~~~~~~~~~~~~~~~~~~~~
     Drone (2):
          21         | 19         | 21         | 18         | 21         | 11         | 14        
s_times   0.0        | 357.99     | 385.25     | 719.21     | 748.93     | 1259.21    | 1303.18   
c_times   332.09     | 359.39     | 691.86     | 720.87     | 1251.41    | 1262.79    | 1306.12   
travels   25.9       | 25.86      | 27.35      | 28.06      | 7.8        | 40.39      | 0.0       
charges   360.0      | 332.7      | 306.84     | 277.83     | 249.77     | 238.39     | 195.06    
~~~~~~~~~~~~~~~~~~~~~~~~~~~~~~~~~~~~~~~~~~
     Drone (3):
          21         | 2          | 17         | 16         | 22         | 12         | 8         
s_times   0.0        | 151.06     | 178.34     | 208.42     | 220.23     | 877.3      | 916.21    
c_times   147.7      | 153.08     | 180.0      | 209.45     | 857.41     | 880.24     | 917.89    
travels   3.36       | 25.26      | 28.42      | 10.78      | 19.89      | 35.97      | 0.0       
charges   360.0      | 354.62     | 327.7      | 298.25     | 287.47     | 264.64     | 226.99    
~~~~~~~~~~~~~~~~~~~~~~~~~~~~~~~~~~~~~~~~~~
     Drone (4):
          21         | 10         | 5          | 22         | 3          | 20         | 6         
s_times   0.0        | 719.26     | 731.38     | 753.64     | 1083.08    | 1109.39    | 1135.12   
c_times   711.46     | 722.84     | 732.06     | 1060.3     | 1085.1     | 1110.79    | 1135.8    
travels   7.8        | 8.54       | 21.58      | 22.78      | 24.29      | 24.33      | 0.0       
charges   360.0      | 348.62     | 339.4      | 317.82     | 293.02     | 267.33     | 242.32    
~~~~~~~~~~~~~~~~~~~~~~~~~~~~~~~~~~~~~~~~~~
