~~~~~~~~~~~~~~~~~~~ [3, 'SB', 5, 120] ~~~~~~~~~~~~~~~~~~~
     seed: 3521775807566813241
 Families: [[1], [2, 3], [4, 5, 6], [7, 8], [9, 10, 11], [12]]
  i_times: [930.0, 570.0, 750.0, 570.0]
Fam slots: [[0, 6], [0, 4, 6], [0, 5], [0, 4, 7]]
Ear_dates: [0, 0.0, 1080.0, 0.0, 720.0, 1080.0, 0.0, 900.0, 0.0, 720.0, 1260.0, 0]
Due_dates: [1440, 180.0, 1260.0, 180.0, 900.0, 1260.0, 180.0, 1080.0, 180.0, 900.0, 1440.0, 1440]
Monitor_t: [60.0, 2.02, 2.02, 0.68, 0.68, 0.68, 1.68, 1.68, 3.58, 3.58, 3.58, 0.0]
~~~~~~~~~~~~~~~~~~~ Comparing the results ~~~~~~~~~~~~~~~~~~~
***** lp_Variables: 3152
***** lp_Constraints: 5091
***** lp_objective: 2880
***** lp_Sol_time: 1.129
     Drone (1):
          12         | 12         | 12         | 12         | 12        
s_times   0          | 1440       | 1440       | 1440       | 1440      
c_times   1440       | 1440       | 1440       | 1440       | 1440      
travels   0.0        | 0.0        | 0.0        | 0.0        | 0.0       
charges   0          | 0          | 0          | 0          | 0         
~~~~~~~~~~~~~~~~~~~~~~~~~~~~~~~~~~~~~~~~~~
     Drone (2):
          12         | 12         | 12         | 12         | 12        
s_times   0          | 1440       | 1440       | 1440       | 1440      
c_times   1440       | 1440       | 1440       | 1440       | 1440      
travels   0.0        | 0.0        | 0.0        | 0.0        | 0.0       
charges   0          | 0          | 0          | 0          | 0         
~~~~~~~~~~~~~~~~~~~~~~~~~~~~~~~~~~~~~~~~~~
     Drone (3):
          12         | 12         | 12         | 12         | 12        
s_times   0          | 1440       | 1440       | 1440       | 1440      
c_times   1440       | 1440       | 1440       | 1440       | 1440      
travels   0.0        | 0.0        | 0.0        | 0.0        | 0.0       
charges   0          | 0          | 0          | 0          | 0         
~~~~~~~~~~~~~~~~~~~~~~~~~~~~~~~~~~~~~~~~~~
***** nlp_Variables: 407
***** nlp_Constraints: 109
***** nlp_objective: 0.0
***** nlp_Sol_time: 5.179
     Drone (1):
          12         | 9          | 4          | 7          | 2         
s_times   0.0        | 149.32     | 161.44     | 165.27     | 172.09    
c_times   141.52     | 152.9      | 162.12     | 166.95     | 174.11    
travels   7.8        | 8.54       | 3.15       | 5.14       | 0.0       
charges   120.0      | 108.62     | 99.4       | 94.57      | 87.41     
~~~~~~~~~~~~~~~~~~~~~~~~~~~~~~~~~~~~~~~~~~
     Drone (2):
          12         | 10         | 5          | 12         | 11        
s_times   0.0        | 720.0      | 732.12     | 734.72     | 1260.0    
c_times   712.2      | 723.58     | 732.8      | 1252.2     | 1263.58   
travels   7.8        | 8.54       | 1.92       | 7.8        | 0.0       
charges   120.0      | 108.62     | 99.4       | 97.48      | 86.1      
~~~~~~~~~~~~~~~~~~~~~~~~~~~~~~~~~~~~~~~~~~
     Drone (3):
          12         | 8          | 12         | 6          | 3         
s_times   0.0        | 916.95     | 923.99     | 1080.0     | 1085.53   
c_times   913.02     | 918.63     | 1077.82    | 1080.68    | 1087.55   
travels   3.93       | 5.36       | 2.18       | 4.85       | 0.0       
charges   120.0      | 114.39     | 109.03     | 106.17     | 99.3      
~~~~~~~~~~~~~~~~~~~~~~~~~~~~~~~~~~~~~~~~~~
