~~~~~~~~~~~~~~~~~~~ [3, 'SB', 5, 120] ~~~~~~~~~~~~~~~~~~~
     seed: 294783262169012656
 Families: [[1], [2, 3], [4, 5, 6], [7, 8], [9, 10, 11], [12]]
  i_times: [570.0, 390.0, 390.0, 390.0]
Fam slots: [[3, 7], [1, 3, 6], [1, 4], [1, 2, 5]]
Ear_dates: [0, 540.0, 1260.0, 180.0, 540.0, 1080.0, 180.0, 720.0, 180.0, 360.0, 900.0, 0]
Due_dates: [1440, 720.0, 1440.0, 360.0, 720.0, 1260.0, 360.0, 900.0, 360.0, 540.0, 1080.0, 1440]
Monitor_t: [60.0, 2.02, 2.02, 0.68, 0.68, 0.68, 1.68, 1.68, 3.58, 3.58, 3.58, 0.0]
~~~~~~~~~~~~~~~~~~~ Comparing the results ~~~~~~~~~~~~~~~~~~~
***** lp_Variables: 3152
***** lp_Constraints: 5091
***** lp_objective: 2880
***** lp_Sol_time: 0.898
     Drone (1):
          12         | 12         | 12         | 12         | 12        
s_times   0          | 1440       | 1440       | 1440       | 1440      
c_times   1440       | 1440       | 1440       | 1440       | 1440      
travels   0.0        | 0.0        | 0.0        | 0.0        | 0.0       
charges   0          | 0          | 0          | 0          | 0         
~~~~~~~~~~~~~~~~~~~~~~~~~~~~~~~~~~~~~~~~~~
     Drone (2):
          12         | 12         | 12         | 12         | 12        
s_times   0          | 1440       | 1440       | 1440       | 1440      
c_times   1440       | 1440       | 1440       | 1440       | 1440      
travels   0.0        | 0.0        | 0.0        | 0.0        | 0.0       
charges   0          | 0          | 0          | 0          | 0         
~~~~~~~~~~~~~~~~~~~~~~~~~~~~~~~~~~~~~~~~~~
     Drone (3):
          12         | 12         | 12         | 12         | 12        
s_times   0          | 1440       | 1440       | 1440       | 1440      
c_times   1440       | 1440       | 1440       | 1440       | 1440      
travels   0.0        | 0.0        | 0.0        | 0.0        | 0.0       
charges   0          | 0          | 0          | 0          | 0         
~~~~~~~~~~~~~~~~~~~~~~~~~~~~~~~~~~~~~~~~~~
***** nlp_Variables: 407
***** nlp_Constraints: 109
***** nlp_objective: 135.2299397429026
***** nlp_Sol_time: 281.402
     Drone (1):
          12         | 4          | 9          | 7          | 10        
s_times   0.0        | 334.0      | 343.81     | 358.32     | 373.09    
c_times   331.82     | 334.68     | 347.39     | 360.0      | 376.67    
travels   2.18       | 9.13       | 10.93      | 13.09      | 0.0       
charges   120.0      | 117.14     | 104.43     | 91.82      | 75.15     
~~~~~~~~~~~~~~~~~~~~~~~~~~~~~~~~~~~~~~~~~~
     Drone (2):
          12         | 8          | 11         | 12         | 6         
s_times   0.0        | 750.0001   | 764.7701   | 775.6101   | 1103.1303 
c_times   746.0701   | 751.6801   | 768.3501   | 1100.9503  | 1103.8103 
travels   3.93       | 13.09      | 7.26       | 2.18       | 0.0       
charges   120.0      | 114.39     | 97.72      | 90.46      | 87.6      
~~~~~~~~~~~~~~~~~~~~~~~~~~~~~~~~~~~~~~~~~~
     Drone (3):
          12         | 5          | 2          | 12         | 3         
s_times   0.0        | 712.45     | 717.98     | 722.1      | 1124.7701 
c_times   710.27     | 713.13     | 720.0      | 1121.4101  | 1126.7901 
travels   2.18       | 4.85       | 2.1        | 3.36       | 0.0       
charges   120.0      | 117.14     | 110.27     | 108.17     | 102.79    
~~~~~~~~~~~~~~~~~~~~~~~~~~~~~~~~~~~~~~~~~~
