~~~~~~~~~~~~~~~~~~~ [3, 'SB', 5, 120] ~~~~~~~~~~~~~~~~~~~
     seed: 5434789834338051980
 Families: [[1], [2, 3], [4, 5, 6], [7, 8], [9, 10, 11], [12]]
  i_times: [30.0, 390.0, 750.0, 750.0]
Fam slots: [[0, 1], [2, 4, 7], [1, 6], [0, 5, 7]]
Ear_dates: [0, 0.0, 180.0, 360.0, 720.0, 1260.0, 180.0, 1080.0, 0.0, 900.0, 1260.0, 0]
Due_dates: [1440, 180.0, 360.0, 540.0, 900.0, 1440.0, 360.0, 1260.0, 180.0, 1080.0, 1440.0, 1440]
Monitor_t: [60.0, 2.02, 2.02, 0.68, 0.68, 0.68, 1.68, 1.68, 3.58, 3.58, 3.58, 0.0]
~~~~~~~~~~~~~~~~~~~ Comparing the results ~~~~~~~~~~~~~~~~~~~
***** lp_Variables: 3152
***** lp_Constraints: 5091
***** lp_objective: 2880
***** lp_Sol_time: 2.238
     Drone (1):
          12         | 12         | 12         | 12         | 12        
s_times   0          | 1440       | 1440       | 1440       | 1440      
c_times   1440       | 1440       | 1440       | 1440       | 1440      
travels   0.0        | 0.0        | 0.0        | 0.0        | 0.0       
charges   0          | 0          | 0          | 0          | 0         
~~~~~~~~~~~~~~~~~~~~~~~~~~~~~~~~~~~~~~~~~~
     Drone (2):
          12         | 12         | 12         | 12         | 12        
s_times   0          | 1440       | 1440       | 1440       | 1440      
c_times   1440       | 1440       | 1440       | 1440       | 1440      
travels   0.0        | 0.0        | 0.0        | 0.0        | 0.0       
charges   0          | 0          | 0          | 0          | 0         
~~~~~~~~~~~~~~~~~~~~~~~~~~~~~~~~~~~~~~~~~~
     Drone (3):
          12         | 12         | 12         | 12         | 12        
s_times   0          | 1440       | 1440       | 1440       | 1440      
c_times   1440       | 1440       | 1440       | 1440       | 1440      
travels   0.0        | 0.0        | 0.0        | 0.0        | 0.0       
charges   0          | 0          | 0          | 0          | 0         
~~~~~~~~~~~~~~~~~~~~~~~~~~~~~~~~~~~~~~~~~~
***** nlp_Variables: 407
***** nlp_Constraints: 109
***** nlp_objective: 127.38999935130482
***** nlp_Sol_time: 860.357
     Drone (1):
          2          | 9          | 3          | 12         | 4         
s_times   0.0        | 39.36      | 52.61      | 56.73      | 414.38    
c_times   29.96      | 42.94      | 54.63      | 412.2      | 415.06    
travels   9.4        | 9.67       | 2.1        | 2.18       | 0.0       
charges   90.04      | 77.06      | 65.37      | 63.27      | 60.41     
~~~~~~~~~~~~~~~~~~~~~~~~~~~~~~~~~~~~~~~~~~
     Drone (2):
          12         | 7          | 12         | 6          | 11        
s_times   0.0        | 200.93     | 207.97     | 1132.61    | 1142.42   
c_times   197.0      | 202.61     | 1130.43    | 1133.29    | 1146.0    
travels   3.93       | 5.36       | 2.18       | 9.13       | 0.0       
charges   120.0      | 114.39     | 109.03     | 106.17     | 93.46     
~~~~~~~~~~~~~~~~~~~~~~~~~~~~~~~~~~~~~~~~~~
     Drone (3):
          12         | 10         | 5          | 12         | 8         
s_times   0.0        | 792.94     | 805.06     | 807.66     | 952.61    
c_times   785.14     | 796.52     | 805.74     | 948.68     | 954.29    
travels   7.8        | 8.54       | 1.92       | 3.93       | 0.0       
charges   120.0      | 108.62     | 99.4       | 97.48      | 91.87     
~~~~~~~~~~~~~~~~~~~~~~~~~~~~~~~~~~~~~~~~~~
