~~~~~~~~~~~~~~~~~~~ [3, 'SB', 5, 120] ~~~~~~~~~~~~~~~~~~~
     seed: 5763926755744344413
 Families: [[1], [2, 3], [4, 5, 6], [7, 8], [9, 10, 11], [12]]
  i_times: [570.0, 210.0, 930.0, 210.0]
Fam slots: [[3, 7], [1, 3, 5], [1, 7], [0, 1, 3]]
Ear_dates: [0, 540.0, 1260.0, 180.0, 540.0, 900.0, 180.0, 1260.0, 0.0, 180.0, 540.0, 0]
Due_dates: [1440, 720.0, 1440.0, 360.0, 720.0, 1080.0, 360.0, 1440.0, 180.0, 360.0, 720.0, 1440]
Monitor_t: [60.0, 2.02, 2.02, 0.68, 0.68, 0.68, 1.68, 1.68, 3.58, 3.58, 3.58, 0.0]
~~~~~~~~~~~~~~~~~~~ Comparing the results ~~~~~~~~~~~~~~~~~~~
***** lp_Variables: 2807
***** lp_Constraints: 5104
***** lp_objective: 166.909999983209
***** lp_Sol_time: 25.217
     Drone (1):
          12         | 2          | 5          | 12         | 6         
s_times   0.0        | 706.86     | 711.59     | 714.19     | 922.27    
c_times   703.5      | 708.88     | 712.27     | 920.09     | 922.95    
travels   3.36       | 2.71       | 1.92       | 2.18       | 0.0       
charges   120.0      | 114.62     | 111.23     | 109.31     | 106.45    
~~~~~~~~~~~~~~~~~~~~~~~~~~~~~~~~~~~~~~~~~~
     Drone (2):
          12         | 4          | 10         | 7          | 11        
s_times   0.0        | 500.91     | 510.72     | 525.23     | 540.0     
c_times   498.73     | 501.59     | 514.3      | 526.91     | 543.58    
travels   2.18       | 9.13       | 10.93      | 13.09      | 0.0       
charges   120.0      | 117.14     | 104.43     | 91.82      | 75.15     
~~~~~~~~~~~~~~~~~~~~~~~~~~~~~~~~~~~~~~~~~~
     Drone (3):
          12         | 9          | 12         | 3          | 8         
s_times   0.0        | 297.14     | 307.98     | 1278.88    | 1283.73   
c_times   289.34     | 300.72     | 1275.52    | 1280.9     | 1285.41   
travels   7.8        | 7.26       | 3.36       | 2.83       | 0.0       
charges   120.0      | 108.62     | 101.36     | 95.98      | 91.47     
~~~~~~~~~~~~~~~~~~~~~~~~~~~~~~~~~~~~~~~~~~
***** nlp_Variables: 407
***** nlp_Constraints: 109
***** nlp_objective: 166.90999998320703
***** nlp_Sol_time: 60.88
     Drone (1):
          12         | 9          | 12         | 8          | 3         
s_times   0.0        | 295.7      | 306.54     | 1260.05    | 1266.87   
c_times   287.9      | 299.28     | 1256.12    | 1261.73    | 1268.89   
travels   7.8        | 7.26       | 3.93       | 5.14       | 0.0       
charges   120.0      | 108.62     | 101.36     | 95.75      | 88.59     
~~~~~~~~~~~~~~~~~~~~~~~~~~~~~~~~~~~~~~~~~~
     Drone (2):
          12         | 10         | 4          | 7          | 11        
s_times   0.0        | 509.28     | 521.4      | 525.23     | 540.0     
c_times   501.48     | 512.86     | 522.08     | 526.91     | 543.58    
travels   7.8        | 8.54       | 3.15       | 13.09      | 0.0       
charges   120.0      | 108.62     | 99.4       | 94.57      | 77.9      
~~~~~~~~~~~~~~~~~~~~~~~~~~~~~~~~~~~~~~~~~~
     Drone (3):
          12         | 5          | 2          | 12         | 6         
s_times   0.0        | 689.32     | 694.85     | 698.97     | 900.0     
c_times   687.14     | 690.0      | 696.87     | 897.82     | 900.68    
travels   2.18       | 4.85       | 2.1        | 2.18       | 0.0       
charges   120.0      | 117.14     | 110.27     | 108.17     | 105.31    
~~~~~~~~~~~~~~~~~~~~~~~~~~~~~~~~~~~~~~~~~~
