~~~~~~~~~~~~~~~~~~~ [3, 'RS', 4, 720, 1000] ~~~~~~~~~~~~~~~~~~~
 Families: [[1], [2, 3, 4], [5, 6], [7, 8], [9, 10], [11]]
Due_dates: [1440, 480.0, 960.0, 1440.0, 720.0, 1440.0, 720.0, 1440.0, 720.0, 1440.0, 1440]
Ear_dates: [0, 48.0, 96.0, 144.0, 72.0, 144.0, 72.0, 144.0, 72.0, 144.0, 0]
Monitor_t: [np.float64(60.0), np.float64(2.94), np.float64(2.94), np.float64(2.94), np.float64(1.03), np.float64(1.03), np.float64(1.66), np.float64(1.66), np.float64(1.4), np.float64(1.4), np.float64(0.0)]
~~~~~~~~~~~~~~~~~~~ Comparing the results ~~~~~~~~~~~~~~~~~~~
***** lp_objective: 72.0
***** lp_Sol_time: 6.239
     Drone (1):
          2          | 9          | 1          | 1         
s_times   0.0        | 92.2747    | 134.7585   | 194.7585  
c_times   65.5147    | 93.6785    | 194.7585   | 254.7585  
travels   26.76      | 41.08      | 1000.0     | 0.0       
charges   654.4853   | 626.3215   | 720.0      | 720.0     
~~~~~~~~~~~~~~~~~~~~~~~~~~~~~~~~~~~~~~~~~~
     Drone (2):
          7          | 3          | 10         | 1         
s_times   0.0        | 72.6471    | 102.3518   | 144.8356  
c_times   31.4171    | 75.5918    | 103.7556   | 204.8356  
travels   41.23      | 26.76      | 41.08      | 0.0       
charges   688.5829   | 644.4082   | 616.2444   | 720.0     
~~~~~~~~~~~~~~~~~~~~~~~~~~~~~~~~~~~~~~~~~~
     Drone (3):
          5          | 8          | 4          | 6         
s_times   0.0        | 72.2924    | 115.1795   | 141.0741  
c_times   44.6524    | 73.9495    | 118.1241   | 142.1065  
travels   27.64      | 41.23      | 22.95      | 0.0       
charges   675.3476   | 646.0505   | 601.8759   | 577.8935  
~~~~~~~~~~~~~~~~~~~~~~~~~~~~~~~~~~~~~~~~~~
***** nlp_objective: 72.0
***** nlp_Sol_time: 10.034
     Drone (1):
          7          | 1          | 9          | 3         
s_times   0.0        | 60.0871    | 162.2471   | 189.001   
c_times   31.4171    | 120.0871   | 163.651    | 191.9456  
travels   28.67      | 42.16      | 25.35      | 0.0       
charges   688.5829   | 720.0      | 676.4361   | 648.1415  
~~~~~~~~~~~~~~~~~~~~~~~~~~~~~~~~~~~~~~~~~~
     Drone (2):
          5          | 1          | 8          | 6         
s_times   0.0        | 89.2924    | 179.0524   | 209.1295  
c_times   44.6524    | 149.2924   | 180.7095   | 210.1618  
travels   44.64      | 29.76      | 28.42      | 0.0       
charges   675.3476   | 720.0      | 688.5829   | 659.1305  
~~~~~~~~~~~~~~~~~~~~~~~~~~~~~~~~~~~~~~~~~~
     Drone (3):
          2          | 1          | 10         | 4         
s_times   0.0        | 131.0047   | 233.1647   | 259.9185  
c_times   65.5147    | 191.0047   | 234.5685   | 262.8632  
travels   65.49      | 42.16      | 25.35      | 0.0       
charges   654.4853   | 720.0      | 676.4361   | 648.1415  
~~~~~~~~~~~~~~~~~~~~~~~~~~~~~~~~~~~~~~~~~~
