~~~~~~~~~~~~~~~~~~~ [3, 'RS', 4, 720, 1000] ~~~~~~~~~~~~~~~~~~~
 Families: [[1], [2, 3, 4], [5, 6], [7, 8], [9, 10], [11]]
Due_dates: [1440, 480.0, 960.0, 1440.0, 720.0, 1440.0, 720.0, 1440.0, 720.0, 1440.0, 1440]
Ear_dates: [0, 48.0, 96.0, 144.0, 72.0, 144.0, 72.0, 144.0, 72.0, 144.0, 0]
Monitor_t: [np.float64(60.0), np.float64(2.94), np.float64(2.94), np.float64(2.94), np.float64(1.03), np.float64(1.03), np.float64(1.66), np.float64(1.66), np.float64(1.4), np.float64(1.4), np.float64(0.0)]
~~~~~~~~~~~~~~~~~~~ Comparing the results ~~~~~~~~~~~~~~~~~~~
***** lp_objective: 72.0
***** lp_Sol_time: 3.261
     Drone (1):
          2          | 1          | 4          | 8         
s_times   0.0        | 131.0      | 253.57     | 298.94    
c_times   65.51      | 191.0      | 256.51     | 300.6     
travels   65.49      | 62.57      | 42.43      | 0.0       
charges   654.49     | 720.0      | 654.49     | 610.4     
~~~~~~~~~~~~~~~~~~~~~~~~~~~~~~~~~~~~~~~~~~
     Drone (2):
          5          | 1          | 10         | 6         
s_times   0.0        | 89.29      | 191.45     | 209.95    
c_times   44.65      | 149.29     | 192.85     | 210.98    
travels   44.64      | 42.16      | 17.1       | 0.0       
charges   675.35     | 720.0      | 676.44     | 658.31    
~~~~~~~~~~~~~~~~~~~~~~~~~~~~~~~~~~~~~~~~~~
     Drone (3):
          7          | 1          | 9          | 3         
s_times   0.0        | 60.09      | 162.25     | 189.0     
c_times   31.42      | 120.09     | 163.65     | 191.94    
travels   28.67      | 42.16      | 25.35      | 0.0       
charges   688.58     | 720.0      | 676.44     | 648.15    
~~~~~~~~~~~~~~~~~~~~~~~~~~~~~~~~~~~~~~~~~~
***** nlp_objective: 72.0
***** nlp_Sol_time: 30.235
     Drone (1):
          2          | 7          | 6          | 4         
s_times   0.0        | 107.94     | 138.02     | 158.28    
c_times   65.51      | 109.6      | 139.05     | 161.22    
travels   42.43      | 28.42      | 19.23      | 0.0       
charges   654.49     | 610.4      | 580.95     | 558.78    
~~~~~~~~~~~~~~~~~~~~~~~~~~~~~~~~~~~~~~~~~~
     Drone (2):
          5          | 1          | 8          | 10        
s_times   0.0        | 89.29      | 179.05     | 198.1     
c_times   44.65      | 149.29     | 180.71     | 199.5     
travels   44.64      | 29.76      | 17.39      | 0.0       
charges   675.35     | 720.0      | 688.58     | 669.79    
~~~~~~~~~~~~~~~~~~~~~~~~~~~~~~~~~~~~~~~~~~
     Drone (3):
          9          | 3          | 1          | 1         
s_times   0.0        | 68.91      | 137.34     | 1197.34   
c_times   43.56      | 71.85      | 197.34     | 1257.34   
travels   25.35      | 65.49      | 1000.0     | 0.0       
charges   676.44     | 648.15     | 720.0      | 720.0     
~~~~~~~~~~~~~~~~~~~~~~~~~~~~~~~~~~~~~~~~~~
