~~~~~~~~~~~~~~~~~~~ [2, 'SB', 6, 720, 120] ~~~~~~~~~~~~~~~~~~~
 Families: [[1], [2, 3], [4, 5, 6], [7, 8], [9, 10, 11], [12]]
Due_dates: [1440, 720.0, 1440.0, 480.0, 960.0, 1440.0, 720.0, 1440.0, 480.0, 960.0, 1440.0, 1440]
Ear_dates: [0, 0.0, 0.0, 0.0, 0.0, 0.0, 0.0, 0.0, 0.0, 0.0, 0.0, 0]
Monitor_t: [np.float64(60.0), np.float64(2.02), np.float64(2.02), np.float64(0.68), np.float64(0.68), np.float64(0.68), np.float64(1.68), np.float64(1.68), np.float64(3.58), np.float64(3.58), np.float64(3.58), np.float64(0.0)]
~~~~~~~~~~~~~~~~~~~ Comparing the results ~~~~~~~~~~~~~~~~~~~
***** lp_objective: 0.0
***** lp_Sol_time: 1.031
     Drone (1):
          9          | 2          | 10         | 4          | 3          | 5         
s_times   0.0        | 43.5929    | 55.011     | 67.1338    | 72.6676    | 77.3957   
c_times   33.9229    | 45.611     | 58.5938    | 67.8176    | 74.6857    | 78.0795   
travels   9.67       | 9.4        | 8.54       | 4.85       | 2.71       | 0.0       
charges   686.0771   | 674.389    | 661.4062   | 652.1824   | 645.3143   | 641.9205  
~~~~~~~~~~~~~~~~~~~~~~~~~~~~~~~~~~~~~~~~~~
     Drone (2):
          0          | 1          | 6          | 7          | 11         | 8         
s_times   0.0        | 0.0        | 92.61      | 96.4438    | 111.2107   | 125.7236  
c_times   0.0        | 60.0       | 93.2938    | 98.1207    | 114.7936   | 127.4005  
travels   31.02      | 32.61      | 3.15       | 13.09      | 10.93      | 0.0       
charges   720.0      | 720.0      | 686.7062   | 681.8793   | 665.2064   | 652.5995  
~~~~~~~~~~~~~~~~~~~~~~~~~~~~~~~~~~~~~~~~~~
***** nlp_objective: 0.0
***** nlp_Sol_time: 3.263
     Drone (1):
          9          | 2          | 10         | 3          | 6          | 11        
s_times   0.0        | 43.5929    | 55.011     | 68.2638    | 72.992     | 82.8057   
c_times   33.9229    | 45.611     | 58.5938    | 70.282     | 73.6757    | 86.3886   
travels   9.67       | 9.4        | 9.67       | 2.71       | 9.13       | 0.0       
charges   686.0771   | 674.389    | 661.4062   | 649.718    | 646.3243   | 633.6114  
~~~~~~~~~~~~~~~~~~~~~~~~~~~~~~~~~~~~~~~~~~
     Drone (2):
          7          | 4          | 8          | 5          | 1          | 1         
s_times   0.0        | 37.8269    | 41.6607    | 47.4776    | 80.9114    | 1140.9114 
c_times   33.6869    | 38.5107    | 43.3376    | 48.1614    | 140.9114   | 1200.9114 
travels   4.14       | 3.15       | 4.14       | 32.75      | 1000.0     | 0.0       
charges   686.3131   | 681.4893   | 676.6624   | 671.8386   | 720.0      | 720.0     
~~~~~~~~~~~~~~~~~~~~~~~~~~~~~~~~~~~~~~~~~~
