~~~~~~~~~~~~~~~~~~~ [2, 'SB', 6, 360, 120] ~~~~~~~~~~~~~~~~~~~
 Families: [[1], [2, 3], [4, 5, 6], [7, 8], [9, 10, 11], [12]]
Due_dates: [1440, 720.0, 1440.0, 480.0, 960.0, 1440.0, 720.0, 1440.0, 480.0, 960.0, 1440.0, 1440]
Ear_dates: [0, 0.0, 0.0, 0.0, 0.0, 0.0, 0.0, 0.0, 0.0, 0.0, 0.0, 0]
Monitor_t: [np.float64(60.0), np.float64(2.02), np.float64(2.02), np.float64(0.68), np.float64(0.68), np.float64(0.68), np.float64(1.68), np.float64(1.68), np.float64(3.58), np.float64(3.58), np.float64(3.58), np.float64(0.0)]
~~~~~~~~~~~~~~~~~~~ Comparing the results ~~~~~~~~~~~~~~~~~~~
***** lp_objective: 0.0
***** lp_Sol_time: 1.008
     Drone (1):
          7          | 4          | 10         | 1          | 3          | 1         
s_times   0.0        | 37.8269    | 47.6407    | 84.8536    | 172.7936   | 204.7417  
c_times   33.6869    | 38.5107    | 51.2236    | 144.8536   | 174.8117   | 264.7417  
travels   4.14       | 9.13       | 33.63      | 27.94      | 29.93      | 0.0       
charges   326.3131   | 321.4893   | 308.7764   | 360.0      | 330.0419   | 360.0     
~~~~~~~~~~~~~~~~~~~~~~~~~~~~~~~~~~~~~~~~~~
     Drone (2):
          9          | 5          | 11         | 2          | 8          | 6         
s_times   0.0        | 42.4629    | 52.2766    | 65.5295    | 70.3776    | 76.1945   
c_times   33.9229    | 43.1466    | 55.8595    | 67.5476    | 72.0545    | 76.8783   
travels   8.54       | 9.13       | 9.67       | 2.83       | 4.14       | 0.0       
charges   326.0771   | 316.8534   | 304.1405   | 292.4524   | 287.9455   | 283.1217  
~~~~~~~~~~~~~~~~~~~~~~~~~~~~~~~~~~~~~~~~~~
***** nlp_objective: 0.0
***** nlp_Sol_time: 2.368
     Drone (1):
          4          | 2          | 10         | 5          | 8          | 6         
s_times   0.0        | 38.1438    | 49.5619    | 61.6848    | 65.5185    | 71.3355   
c_times   33.2938    | 40.1619    | 53.1448    | 62.3685    | 67.1955    | 72.0192   
travels   4.85       | 9.4        | 8.54       | 3.15       | 4.14       | 0.0       
charges   326.7062   | 319.8381   | 306.8552   | 297.6315   | 292.8045   | 287.9808  
~~~~~~~~~~~~~~~~~~~~~~~~~~~~~~~~~~~~~~~~~~
     Drone (2):
          9          | 3          | 7          | 11         | 1          | 1         
s_times   0.0        | 43.5929    | 48.441     | 63.2079    | 100.4208   | 1160.4208 
c_times   33.9229    | 45.611     | 50.1179    | 66.7908    | 160.4208   | 1220.4208 
travels   9.67       | 2.83       | 13.09      | 33.63      | 1000.0     | 0.0       
charges   326.0771   | 314.389    | 309.8821   | 293.2092   | 360.0      | 360.0     
~~~~~~~~~~~~~~~~~~~~~~~~~~~~~~~~~~~~~~~~~~
