~~~~~~~~~~~~~~~~~~~ [4, 'SB_RS', 6, 720, 360] ~~~~~~~~~~~~~~~~~~~
 Families: [[1], [2, 3], [4, 5, 6], [7, 8], [9, 10, 11], [12, 13, 14], [15, 16], [17, 18], [19, 20], [21], [22]]
Due_dates: [1440, 720.0, 1440.0, 480.0, 960.0, 1440.0, 720.0, 1440.0, 480.0, 960.0, 1440.0, 480.0, 960.0, 1440.0, 720.0, 1440.0, 720.0, 1440.0, 720.0, 1440.0, 1440, 1440]
Ear_dates: [0, 72.0, 144.0, 48.0, 96.0, 144.0, 72.0, 144.0, 48.0, 96.0, 144.0, 48.0, 96.0, 144.0, 72.0, 144.0, 72.0, 144.0, 72.0, 144.0, 0, 0]
Monitor_t: [np.float64(60.0), np.float64(2.02), np.float64(2.02), np.float64(0.68), np.float64(0.68), np.float64(0.68), np.float64(1.68), np.float64(1.68), np.float64(3.58), np.float64(3.58), np.float64(3.58), np.float64(2.94), np.float64(2.94), np.float64(2.94), np.float64(1.03), np.float64(1.03), np.float64(1.66), np.float64(1.66), np.float64(1.4), np.float64(1.4), np.float64(0.0), np.float64(0.0)]
~~~~~~~~~~~~~~~~~~~ Comparing the results ~~~~~~~~~~~~~~~~~~~
***** lp_objective: 43.55
***** lp_Sol_time: 59.344
     Drone (1):
          22         | 9          | 15         | 13         | 10         | 3         
s_times   0.0        | 74.19      | 98.81      | 119.07     | 167.58     | 180.83    
c_times   43.55      | 77.77      | 99.84      | 122.01     | 171.16     | 182.85    
travels   30.64      | 21.04      | 19.23      | 45.57      | 9.67       | 0.0       
charges   676.45     | 642.23     | 620.16     | 597.99     | 548.84     | 537.15    
~~~~~~~~~~~~~~~~~~~~~~~~~~~~~~~~~~~~~~~~~~
     Drone (2):
          22         | 4          | 17         | 7          | 18         | 20        
s_times   0.0        | 64.53      | 92.72      | 119.72     | 144.23     | 163.28    
c_times   43.55      | 65.21      | 94.38      | 121.4      | 145.89     | 164.68    
travels   20.98      | 27.51      | 25.34      | 22.83      | 17.39      | 0.0       
charges   676.45     | 654.79     | 625.62     | 598.6      | 574.11     | 555.32    
~~~~~~~~~~~~~~~~~~~~~~~~~~~~~~~~~~~~~~~~~~
     Drone (3):
          22         | 1          | 5          | 11         | 14         | 6         
s_times   0.0        | 87.1       | 179.71     | 189.52     | 233.49     | 273.28    
c_times   43.55      | 147.1      | 180.39     | 193.1      | 236.43     | 273.96    
travels   43.55      | 32.61      | 9.13       | 40.39      | 36.85      | 0.0       
charges   676.45     | 720.0      | 686.71     | 674.0      | 630.67     | 593.14    
~~~~~~~~~~~~~~~~~~~~~~~~~~~~~~~~~~~~~~~~~~
     Drone (4):
          21         | 12         | 2          | 19         | 16         | 8         
s_times   0.0        | 67.4       | 110.94     | 137.25     | 155.75     | 170.81    
c_times   31.02      | 70.34      | 112.96     | 138.65     | 156.78     | 172.49    
travels   36.38      | 40.6       | 24.29      | 17.1       | 14.03      | 0.0       
charges   688.98     | 649.66     | 607.04     | 581.35     | 563.22     | 547.51    
~~~~~~~~~~~~~~~~~~~~~~~~~~~~~~~~~~~~~~~~~~
***** nlp_objective: 43.55
***** nlp_Sol_time: 97.222
     Drone (1):
          22         | 4          | 15         | 7          | 17         | 19        
s_times   0.0        | 64.53      | 79.65      | 94.71      | 119.22     | 138.27    
c_times   43.55      | 65.21      | 80.68      | 96.39      | 120.88     | 139.67    
travels   20.98      | 14.44      | 14.03      | 22.83      | 17.39      | 0.0       
charges   676.45     | 654.79     | 639.32     | 623.61     | 599.12     | 580.33    
~~~~~~~~~~~~~~~~~~~~~~~~~~~~~~~~~~~~~~~~~~
     Drone (2):
          22         | 1          | 16         | 14         | 11         | 8         
s_times   0.0        | 87.1       | 190.72     | 210.98     | 259.49     | 274.0     
c_times   43.55      | 147.1      | 191.75     | 213.92     | 263.07     | 275.68    
travels   43.55      | 43.62      | 19.23      | 45.57      | 10.93      | 0.0       
charges   676.45     | 720.0      | 675.35     | 653.18     | 604.03     | 591.42    
~~~~~~~~~~~~~~~~~~~~~~~~~~~~~~~~~~~~~~~~~~
     Drone (3):
          21         | 12         | 10         | 20         | 5          | 2         
s_times   0.0        | 67.4       | 115.91     | 152.31     | 178.04     | 183.57    
c_times   31.02      | 70.34      | 119.49     | 153.71     | 178.72     | 185.59    
travels   36.38      | 45.57      | 32.82      | 24.33      | 4.85       | 0.0       
charges   688.98     | 649.66     | 600.51     | 566.29     | 541.28     | 534.41    
~~~~~~~~~~~~~~~~~~~~~~~~~~~~~~~~~~~~~~~~~~
     Drone (4):
          22         | 9          | 13         | 18         | 6          | 3         
s_times   0.0        | 74.19      | 118.16     | 163.53     | 192.87     | 198.4     
c_times   43.55      | 77.77      | 121.1      | 165.19     | 193.55     | 200.42    
travels   30.64      | 40.39      | 42.43      | 27.68      | 4.85       | 0.0       
charges   676.45     | 642.23     | 598.9      | 554.81     | 526.45     | 519.58    
~~~~~~~~~~~~~~~~~~~~~~~~~~~~~~~~~~~~~~~~~~
