~~~~~~~~~~~~~~~~~~~ [4, 'SB_RS', 6, 720, 1200] ~~~~~~~~~~~~~~~~~~~
 Families: [[1], [2, 3], [4, 5, 6], [7, 8], [9, 10, 11], [12, 13, 14], [15, 16], [17, 18], [19, 20], [21], [22]]
Due_dates: [1440, 720.0, 1440.0, 480.0, 960.0, 1440.0, 720.0, 1440.0, 480.0, 960.0, 1440.0, 480.0, 960.0, 1440.0, 720.0, 1440.0, 720.0, 1440.0, 720.0, 1440.0, 1440, 1440]
Ear_dates: [0, 0.0, 0.0, 0.0, 0.0, 0.0, 0.0, 0.0, 0.0, 0.0, 0.0, 0.0, 0.0, 0.0, 0.0, 0.0, 0.0, 0.0, 0.0, 0.0, 0, 0]
Monitor_t: [np.float64(60.0), np.float64(2.02), np.float64(2.02), np.float64(0.68), np.float64(0.68), np.float64(0.68), np.float64(1.68), np.float64(1.68), np.float64(3.58), np.float64(3.58), np.float64(3.58), np.float64(2.94), np.float64(2.94), np.float64(2.94), np.float64(1.03), np.float64(1.03), np.float64(1.66), np.float64(1.66), np.float64(1.4), np.float64(1.4), np.float64(0.0), np.float64(0.0)]
~~~~~~~~~~~~~~~~~~~ Comparing the results ~~~~~~~~~~~~~~~~~~~
***** lp_objective: 0.0
***** lp_Sol_time: 4.88
     Drone (1):
          19         | 11         | 13         | 3          | 14         | 6         
s_times   0.0        | 77.1339    | 121.1067   | 164.6514   | 202.7195   | 242.5142  
c_times   43.5639    | 80.7167    | 124.0514   | 166.6695   | 205.6642   | 243.198   
travels   33.57      | 40.39      | 40.6       | 36.05      | 36.85      | 0.0       
charges   676.4361   | 639.2833   | 595.9486   | 553.3305   | 514.3358   | 476.802   
~~~~~~~~~~~~~~~~~~~~~~~~~~~~~~~~~~~~~~~~~~
     Drone (2):
          0          | 0          | 15         | 9          | 2          | 8         
s_times   0.0        | 0.0        | 0.0        | 25.2224    | 38.4752    | 43.3233   
c_times   0.0        | 0.0        | 1.0324     | 28.8052    | 40.4933    | 45.0003   
travels   0.0        | 10.78      | 24.19      | 9.67       | 2.83       | 0.0       
charges   720.0      | 720.0      | 718.9676   | 691.1948   | 679.5067   | 674.9997  
~~~~~~~~~~~~~~~~~~~~~~~~~~~~~~~~~~~~~~~~~~
     Drone (3):
          0          | 22         | 10         | 17         | 20         | 18        
s_times   0.0        | 0.0        | 30.64      | 68.6629    | 87.71      | 103.4638  
c_times   0.0        | 0.0        | 34.2229    | 70.32      | 89.1138    | 105.1209  
travels   0.0        | 30.64      | 34.44      | 17.39      | 14.35      | 0.0       
charges   720.0      | 720.0      | 685.7771   | 649.68     | 630.8862   | 614.8791  
~~~~~~~~~~~~~~~~~~~~~~~~~~~~~~~~~~~~~~~~~~
     Drone (4):
          0          | 7          | 4          | 16         | 12         | 5         
s_times   0.0        | 0.0        | 5.8169     | 20.9407    | 41.2031    | 80.9977   
c_times   0.0        | 1.6769     | 6.5007     | 21.9731    | 44.1477    | 81.6815   
travels   18.96      | 4.14       | 14.44      | 19.23      | 36.85      | 0.0       
charges   720.0      | 718.3231   | 713.4993   | 698.0269   | 675.8523   | 638.3185  
~~~~~~~~~~~~~~~~~~~~~~~~~~~~~~~~~~~~~~~~~~
***** nlp_objective: 0.0
***** nlp_Sol_time: 15.147
     Drone (1):
          9          | 20         | 5          | 13         | 6          | 3         
s_times   0.0        | 66.7429    | 92.4767    | 127.7105   | 167.5052   | 173.039   
c_times   33.9229    | 68.1467    | 93.1605    | 130.6552   | 168.189    | 175.0571  
travels   32.82      | 24.33      | 34.55      | 36.85      | 4.85       | 0.0       
charges   686.0771   | 651.8533   | 626.8395   | 589.3448   | 551.811    | 544.9429  
~~~~~~~~~~~~~~~~~~~~~~~~~~~~~~~~~~~~~~~~~~
     Drone (2):
          0          | 0          | 0          | 0          | 0          | 15        
s_times   0.0        | 0.0        | 0.0        | 0.0        | 0.0        | 0.0       
c_times   0.0        | 0.0        | 0.0        | 0.0        | 0.0        | 1.0324    
travels   0.0        | 0.0        | 0.0        | 0.0        | 10.78      | 0.0       
charges   720.0      | 720.0      | 720.0      | 720.0      | 720.0      | 718.9676  
~~~~~~~~~~~~~~~~~~~~~~~~~~~~~~~~~~~~~~~~~~
     Drone (3):
          7          | 12         | 11         | 18         | 16         | 14        
s_times   0.0        | 66.5669    | 115.0816   | 153.1045   | 183.1816   | 203.4439  
c_times   33.6869    | 69.5116    | 118.6645   | 154.7616   | 184.2139   | 206.3886  
travels   32.88      | 45.57      | 34.44      | 28.42      | 19.23      | 0.0       
charges   686.3131   | 650.4884   | 601.3355   | 565.2384   | 535.7861   | 513.6114  
~~~~~~~~~~~~~~~~~~~~~~~~~~~~~~~~~~~~~~~~~~
     Drone (4):
          19         | 10         | 4          | 2          | 17         | 8         
s_times   0.0        | 77.1339    | 89.2567    | 94.7905    | 122.0686   | 149.0657  
c_times   43.5639    | 80.7167    | 89.9405    | 96.8086    | 123.7257   | 150.7427  
travels   33.57      | 8.54       | 4.85       | 25.26      | 25.34      | 0.0       
charges   676.4361   | 639.2833   | 630.0595   | 623.1914   | 596.2743   | 569.2573  
~~~~~~~~~~~~~~~~~~~~~~~~~~~~~~~~~~~~~~~~~~
