~~~~~~~~~~~~~~~~~~~ [3, 'SB', 6, 120] ~~~~~~~~~~~~~~~~~~~
     seed: 6753448363228804836
 Families: [[1], [2, 3], [4, 5, 6], [7, 8], [9, 10, 11], [12]]
  i_times: [1110.0, 750.0, 930.0, 570.0]
Fam slots: [[0, 7], [0, 5, 7], [1, 7], [0, 4, 6]]
Ear_dates: [0, 0.0, 1260.0, 0.0, 900.0, 1260.0, 180.0, 1260.0, 0.0, 720.0, 1080.0, 0]
Due_dates: [1440, 180.0, 1440.0, 180.0, 1080.0, 1440.0, 360.0, 1440.0, 180.0, 900.0, 1260.0, 1440]
Monitor_t: [60.0, 2.02, 2.02, 0.68, 0.68, 0.68, 1.68, 1.68, 3.58, 3.58, 3.58, 0.0]
~~~~~~~~~~~~~~~~~~~ Comparing the results ~~~~~~~~~~~~~~~~~~~
***** lp_Variables: 3152
***** lp_Constraints: 5091
***** lp_objective: 2880
***** lp_Sol_time: 2.238
     Drone (1):
          12         | 12         | 12         | 12         | 12        
s_times   0          | 1440       | 1440       | 1440       | 1440      
c_times   1440       | 1440       | 1440       | 1440       | 1440      
travels   0.0        | 0.0        | 0.0        | 0.0        | 0.0       
charges   0          | 0          | 0          | 0          | 0         
~~~~~~~~~~~~~~~~~~~~~~~~~~~~~~~~~~~~~~~~~~
     Drone (2):
          12         | 12         | 12         | 12         | 12        
s_times   0          | 1440       | 1440       | 1440       | 1440      
c_times   1440       | 1440       | 1440       | 1440       | 1440      
travels   0.0        | 0.0        | 0.0        | 0.0        | 0.0       
charges   0          | 0          | 0          | 0          | 0         
~~~~~~~~~~~~~~~~~~~~~~~~~~~~~~~~~~~~~~~~~~
     Drone (3):
          12         | 12         | 12         | 12         | 12        
s_times   0          | 1440       | 1440       | 1440       | 1440      
c_times   1440       | 1440       | 1440       | 1440       | 1440      
travels   0.0        | 0.0        | 0.0        | 0.0        | 0.0       
charges   0          | 0          | 0          | 0          | 0         
~~~~~~~~~~~~~~~~~~~~~~~~~~~~~~~~~~~~~~~~~~
***** nlp_Variables: 488
***** nlp_Constraints: 127
***** nlp_objective: 0.0
***** nlp_Sol_time: 8.901
     Drone (1):
          12         | 12         | 12         | 4          | 9          | 2         
s_times   0.0        | 31.02      | 31.02      | 149.32     | 159.13     | 172.38    
c_times   31.02      | 31.02      | 147.14     | 150.0      | 162.71     | 174.4     
travels   0.0        | 0.0        | 2.18       | 9.13       | 9.67       | 0.0       
charges   120.0      | 120.0      | 120.0      | 117.14     | 104.43     | 92.74     
~~~~~~~~~~~~~~~~~~~~~~~~~~~~~~~~~~~~~~~~~~
     Drone (2):
          12         | 11         | 3          | 8          | 12         | 6         
s_times   0.0        | 1256.42    | 1269.67    | 1274.52    | 1281.56    | 1283.74   
c_times   1248.62    | 1260.0     | 1271.69    | 1276.2     | 1281.56    | 1284.42   
travels   7.8        | 9.67       | 2.83       | 5.36       | 2.18       | 0.0       
charges   120.0      | 108.62     | 96.93      | 92.42      | 87.06      | 84.2      
~~~~~~~~~~~~~~~~~~~~~~~~~~~~~~~~~~~~~~~~~~
     Drone (3):
          12         | 7          | 12         | 10         | 12         | 5         
s_times   0.0        | 342.84     | 349.88     | 732.71     | 743.55     | 900.0     
c_times   338.91     | 344.52     | 724.91     | 736.29     | 897.82     | 900.68    
travels   3.93       | 5.36       | 7.8        | 7.26       | 2.18       | 0.0       
charges   120.0      | 114.39     | 109.03     | 97.65      | 90.39      | 87.53     
~~~~~~~~~~~~~~~~~~~~~~~~~~~~~~~~~~~~~~~~~~
