~~~~~~~~~~~~~~~~~~~ [3, 'SB', 6, 120] ~~~~~~~~~~~~~~~~~~~
     seed: 7648418616175833662
 Families: [[1], [2, 3], [4, 5, 6], [7, 8], [9, 10, 11], [12]]
  i_times: [30.0, 390.0, 210.0, 210.0]
Fam slots: [[3, 4], [1, 3, 6], [1, 3], [0, 1, 3]]
Ear_dates: [0, 540.0, 720.0, 180.0, 540.0, 1080.0, 180.0, 540.0, 0.0, 180.0, 540.0, 0]
Due_dates: [1440, 720.0, 900.0, 360.0, 720.0, 1260.0, 360.0, 720.0, 180.0, 360.0, 720.0, 1440]
Monitor_t: [60.0, 2.02, 2.02, 0.68, 0.68, 0.68, 1.68, 1.68, 3.58, 3.58, 3.58, 0.0]
~~~~~~~~~~~~~~~~~~~ Comparing the results ~~~~~~~~~~~~~~~~~~~
***** lp_Variables: 3152
***** lp_Constraints: 5091
***** lp_objective: 2880
***** lp_Sol_time: 2.238
     Drone (1):
          12         | 12         | 12         | 12         | 12        
s_times   0          | 1440       | 1440       | 1440       | 1440      
c_times   1440       | 1440       | 1440       | 1440       | 1440      
travels   0.0        | 0.0        | 0.0        | 0.0        | 0.0       
charges   0          | 0          | 0          | 0          | 0         
~~~~~~~~~~~~~~~~~~~~~~~~~~~~~~~~~~~~~~~~~~
     Drone (2):
          12         | 12         | 12         | 12         | 12        
s_times   0          | 1440       | 1440       | 1440       | 1440      
c_times   1440       | 1440       | 1440       | 1440       | 1440      
travels   0.0        | 0.0        | 0.0        | 0.0        | 0.0       
charges   0          | 0          | 0          | 0          | 0         
~~~~~~~~~~~~~~~~~~~~~~~~~~~~~~~~~~~~~~~~~~
     Drone (3):
          12         | 12         | 12         | 12         | 12        
s_times   0          | 1440       | 1440       | 1440       | 1440      
c_times   1440       | 1440       | 1440       | 1440       | 1440      
travels   0.0        | 0.0        | 0.0        | 0.0        | 0.0       
charges   0          | 0          | 0          | 0          | 0         
~~~~~~~~~~~~~~~~~~~~~~~~~~~~~~~~~~~~~~~~~~
***** nlp_Variables: 488
***** nlp_Constraints: 127
***** nlp_objective: 0.0
***** nlp_Sol_time: 3.638
     Drone (1):
          12         | 4          | 12         | 7          | 12         | 8         
s_times   0.0        | 323.79     | 326.39     | 330.32     | 337.36     | 540.0     
c_times   321.61     | 324.47     | 326.39     | 332.0      | 536.07     | 541.68    
travels   2.18       | 1.92       | 3.93       | 5.36       | 3.93       | 0.0       
charges   120.0      | 117.14     | 115.22     | 109.61     | 104.25     | 98.64     
~~~~~~~~~~~~~~~~~~~~~~~~~~~~~~~~~~~~~~~~~~
     Drone (2):
          12         | 11         | 12         | 2          | 5          | 3         
s_times   0.0        | 570.0      | 580.84     | 709.74     | 714.47     | 720.0     
c_times   562.2      | 573.58     | 706.38     | 711.76     | 715.15     | 722.02    
travels   7.8        | 7.26       | 3.36       | 2.71       | 4.85       | 0.0       
charges   120.0      | 108.62     | 101.36     | 95.98      | 92.59      | 85.72     
~~~~~~~~~~~~~~~~~~~~~~~~~~~~~~~~~~~~~~~~~~
     Drone (3):
          12         | 9          | 12         | 10         | 12         | 6         
s_times   0.0        | 142.84     | 153.68     | 356.42     | 367.26     | 1080.0    
c_times   135.04     | 146.42     | 348.62     | 360.0      | 1077.82    | 1080.68   
travels   7.8        | 7.26       | 7.8        | 7.26       | 2.18       | 0.0       
charges   120.0      | 108.62     | 101.36     | 89.98      | 82.72      | 79.86     
~~~~~~~~~~~~~~~~~~~~~~~~~~~~~~~~~~~~~~~~~~
