~~~~~~~~~~~~~~~~~~~ [3, 'SB', 5, 180] ~~~~~~~~~~~~~~~~~~~
     seed: 5064599960015400994
 Families: [[1], [2, 3], [4, 5, 6], [7, 8], [9, 10, 11], [12]]
  i_times: [570.0, 390.0, 210.0, 750.0]
Fam slots: [[0, 4], [1, 4, 5], [0, 2], [0, 5, 7]]
Ear_dates: [0, 0.0, 720.0, 180.0, 720.0, 900.0, 0.0, 360.0, 0.0, 900.0, 1260.0, 0]
Due_dates: [1440, 180.0, 900.0, 360.0, 900.0, 1080.0, 180.0, 540.0, 180.0, 1080.0, 1440.0, 1440]
Monitor_t: [60.0, 2.02, 2.02, 0.68, 0.68, 0.68, 1.68, 1.68, 3.58, 3.58, 3.58, 0.0]
~~~~~~~~~~~~~~~~~~~ Comparing the results ~~~~~~~~~~~~~~~~~~~
***** lp_Variables: 3742
***** lp_Constraints: 6798
***** lp_objective: 0.0
     Drone (1):
          12         | 9          | 2          | 12         | 7         
s_times   0.0        | 146.42     | 159.67     | 163.79     | 167.72    
c_times   138.62     | 150.0      | 161.69     | 163.79     | 169.4     
travels   7.8        | 9.67       | 2.1        | 3.93       | 0.0       
charges   180.0      | 168.62     | 156.93     | 154.83     | 149.22    
~~~~~~~~~~~~~~~~~~~~~~~~~~~~~~~~~~~~~~~~~~
     Drone (2):
          12         | 1          | 12         | 3          | 5         
s_times   0.0        | 31.02      | 122.04     | 731.69     | 736.42    
c_times   0.0        | 91.02      | 728.33     | 733.71     | 737.1     
travels   31.02      | 31.02      | 3.36       | 2.71       | 0.0       
charges   180.0      | 180.0      | 148.98     | 143.6      | 140.21    
~~~~~~~~~~~~~~~~~~~~~~~~~~~~~~~~~~~~~~~~~~
     Drone (3):
          12         | 4          | 8          | 12         | 11        
s_times   0.0        | 356.17     | 360.0      | 367.04     | 1260.0    
c_times   353.99     | 356.85     | 361.68     | 1252.2     | 1263.58   
travels   2.18       | 3.15       | 5.36       | 7.8        | 0.0       
charges   180.0      | 177.14     | 172.31     | 166.95     | 155.57    
~~~~~~~~~~~~~~~~~~~~~~~~~~~~~~~~~~~~~~~~~~
     Drone (4):
          12         | 12         | 10         | 6          | 1         
s_times   0.0        | 0.0        | 900.0      | 912.12     | 945.55    
c_times   0.0        | 892.2      | 903.58     | 912.8      | 1005.55   
travels   0.0        | 7.8        | 8.54       | 32.75      | 0.0       
charges   180.0      | 180.0      | 168.62     | 159.4      | 180.0     
~~~~~~~~~~~~~~~~~~~~~~~~~~~~~~~~~~~~~~~~~~
***** nlp_Variables: 542
***** nlp_Constraints: 138
***** nlp_objective: 0.0
     Drone (1):
          12         | 3          | 5          | 12         | 11        
s_times   0.0        | 737.02     | 741.75     | 744.35     | 1436.42   
c_times   733.66     | 739.04     | 742.43     | 1428.62    | 1440.0    
travels   3.36       | 2.71       | 1.92       | 7.8        | 0.0       
charges   180.0      | 174.62     | 171.23     | 169.31     | 157.93    
~~~~~~~~~~~~~~~~~~~~~~~~~~~~~~~~~~~~~~~~~~
     Drone (2):
          12         | 12         | 1          | 6          | 10        
s_times   0.0        | 31.02      | 827.58     | 920.19     | 930.0     
c_times   31.02      | 796.56     | 887.58     | 920.87     | 933.58    
travels   0.0        | 31.02      | 32.61      | 9.13       | 0.0       
charges   180.0      | 180.0      | 180.0      | 146.71     | 134.0     
~~~~~~~~~~~~~~~~~~~~~~~~~~~~~~~~~~~~~~~~~~
     Drone (3):
          12         | 12         | 7          | 2          | 9         
s_times   0.0        | 154.25     | 158.18     | 165.0      | 176.42    
c_times   154.25     | 154.25     | 159.86     | 167.02     | 180.0     
travels   0.0        | 3.93       | 5.14       | 9.4        | 0.0       
charges   180.0      | 180.0      | 174.39     | 167.23     | 154.25    
~~~~~~~~~~~~~~~~~~~~~~~~~~~~~~~~~~~~~~~~~~
     Drone (4):
          12         | 1          | 4          | 8          | 12        
s_times   0.0        | 263.56     | 356.17     | 360.0      | 367.04    
c_times   232.54     | 323.56     | 356.85     | 361.68     | 367.04    
travels   31.02      | 32.61      | 3.15       | 5.36       | 0.0       
charges   180.0      | 180.0      | 146.71     | 141.88     | 136.52    
~~~~~~~~~~~~~~~~~~~~~~~~~~~~~~~~~~~~~~~~~~
