~~~~~~~~~~~~~~~~~~~ [3, 'SB', 5, 180] ~~~~~~~~~~~~~~~~~~~
     seed: 4598150444446432357
 Families: [[1], [2, 3], [4, 5, 6], [7, 8], [9, 10, 11], [12]]
  i_times: [210.0, 390.0, 30.0, 210.0]
Fam slots: [[1, 3], [3, 6, 7], [3, 4], [1, 2, 4]]
Ear_dates: [0, 180.0, 540.0, 540.0, 1080.0, 1260.0, 540.0, 720.0, 180.0, 360.0, 720.0, 0]
Due_dates: [1440, 360.0, 720.0, 720.0, 1260.0, 1440.0, 720.0, 900.0, 360.0, 540.0, 900.0, 1440]
Monitor_t: [60.0, 2.02, 2.02, 0.68, 0.68, 0.68, 1.68, 1.68, 3.58, 3.58, 3.58, 0.0]
~~~~~~~~~~~~~~~~~~~ Comparing the results ~~~~~~~~~~~~~~~~~~~
***** lp_Variables: 3742
***** lp_Constraints: 6798
***** lp_objective: 0.0
     Drone (1):
          12         | 2          | 12         | 7          | 4         
s_times   0.0        | 337.65     | 341.77     | 713.5      | 719.32    
c_times   334.29     | 339.67     | 709.57     | 715.18     | 720.0     
travels   3.36       | 2.1        | 3.93       | 4.14       | 0.0       
charges   180.0      | 174.62     | 172.52     | 166.91     | 162.09    
~~~~~~~~~~~~~~~~~~~~~~~~~~~~~~~~~~~~~~~~~~
     Drone (2):
          12         | 12         | 12         | 8          | 11        
s_times   0.0        | 0.0        | 716.07     | 720.0      | 734.77    
c_times   0.0        | 716.07     | 716.07     | 721.68     | 738.35    
travels   0.0        | 0.0        | 3.93       | 13.09      | 0.0       
charges   180.0      | 180.0      | 180.0      | 174.39     | 157.72    
~~~~~~~~~~~~~~~~~~~~~~~~~~~~~~~~~~~~~~~~~~
     Drone (3):
          12         | 10         | 3          | 12         | 6         
s_times   0.0        | 526.75     | 540.0      | 544.12     | 1260.0    
c_times   518.95     | 530.33     | 542.02     | 1257.82    | 1260.68   
travels   7.8        | 9.67       | 2.1        | 2.18       | 0.0       
charges   180.0      | 168.62     | 156.93     | 154.83     | 151.97    
~~~~~~~~~~~~~~~~~~~~~~~~~~~~~~~~~~~~~~~~~~
     Drone (4):
          12         | 12         | 9          | 12         | 5         
s_times   0.0        | 0.0        | 356.42     | 367.26     | 1080.0    
c_times   0.0        | 348.62     | 360.0      | 1077.82    | 1080.68   
travels   0.0        | 7.8        | 7.26       | 2.18       | 0.0       
charges   180.0      | 180.0      | 168.62     | 161.36     | 158.5     
~~~~~~~~~~~~~~~~~~~~~~~~~~~~~~~~~~~~~~~~~~
***** nlp_Variables: 542
***** nlp_Constraints: 138
***** nlp_objective: 0.0
     Drone (1):
          12         | 2          | 12         | 11         | 1         
s_times   0.0        | 357.98     | 362.1      | 740.33     | 777.54    
c_times   354.62     | 360.0      | 732.53     | 743.91     | 837.54    
travels   3.36       | 2.1        | 7.8        | 33.63      | 0.0       
charges   180.0      | 174.62     | 172.52     | 161.14     | 180.0     
~~~~~~~~~~~~~~~~~~~~~~~~~~~~~~~~~~~~~~~~~~
     Drone (2):
          12         | 7          | 4          | 12         | 5         
s_times   0.0        | 688.32     | 694.14     | 696.74     | 1084.82   
c_times   684.39     | 690.0      | 694.82     | 1082.64    | 1085.5    
travels   3.93       | 4.14       | 1.92       | 2.18       | 0.0       
charges   180.0      | 174.39     | 169.57     | 167.65     | 164.79    
~~~~~~~~~~~~~~~~~~~~~~~~~~~~~~~~~~~~~~~~~~
     Drone (3):
          12         | 12         | 8          | 12         | 6         
s_times   0.0        | 716.07     | 720.0      | 727.04     | 1260.0    
c_times   716.07     | 716.07     | 721.68     | 1257.82    | 1260.68   
travels   0.0        | 3.93       | 5.36       | 2.18       | 0.0       
charges   180.0      | 180.0      | 174.39     | 169.03     | 166.17    
~~~~~~~~~~~~~~~~~~~~~~~~~~~~~~~~~~~~~~~~~~
     Drone (4):
          12         | 9          | 12         | 10         | 3         
s_times   0.0        | 313.17     | 324.01     | 526.75     | 540.0     
c_times   305.37     | 316.75     | 518.95     | 530.33     | 542.02    
travels   7.8        | 7.26       | 7.8        | 9.67       | 0.0       
charges   180.0      | 168.62     | 161.36     | 149.98     | 138.29    
~~~~~~~~~~~~~~~~~~~~~~~~~~~~~~~~~~~~~~~~~~
