~~~~~~~~~~~~~~~~~~~ [3, 'SB', 5, 180] ~~~~~~~~~~~~~~~~~~~
     seed: 4599256820385282691
 Families: [[1], [2, 3], [4, 5, 6], [7, 8], [9, 10, 11], [12]]
  i_times: [570.0, 930.0, 750.0, 210.0]
Fam slots: [[0, 4], [0, 1, 7], [0, 5], [4, 6, 7]]
Ear_dates: [0, 0.0, 720.0, 0.0, 180.0, 1260.0, 0.0, 900.0, 720.0, 1080.0, 1260.0, 0]
Due_dates: [1440, 180.0, 900.0, 180.0, 360.0, 1440.0, 180.0, 1080.0, 900.0, 1260.0, 1440.0, 1440]
Monitor_t: [60.0, 2.02, 2.02, 0.68, 0.68, 0.68, 1.68, 1.68, 3.58, 3.58, 3.58, 0.0]
~~~~~~~~~~~~~~~~~~~ Comparing the results ~~~~~~~~~~~~~~~~~~~
***** lp_Variables: 3742
***** lp_Constraints: 6798
***** lp_objective: 0.0
     Drone (1):
          12         | 8          | 12         | 6          | 11        
s_times   0.0        | 904.51     | 911.55     | 1260.0     | 1269.81   
c_times   900.58     | 906.19     | 1257.82    | 1260.68    | 1273.39   
travels   3.93       | 5.36       | 2.18       | 9.13       | 0.0       
charges   180.0      | 174.39     | 169.03     | 166.17     | 153.46    
~~~~~~~~~~~~~~~~~~~~~~~~~~~~~~~~~~~~~~~~~~
     Drone (2):
          4          | 12         | 9          | 12         | 10        
s_times   0.0        | 35.21      | 866.42     | 877.26     | 1080.0    
c_times   33.29      | 858.62     | 870.0      | 1072.2     | 1083.58   
travels   1.92       | 7.8        | 7.26       | 7.8        | 0.0       
charges   146.71     | 144.79     | 133.41     | 126.15     | 114.77    
~~~~~~~~~~~~~~~~~~~~~~~~~~~~~~~~~~~~~~~~~~
     Drone (3):
          12         | 3          | 12         | 12         | 12        
s_times   0.0        | 720.0      | 724.12     | 724.12     | 724.12    
c_times   716.64     | 722.02     | 724.12     | 724.12     | 724.12    
travels   3.36       | 2.1        | 0.0        | 0.0        | 0.0       
charges   180.0      | 174.62     | 172.52     | 172.52     | 172.52    
~~~~~~~~~~~~~~~~~~~~~~~~~~~~~~~~~~~~~~~~~~
     Drone (4):
          12         | 2          | 7          | 12         | 5         
s_times   0.0        | 147.98     | 152.83     | 159.87     | 329.32    
c_times   144.62     | 150.0      | 154.51     | 327.14     | 330.0     
travels   3.36       | 2.83       | 5.36       | 2.18       | 0.0       
charges   180.0      | 174.62     | 170.11     | 164.75     | 161.89    
~~~~~~~~~~~~~~~~~~~~~~~~~~~~~~~~~~~~~~~~~~
***** nlp_Variables: 542
***** nlp_Constraints: 138
***** nlp_objective: 0.0
     Drone (1):
          12         | 2          | 7          | 12         | 10        
s_times   0.0        | 147.98     | 152.83     | 159.87     | 1080.0    
c_times   144.62     | 150.0      | 154.51     | 1072.2     | 1083.58   
travels   3.36       | 2.83       | 5.36       | 7.8        | 0.0       
charges   180.0      | 174.62     | 170.11     | 164.75     | 153.37    
~~~~~~~~~~~~~~~~~~~~~~~~~~~~~~~~~~~~~~~~~~
     Drone (2):
          4          | 12         | 6          | 11         | 12        
s_times   0.0        | 35.21      | 1260.0     | 1269.81    | 1280.65   
c_times   33.29      | 1257.82    | 1260.68    | 1273.39    | 1280.65   
travels   1.92       | 2.18       | 9.13       | 7.26       | 0.0       
charges   146.71     | 144.79     | 141.93     | 129.22     | 121.96    
~~~~~~~~~~~~~~~~~~~~~~~~~~~~~~~~~~~~~~~~~~
     Drone (3):
          12         | 5          | 12         | 12         | 9         
s_times   0.0        | 329.32     | 331.92     | 331.92     | 866.42    
c_times   327.14     | 330.0      | 331.92     | 858.62     | 870.0     
travels   2.18       | 1.92       | 0.0        | 7.8        | 0.0       
charges   180.0      | 177.14     | 175.22     | 175.22     | 163.84    
~~~~~~~~~~~~~~~~~~~~~~~~~~~~~~~~~~~~~~~~~~
     Drone (4):
          12         | 12         | 3          | 12         | 8         
s_times   0.0        | 31.02      | 720.0      | 724.12     | 904.51    
c_times   31.02      | 716.64     | 722.02     | 900.58     | 906.19    
travels   0.0        | 3.36       | 2.1        | 3.93       | 0.0       
charges   180.0      | 180.0      | 174.62     | 172.52     | 166.91    
~~~~~~~~~~~~~~~~~~~~~~~~~~~~~~~~~~~~~~~~~~
