~~~~~~~~~~~~~~~~~~~ [3, 'SB', 5, 180] ~~~~~~~~~~~~~~~~~~~
     seed: 7149366816696768308
 Families: [[1], [2, 3], [4, 5, 6], [7, 8], [9, 10, 11], [12]]
  i_times: [930.0, 390.0, 570.0, 570.0]
Fam slots: [[0, 6], [0, 2, 5], [3, 7], [0, 4, 5]]
Ear_dates: [0, 0.0, 1080.0, 0.0, 360.0, 900.0, 540.0, 1260.0, 0.0, 720.0, 900.0, 0]
Due_dates: [1440, 180.0, 1260.0, 180.0, 540.0, 1080.0, 720.0, 1440.0, 180.0, 900.0, 1080.0, 1440]
Monitor_t: [60.0, 2.02, 2.02, 0.68, 0.68, 0.68, 1.68, 1.68, 3.58, 3.58, 3.58, 0.0]
~~~~~~~~~~~~~~~~~~~ Comparing the results ~~~~~~~~~~~~~~~~~~~
***** lp_Variables: 3742
***** lp_Constraints: 6798
***** lp_objective: 0.0
     Drone (1):
          12         | 6          | 12         | 11         | 3         
s_times   0.0        | 900.0      | 902.6      | 1066.75    | 1080.0    
c_times   897.82     | 900.68     | 1058.95    | 1070.33    | 1082.02   
travels   2.18       | 1.92       | 7.8        | 9.67       | 0.0       
charges   180.0      | 177.14     | 175.22     | 163.84     | 152.15    
~~~~~~~~~~~~~~~~~~~~~~~~~~~~~~~~~~~~~~~~~~
     Drone (2):
          12         | 4          | 2          | 12         | 9         
s_times   0.0        | 142.45     | 147.98     | 152.1      | 159.9     
c_times   140.27     | 143.13     | 150.0      | 152.1      | 163.48    
travels   2.18       | 4.85       | 2.1        | 7.8        | 0.0       
charges   180.0      | 177.14     | 170.27     | 168.17     | 156.79    
~~~~~~~~~~~~~~~~~~~~~~~~~~~~~~~~~~~~~~~~~~
     Drone (3):
          12         | 5          | 12         | 1          | 8         
s_times   0.0        | 509.32     | 511.92     | 1167.99    | 1260.0    
c_times   507.14     | 510.0      | 1136.97    | 1227.99    | 1261.68   
travels   2.18       | 1.92       | 31.02      | 32.01      | 0.0       
charges   180.0      | 177.14     | 175.22     | 180.0      | 146.31    
~~~~~~~~~~~~~~~~~~~~~~~~~~~~~~~~~~~~~~~~~~
     Drone (4):
          12         | 12         | 1          | 7          | 10        
s_times   0.0        | 286.47     | 613.22     | 705.23     | 720.0     
c_times   286.47     | 582.2      | 673.22     | 706.91     | 723.58    
travels   0.0        | 31.02      | 32.01      | 13.09      | 0.0       
charges   180.0      | 180.0      | 180.0      | 146.31     | 129.64    
~~~~~~~~~~~~~~~~~~~~~~~~~~~~~~~~~~~~~~~~~~
***** nlp_Variables: 542
***** nlp_Constraints: 138
***** nlp_objective: 0.0
     Drone (1):
          12         | 4          | 1          | 12         | 6         
s_times   0.0        | 118.64     | 152.07     | 243.09     | 900.0     
c_times   116.46     | 119.32     | 212.07     | 897.82     | 900.68    
travels   2.18       | 32.75      | 31.02      | 2.18       | 0.0       
charges   180.0      | 177.14     | 180.0      | 148.98     | 146.12    
~~~~~~~~~~~~~~~~~~~~~~~~~~~~~~~~~~~~~~~~~~
     Drone (2):
          12         | 9          | 2          | 12         | 5         
s_times   0.0        | 146.42     | 159.67     | 163.79     | 509.32    
c_times   138.62     | 150.0      | 161.69     | 507.14     | 510.0     
travels   7.8        | 9.67       | 2.1        | 2.18       | 0.0       
charges   180.0      | 168.62     | 156.93     | 154.83     | 151.97    
~~~~~~~~~~~~~~~~~~~~~~~~~~~~~~~~~~~~~~~~~~
     Drone (3):
          12         | 10         | 12         | 8          | 1         
s_times   0.0        | 720.0      | 730.84     | 1260.0     | 1293.18   
c_times   712.2      | 723.58     | 1256.07    | 1261.68    | 1353.18   
travels   7.8        | 7.26       | 3.93       | 31.5       | 0.0       
charges   180.0      | 168.62     | 161.36     | 155.75     | 180.0     
~~~~~~~~~~~~~~~~~~~~~~~~~~~~~~~~~~~~~~~~~~
     Drone (4):
          12         | 7          | 12         | 11         | 3         
s_times   0.0        | 688.32     | 695.36     | 1066.75    | 1080.0    
c_times   684.39     | 690.0      | 1058.95    | 1070.33    | 1082.02   
travels   3.93       | 5.36       | 7.8        | 9.67       | 0.0       
charges   180.0      | 174.39     | 169.03     | 157.65     | 145.96    
~~~~~~~~~~~~~~~~~~~~~~~~~~~~~~~~~~~~~~~~~~
