~~~~~~~~~~~~~~~~~~~ [3, 'SB', 5, 180] ~~~~~~~~~~~~~~~~~~~
     seed: 8194522665908119848
 Families: [[1], [2, 3], [4, 5, 6], [7, 8], [9, 10, 11], [12]]
  i_times: [30.0, 30.0, 210.0, 390.0]
Fam slots: [[3, 4], [5, 6, 7], [2, 4], [0, 3, 6]]
Ear_dates: [0, 540.0, 720.0, 900.0, 1080.0, 1260.0, 360.0, 720.0, 0.0, 540.0, 1080.0, 0]
Due_dates: [1440, 720.0, 900.0, 1080.0, 1260.0, 1440.0, 540.0, 900.0, 180.0, 720.0, 1260.0, 1440]
Monitor_t: [60.0, 2.02, 2.02, 0.68, 0.68, 0.68, 1.68, 1.68, 3.58, 3.58, 3.58, 0.0]
~~~~~~~~~~~~~~~~~~~ Comparing the results ~~~~~~~~~~~~~~~~~~~
***** lp_Variables: 2807
***** lp_Constraints: 4502
***** lp_objective: 475.93000000000006
     Drone (1):
          9          | 12         | 6         
s_times   0.0        | 41.18      | 784.07    
c_times   33.92      | 781.89     | 784.75    
travels   7.26       | 2.18       | 0.0       
charges   146.08     | 138.82     | 135.96    
~~~~~~~~~~~~~~~~~~~~~~~~~~~~~~~~~~~~~~~~~~
     Drone (2):
          12         | 11         | 8         
s_times   0.0        | 635.6      | 650.11    
c_times   627.8      | 639.18     | 651.79    
travels   7.8        | 10.93      | 0.0       
charges   180.0      | 168.62     | 156.01    
~~~~~~~~~~~~~~~~~~~~~~~~~~~~~~~~~~~~~~~~~~
     Drone (3):
          12         | 2          | 4         
s_times   0.0        | 717.98     | 722.71    
c_times   714.62     | 720.0      | 723.39    
travels   3.36       | 2.71       | 0.0       
charges   180.0      | 174.62     | 171.23    
~~~~~~~~~~~~~~~~~~~~~~~~~~~~~~~~~~~~~~~~~~
     Drone (4):
          12         | 10         | 7         
s_times   0.0        | 423.92     | 438.43    
c_times   416.12     | 427.5      | 440.11    
travels   7.8        | 10.93      | 0.0       
charges   180.0      | 168.62     | 156.01    
~~~~~~~~~~~~~~~~~~~~~~~~~~~~~~~~~~~~~~~~~~
     Drone (5):
          12         | 3          | 5         
s_times   0.0        | 748.66     | 753.39    
c_times   745.3      | 750.68     | 754.07    
travels   3.36       | 2.71       | 0.0       
charges   180.0      | 174.62     | 171.23    
~~~~~~~~~~~~~~~~~~~~~~~~~~~~~~~~~~~~~~~~~~
***** nlp_Variables: 407
***** nlp_Constraints: 107
***** nlp_objective: 475.9299999523037
     Drone (1):
          12         | 2          | 4         
s_times   0.0        | 717.98     | 722.71    
c_times   714.62     | 720.0      | 723.39    
travels   3.36       | 2.71       | 0.0       
charges   180.0      | 174.62     | 171.23    
~~~~~~~~~~~~~~~~~~~~~~~~~~~~~~~~~~~~~~~~~~
     Drone (2):
          12         | 6          | 11        
s_times   0.0        | 784.07     | 793.88    
c_times   781.89     | 784.75     | 797.46    
travels   2.18       | 9.13       | 0.0       
charges   180.0      | 177.14     | 164.43    
~~~~~~~~~~~~~~~~~~~~~~~~~~~~~~~~~~~~~~~~~~
     Drone (3):
          12         | 8          | 10        
s_times   0.0        | 409.15     | 423.92    
c_times   405.22     | 410.83     | 427.5     
travels   3.93       | 13.09      | 0.0       
charges   180.0      | 174.39     | 157.72    
~~~~~~~~~~~~~~~~~~~~~~~~~~~~~~~~~~~~~~~~~~
     Drone (4):
          12         | 3          | 5         
s_times   0.0        | 748.66     | 753.39    
c_times   745.3      | 750.68     | 754.07    
travels   3.36       | 2.71       | 0.0       
charges   180.0      | 174.62     | 171.23    
~~~~~~~~~~~~~~~~~~~~~~~~~~~~~~~~~~~~~~~~~~
     Drone (5):
          9          | 12         | 7         
s_times   0.0        | 41.18      | 197.47    
c_times   33.92      | 193.54     | 199.15    
travels   7.26       | 3.93       | 0.0       
charges   146.08     | 138.82     | 133.21    
~~~~~~~~~~~~~~~~~~~~~~~~~~~~~~~~~~~~~~~~~~
