~~~~~~~~~~~~~~~~~~~ [3, 'SB', 5, 180] ~~~~~~~~~~~~~~~~~~~
     seed: 4039608576030530826
 Families: [[1], [2, 3], [4, 5, 6], [7, 8], [9, 10, 11], [12]]
  i_times: [210.0, 390.0, 750.0, 390.0]
Fam slots: [[2, 4], [2, 3, 6], [2, 7], [1, 4, 5]]
Ear_dates: [0, 360.0, 720.0, 360.0, 540.0, 1080.0, 360.0, 1260.0, 180.0, 720.0, 900.0, 0]
Due_dates: [1440, 540.0, 900.0, 540.0, 720.0, 1260.0, 540.0, 1440.0, 360.0, 900.0, 1080.0, 1440]
Monitor_t: [60.0, 2.02, 2.02, 0.68, 0.68, 0.68, 1.68, 1.68, 3.58, 3.58, 3.58, 0.0]
~~~~~~~~~~~~~~~~~~~ Comparing the results ~~~~~~~~~~~~~~~~~~~
***** lp_Variables: 3368
***** lp_Constraints: 5398
***** lp_objective: 0.0
     Drone (1):
          12         | 12         | 5         
s_times   0.0        | 687.14     | 689.32    
c_times   687.14     | 687.14     | 690.0     
travels   0.0        | 2.18       | 0.0       
charges   180.0      | 180.0      | 177.14    
~~~~~~~~~~~~~~~~~~~~~~~~~~~~~~~~~~~~~~~~~~
     Drone (2):
          12         | 12         | 8         
s_times   0.0        | 0.0        | 1260.0    
c_times   0.0        | 1256.07    | 1261.68   
travels   0.0        | 3.93       | 0.0       
charges   180.0      | 180.0      | 174.39    
~~~~~~~~~~~~~~~~~~~~~~~~~~~~~~~~~~~~~~~~~~
     Drone (3):
          12         | 2          | 7         
s_times   0.0        | 507.98     | 512.83    
c_times   504.62     | 510.0      | 514.51    
travels   3.36       | 2.83       | 0.0       
charges   180.0      | 174.62     | 170.11    
~~~~~~~~~~~~~~~~~~~~~~~~~~~~~~~~~~~~~~~~~~
     Drone (4):
          12         | 9          | 4         
s_times   0.0        | 356.42     | 368.54    
c_times   348.62     | 360.0      | 369.22    
travels   7.8        | 8.54       | 0.0       
charges   180.0      | 168.62     | 159.4     
~~~~~~~~~~~~~~~~~~~~~~~~~~~~~~~~~~~~~~~~~~
     Drone (5):
          12         | 11         | 6         
s_times   0.0        | 1067.88    | 1080.0    
c_times   1060.08    | 1071.46    | 1080.68   
travels   7.8        | 8.54       | 0.0       
charges   180.0      | 168.62     | 159.4     
~~~~~~~~~~~~~~~~~~~~~~~~~~~~~~~~~~~~~~~~~~
     Drone (6):
          12         | 3          | 10        
s_times   0.0        | 720.0      | 731.42    
c_times   716.64     | 722.02     | 735.0     
travels   3.36       | 9.4        | 0.0       
charges   180.0      | 174.62     | 161.64    
~~~~~~~~~~~~~~~~~~~~~~~~~~~~~~~~~~~~~~~~~~
***** nlp_Variables: 488
***** nlp_Constraints: 124
***** nlp_objective: 0.0
     Drone (1):
          12         | 12         | 8         
s_times   0.0        | 31.02      | 1260.0    
c_times   31.02      | 1256.07    | 1261.68   
travels   0.0        | 3.93       | 0.0       
charges   180.0      | 180.0      | 174.39    
~~~~~~~~~~~~~~~~~~~~~~~~~~~~~~~~~~~~~~~~~~
     Drone (2):
          12         | 9          | 4         
s_times   0.0        | 347.88     | 360.0     
c_times   340.08     | 351.46     | 360.68    
travels   7.8        | 8.54       | 0.0       
charges   180.0      | 168.62     | 159.4     
~~~~~~~~~~~~~~~~~~~~~~~~~~~~~~~~~~~~~~~~~~
     Drone (3):
          12         | 11         | 6         
s_times   0.0        | 1076.42    | 1088.54   
c_times   1068.62    | 1080.0     | 1089.22   
travels   7.8        | 8.54       | 0.0       
charges   180.0      | 168.62     | 159.4     
~~~~~~~~~~~~~~~~~~~~~~~~~~~~~~~~~~~~~~~~~~
     Drone (4):
          12         | 5          | 10        
s_times   0.0        | 719.32     | 729.13    
c_times   717.14     | 720.0      | 732.71    
travels   2.18       | 9.13       | 0.0       
charges   180.0      | 177.14     | 164.43    
~~~~~~~~~~~~~~~~~~~~~~~~~~~~~~~~~~~~~~~~~~
     Drone (5):
          12         | 7          | 2         
s_times   0.0        | 508.32     | 515.14    
c_times   504.39     | 510.0      | 517.16    
travels   3.93       | 5.14       | 0.0       
charges   180.0      | 174.39     | 167.23    
~~~~~~~~~~~~~~~~~~~~~~~~~~~~~~~~~~~~~~~~~~
     Drone (6):
          12         | 12         | 3         
s_times   0.0        | 31.02      | 727.16    
c_times   31.02      | 723.8      | 729.18    
travels   0.0        | 3.36       | 0.0       
charges   180.0      | 180.0      | 174.62    
~~~~~~~~~~~~~~~~~~~~~~~~~~~~~~~~~~~~~~~~~~
