~~~~~~~~~~~~~~~~~~~ [3, 'SB', 5, 180] ~~~~~~~~~~~~~~~~~~~
     seed: 5368041108207878570
 Families: [[1], [2, 3], [4, 5, 6], [7, 8], [9, 10, 11], [12]]
  i_times: [390.0, 390.0, 30.0, 210.0]
Fam slots: [[2, 5], [0, 3, 4], [3, 4], [0, 1, 3]]
Ear_dates: [0, 360.0, 900.0, 0.0, 540.0, 720.0, 540.0, 720.0, 0.0, 180.0, 540.0, 0]
Due_dates: [1440, 540.0, 1080.0, 180.0, 720.0, 900.0, 720.0, 900.0, 180.0, 360.0, 720.0, 1440]
Monitor_t: [60.0, 2.02, 2.02, 0.68, 0.68, 0.68, 1.68, 1.68, 3.58, 3.58, 3.58, 0.0]
~~~~~~~~~~~~~~~~~~~ Comparing the results ~~~~~~~~~~~~~~~~~~~
***** lp_Variables: 3368
***** lp_Constraints: 5398
***** lp_objective: 103.80999998951891
     Drone (1):
          12         | 10         | 12        
s_times   0.0        | 356.42     | 367.26    
c_times   348.62     | 360.0      | 367.26    
travels   7.8        | 7.26       | 0.0       
charges   180.0      | 168.62     | 161.36    
~~~~~~~~~~~~~~~~~~~~~~~~~~~~~~~~~~~~~~~~~~
     Drone (2):
          12         | 5          | 2         
s_times   0.0        | 523.71     | 529.24    
c_times   521.53     | 524.39     | 531.26    
travels   2.18       | 4.85       | 0.0       
charges   180.0      | 177.14     | 170.27    
~~~~~~~~~~~~~~~~~~~~~~~~~~~~~~~~~~~~~~~~~~
     Drone (3):
          12         | 3          | 6         
s_times   0.0        | 796.19     | 800.92    
c_times   792.83     | 798.21     | 801.6     
travels   3.36       | 2.71       | 0.0       
charges   180.0      | 174.62     | 171.23    
~~~~~~~~~~~~~~~~~~~~~~~~~~~~~~~~~~~~~~~~~~
     Drone (4):
          12         | 4          | 9         
s_times   0.0        | 133.03     | 142.84    
c_times   130.85     | 133.71     | 146.42    
travels   2.18       | 9.13       | 0.0       
charges   180.0      | 177.14     | 164.43    
~~~~~~~~~~~~~~~~~~~~~~~~~~~~~~~~~~~~~~~~~~
     Drone (5):
          12         | 12         | 8         
s_times   0.0        | 0.0        | 616.19    
c_times   0.0        | 612.26     | 617.87    
travels   0.0        | 3.93       | 0.0       
charges   180.0      | 180.0      | 174.39    
~~~~~~~~~~~~~~~~~~~~~~~~~~~~~~~~~~~~~~~~~~
     Drone (6):
          12         | 11         | 7         
s_times   0.0        | 570.0      | 584.51    
c_times   562.2      | 573.58     | 586.19    
travels   7.8        | 10.93      | 0.0       
charges   180.0      | 168.62     | 156.01    
~~~~~~~~~~~~~~~~~~~~~~~~~~~~~~~~~~~~~~~~~~
***** nlp_Variables: 488
***** nlp_Constraints: 124
***** nlp_objective: 103.8099999895184
     Drone (1):
          12         | 2          | 5         
s_times   0.0        | 518.98     | 523.71    
c_times   515.62     | 521.0      | 524.39    
travels   3.36       | 2.71       | 0.0       
charges   180.0      | 174.62     | 171.23    
~~~~~~~~~~~~~~~~~~~~~~~~~~~~~~~~~~~~~~~~~~
     Drone (2):
          12         | 6          | 3         
s_times   0.0        | 899.32     | 904.85    
c_times   897.14     | 900.0      | 906.87    
travels   2.18       | 4.85       | 0.0       
charges   180.0      | 177.14     | 170.27    
~~~~~~~~~~~~~~~~~~~~~~~~~~~~~~~~~~~~~~~~~~
     Drone (3):
          12         | 12         | 8         
s_times   0.0        | 612.26     | 616.19    
c_times   612.26     | 612.26     | 617.87    
travels   0.0        | 3.93       | 0.0       
charges   180.0      | 180.0      | 174.39    
~~~~~~~~~~~~~~~~~~~~~~~~~~~~~~~~~~~~~~~~~~
     Drone (4):
          12         | 4          | 9         
s_times   0.0        | 133.03     | 142.84    
c_times   130.85     | 133.71     | 146.42    
travels   2.18       | 9.13       | 0.0       
charges   180.0      | 177.14     | 164.43    
~~~~~~~~~~~~~~~~~~~~~~~~~~~~~~~~~~~~~~~~~~
     Drone (5):
          12         | 12         | 10        
s_times   0.0        | 31.02      | 356.42    
c_times   31.02      | 348.62     | 360.0     
travels   0.0        | 7.8        | 0.0       
charges   180.0      | 180.0      | 168.62    
~~~~~~~~~~~~~~~~~~~~~~~~~~~~~~~~~~~~~~~~~~
     Drone (6):
          12         | 11         | 7         
s_times   0.0        | 570.0      | 584.51    
c_times   562.2      | 573.58     | 586.19    
travels   7.8        | 10.93      | 0.0       
charges   180.0      | 168.62     | 156.01    
~~~~~~~~~~~~~~~~~~~~~~~~~~~~~~~~~~~~~~~~~~
