~~~~~~~~~~~~~~~~~~~ [3, 'SB', 5, 180] ~~~~~~~~~~~~~~~~~~~
     seed: 7398268232918813430
 Families: [[1], [2, 3], [4, 5, 6], [7, 8], [9, 10, 11], [12]]
  i_times: [570.0, 750.0, 210.0, 210.0]
Fam slots: [[3, 7], [1, 2, 7], [0, 2], [3, 4, 6]]
Ear_dates: [0, 540.0, 1260.0, 180.0, 360.0, 1260.0, 0.0, 360.0, 540.0, 720.0, 1080.0, 0]
Due_dates: [1440, 720.0, 1440.0, 360.0, 540.0, 1440.0, 180.0, 540.0, 720.0, 900.0, 1260.0, 1440]
Monitor_t: [60.0, 2.02, 2.02, 0.68, 0.68, 0.68, 1.68, 1.68, 3.58, 3.58, 3.58, 0.0]
~~~~~~~~~~~~~~~~~~~ Comparing the results ~~~~~~~~~~~~~~~~~~~
***** lp_Variables: 3742
***** lp_Constraints: 6798
***** lp_objective: 0.0
     Drone (1):
          12         | 11         | 12         | 6          | 3         
s_times   0.0        | 1107.42    | 1118.26    | 1260.0     | 1265.53   
c_times   1099.62    | 1111.0     | 1257.82    | 1260.68    | 1267.55   
travels   7.8        | 7.26       | 2.18       | 4.85       | 0.0       
charges   180.0      | 168.62     | 161.36     | 158.5      | 151.63    
~~~~~~~~~~~~~~~~~~~~~~~~~~~~~~~~~~~~~~~~~~
     Drone (2):
          12         | 7          | 12         | 10         | 12        
s_times   0.0        | 178.32     | 185.36     | 893.84     | 904.68    
c_times   174.39     | 180.0      | 886.04     | 897.42     | 1440.0    
travels   3.93       | 5.36       | 7.8        | 7.26       | 0.0       
charges   180.0      | 174.39     | 169.03     | 157.65     | 150.39    
~~~~~~~~~~~~~~~~~~~~~~~~~~~~~~~~~~~~~~~~~~
     Drone (3):
          12         | 8          | 12         | 12         | 5         
s_times   0.0        | 390.0      | 397.04     | 511.92     | 520.29    
c_times   386.07     | 391.68     | 511.92     | 518.11     | 520.97    
travels   3.93       | 5.36       | 0.0        | 2.18       | 0.0       
charges   180.0      | 174.39     | 169.03     | 169.03     | 166.17    
~~~~~~~~~~~~~~~~~~~~~~~~~~~~~~~~~~~~~~~~~~
     Drone (4):
          12         | 4          | 12         | 9          | 2         
s_times   0.0        | 180.0      | 182.6      | 680.26     | 693.51    
c_times   177.82     | 180.68     | 672.46     | 683.84     | 695.53    
travels   2.18       | 1.92       | 7.8        | 9.67       | 0.0       
charges   180.0      | 177.14     | 175.22     | 163.84     | 152.15    
~~~~~~~~~~~~~~~~~~~~~~~~~~~~~~~~~~~~~~~~~~
***** nlp_Variables: 542
***** nlp_Constraints: 138
***** nlp_objective: 0.0
     Drone (1):
          12         | 2          | 9          | 12         | 10        
s_times   0.0        | 687.98     | 699.4      | 710.24     | 866.42    
c_times   684.62     | 690.0      | 702.98     | 858.62     | 870.0     
travels   3.36       | 9.4        | 7.26       | 7.8        | 0.0       
charges   180.0      | 174.62     | 161.64     | 154.38     | 143.0     
~~~~~~~~~~~~~~~~~~~~~~~~~~~~~~~~~~~~~~~~~~
     Drone (2):
          12         | 4          | 8          | 12         | 11        
s_times   0.0        | 356.17     | 360.0      | 367.04     | 1080.0    
c_times   353.99     | 356.85     | 361.68     | 1072.2     | 1083.58   
travels   2.18       | 3.15       | 5.36       | 7.8        | 0.0       
charges   180.0      | 177.14     | 172.31     | 166.95     | 155.57    
~~~~~~~~~~~~~~~~~~~~~~~~~~~~~~~~~~~~~~~~~~
     Drone (3):
          12         | 7          | 12         | 3          | 6         
s_times   0.0        | 148.32     | 155.36     | 1260.0     | 1264.73   
c_times   144.39     | 150.0      | 1256.64    | 1262.02    | 1265.41   
travels   3.93       | 5.36       | 3.36       | 2.71       | 0.0       
charges   180.0      | 174.39     | 169.03     | 163.65     | 160.26    
~~~~~~~~~~~~~~~~~~~~~~~~~~~~~~~~~~~~~~~~~~
     Drone (4):
          12         | 12         | 5          | 12         | 12        
s_times   0.0        | 31.02      | 514.05     | 516.65     | 516.65    
c_times   31.02      | 511.87     | 514.73     | 516.65     | 516.65    
travels   0.0        | 2.18       | 1.92       | 0.0        | 0.0       
charges   180.0      | 180.0      | 177.14     | 175.22     | 175.22    
~~~~~~~~~~~~~~~~~~~~~~~~~~~~~~~~~~~~~~~~~~
