~~~~~~~~~~~~~~~~~~~ [3, 'SB', 5, 180] ~~~~~~~~~~~~~~~~~~~
     seed: 8098158765914202152
 Families: [[1], [2, 3], [4, 5, 6], [7, 8], [9, 10, 11], [12]]
  i_times: [210.0, 570.0, 210.0, 210.0]
Fam slots: [[0, 2], [0, 2, 6], [3, 5], [3, 4, 6]]
Ear_dates: [0, 0.0, 360.0, 0.0, 360.0, 1080.0, 540.0, 900.0, 540.0, 720.0, 1080.0, 0]
Due_dates: [1440, 180.0, 540.0, 180.0, 540.0, 1260.0, 720.0, 1080.0, 720.0, 900.0, 1260.0, 1440]
Monitor_t: [60.0, 2.02, 2.02, 0.68, 0.68, 0.68, 1.68, 1.68, 3.58, 3.58, 3.58, 0.0]
~~~~~~~~~~~~~~~~~~~ Comparing the results ~~~~~~~~~~~~~~~~~~~
***** lp_Variables: 3742
***** lp_Constraints: 6798
***** lp_objective: 0.0
     Drone (1):
          12         | 1          | 10         | 12         | 11        
s_times   0.0        | 776.08     | 866.42     | 877.26     | 1080.0    
c_times   745.06     | 836.08     | 870.0      | 1072.2     | 1083.58   
travels   31.02      | 30.34      | 7.26       | 7.8        | 0.0       
charges   180.0      | 180.0      | 146.08     | 138.82     | 127.44    
~~~~~~~~~~~~~~~~~~~~~~~~~~~~~~~~~~~~~~~~~~
     Drone (2):
          4          | 1          | 2          | 12         | 5         
s_times   0.0        | 66.04      | 153.98     | 158.1      | 509.32    
c_times   33.29      | 126.04     | 156.0      | 507.14     | 510.0     
travels   32.75      | 27.94      | 2.1        | 2.18       | 0.0       
charges   146.71     | 180.0      | 150.04     | 147.94     | 145.08    
~~~~~~~~~~~~~~~~~~~~~~~~~~~~~~~~~~~~~~~~~~
     Drone (3):
          12         | 3          | 12         | 8          | 12        
s_times   0.0        | 360.0      | 364.12     | 900.0      | 907.04    
c_times   356.64     | 362.02     | 896.07     | 901.68     | 907.04    
travels   3.36       | 2.1        | 3.93       | 5.36       | 0.0       
charges   180.0      | 174.62     | 172.52     | 166.91     | 161.55    
~~~~~~~~~~~~~~~~~~~~~~~~~~~~~~~~~~~~~~~~~~
     Drone (4):
          12         | 7          | 9          | 12         | 6         
s_times   0.0        | 688.32     | 703.09     | 713.93     | 1080.0    
c_times   684.39     | 690.0      | 706.67     | 1077.82    | 1080.68   
travels   3.93       | 13.09      | 7.26       | 2.18       | 0.0       
charges   180.0      | 174.39     | 157.72     | 150.46     | 147.6     
~~~~~~~~~~~~~~~~~~~~~~~~~~~~~~~~~~~~~~~~~~
***** nlp_Variables: 542
***** nlp_Constraints: 138
***** nlp_objective: 0.0
     Drone (1):
          12         | 11         | 12         | 6          | 12        
s_times   0.0        | 1080.0     | 1090.84    | 1093.02    | 1095.62   
c_times   1072.2     | 1083.58    | 1090.84    | 1093.7     | 1095.62   
travels   7.8        | 7.26       | 2.18       | 1.92       | 0.0       
charges   180.0      | 168.62     | 161.36     | 158.5      | 156.58    
~~~~~~~~~~~~~~~~~~~~~~~~~~~~~~~~~~~~~~~~~~
     Drone (2):
          12         | 3          | 12         | 7          | 9         
s_times   0.0        | 360.0      | 364.12     | 688.32     | 703.09    
c_times   356.64     | 362.02     | 684.39     | 690.0      | 706.67    
travels   3.36       | 2.1        | 3.93       | 13.09      | 0.0       
charges   180.0      | 174.62     | 172.52     | 166.91     | 150.24    
~~~~~~~~~~~~~~~~~~~~~~~~~~~~~~~~~~~~~~~~~~
     Drone (3):
          12         | 2          | 12         | 5          | 12        
s_times   0.0        | 147.98     | 152.1      | 522.34     | 524.94    
c_times   144.62     | 150.0      | 520.16     | 523.02     | 524.94    
travels   3.36       | 2.1        | 2.18       | 1.92       | 0.0       
charges   180.0      | 174.62     | 172.52     | 169.66     | 167.74    
~~~~~~~~~~~~~~~~~~~~~~~~~~~~~~~~~~~~~~~~~~
     Drone (4):
          4          | 12         | 1          | 10         | 8         
s_times   0.0        | 35.21      | 795.15     | 885.49     | 900.0     
c_times   33.29      | 764.13     | 855.15     | 889.07     | 901.68    
travels   1.92       | 31.02      | 30.34      | 10.93      | 0.0       
charges   146.71     | 144.79     | 180.0      | 146.08     | 133.47    
~~~~~~~~~~~~~~~~~~~~~~~~~~~~~~~~~~~~~~~~~~
