~~~~~~~~~~~~~~~~~~~ [3, 'SB', 5, 180] ~~~~~~~~~~~~~~~~~~~
     seed: 8047797122953452196
 Families: [[1], [2, 3], [4, 5, 6], [7, 8], [9, 10, 11], [12]]
  i_times: [750.0, 570.0, 390.0, 390.0]
Fam slots: [[0, 5], [1, 3, 7], [2, 5], [1, 3, 6]]
Ear_dates: [0, 0.0, 900.0, 180.0, 540.0, 1260.0, 360.0, 900.0, 180.0, 540.0, 1080.0, 0]
Due_dates: [1440, 180.0, 1080.0, 360.0, 720.0, 1440.0, 540.0, 1080.0, 360.0, 720.0, 1260.0, 1440]
Monitor_t: [60.0, 2.02, 2.02, 0.68, 0.68, 0.68, 1.68, 1.68, 3.58, 3.58, 3.58, 0.0]
~~~~~~~~~~~~~~~~~~~ Comparing the results ~~~~~~~~~~~~~~~~~~~
***** lp_Variables: 3742
***** lp_Constraints: 6798
***** lp_objective: 0.0
     Drone (1):
          12         | 4          | 9          | 12         | 3         
s_times   0.0        | 295.74     | 305.55     | 316.39     | 930.0     
c_times   293.56     | 296.42     | 309.13     | 926.64     | 932.02    
travels   2.18       | 9.13       | 7.26       | 3.36       | 0.0       
charges   180.0      | 177.14     | 164.43     | 157.17     | 151.79    
~~~~~~~~~~~~~~~~~~~~~~~~~~~~~~~~~~~~~~~~~~
     Drone (2):
          12         | 7          | 12         | 12         | 11        
s_times   0.0        | 508.32     | 515.36     | 515.36     | 1092.71   
c_times   504.39     | 510.0      | 515.36     | 1084.91    | 1096.29   
travels   3.93       | 5.36       | 0.0        | 7.8        | 0.0       
charges   180.0      | 174.39     | 169.03     | 169.03     | 157.65    
~~~~~~~~~~~~~~~~~~~~~~~~~~~~~~~~~~~~~~~~~~
     Drone (3):
          12         | 5          | 10         | 12         | 8         
s_times   0.0        | 689.32     | 699.13     | 709.97     | 900.0     
c_times   687.14     | 690.0      | 702.71     | 896.07     | 901.68    
travels   2.18       | 9.13       | 7.26       | 3.93       | 0.0       
charges   180.0      | 177.14     | 164.43     | 157.17     | 151.56    
~~~~~~~~~~~~~~~~~~~~~~~~~~~~~~~~~~~~~~~~~~
     Drone (4):
          12         | 2          | 12         | 12         | 6         
s_times   0.0        | 177.98     | 182.1      | 182.1      | 1260.0    
c_times   174.62     | 180.0      | 182.1      | 1257.82    | 1260.68   
travels   3.36       | 2.1        | 0.0        | 2.18       | 0.0       
charges   180.0      | 174.62     | 172.52     | 172.52     | 169.66    
~~~~~~~~~~~~~~~~~~~~~~~~~~~~~~~~~~~~~~~~~~
***** nlp_Variables: 542
***** nlp_Constraints: 138
***** nlp_objective: 0.0
     Drone (1):
          12         | 2          | 1          | 9          | 4         
s_times   0.0        | 170.55     | 202.5      | 292.84     | 304.96    
c_times   167.19     | 172.57     | 262.5      | 296.42     | 305.64    
travels   3.36       | 29.93      | 30.34      | 8.54       | 0.0       
charges   180.0      | 174.62     | 180.0      | 146.08     | 136.86    
~~~~~~~~~~~~~~~~~~~~~~~~~~~~~~~~~~~~~~~~~~
     Drone (2):
          12         | 1          | 7          | 12         | 3         
s_times   0.0        | 416.31     | 508.32     | 515.36     | 922.57    
c_times   385.29     | 476.31     | 510.0      | 919.21     | 924.59    
travels   31.02      | 32.01      | 5.36       | 3.36       | 0.0       
charges   180.0      | 180.0      | 146.31     | 140.95     | 135.57    
~~~~~~~~~~~~~~~~~~~~~~~~~~~~~~~~~~~~~~~~~~
     Drone (3):
          12         | 10         | 5          | 12         | 11        
s_times   0.0        | 686.42     | 698.54     | 701.14     | 1080.0    
c_times   678.62     | 690.0      | 699.22     | 1072.2     | 1083.58   
travels   7.8        | 8.54       | 1.92       | 7.8        | 0.0       
charges   180.0      | 168.62     | 159.4      | 157.48     | 146.1     
~~~~~~~~~~~~~~~~~~~~~~~~~~~~~~~~~~~~~~~~~~
     Drone (4):
          12         | 12         | 8          | 12         | 6         
s_times   0.0        | 31.02      | 900.0      | 907.04     | 1269.22   
c_times   31.02      | 896.07     | 901.68     | 1267.04    | 1269.9    
travels   0.0        | 3.93       | 5.36       | 2.18       | 0.0       
charges   180.0      | 180.0      | 174.39     | 169.03     | 166.17    
~~~~~~~~~~~~~~~~~~~~~~~~~~~~~~~~~~~~~~~~~~
