~~~~~~~~~~~~~~~~~~~ [3, 'SB', 5, 180] ~~~~~~~~~~~~~~~~~~~
     seed: 1560404385145833245
 Families: [[1], [2, 3], [4, 5, 6], [7, 8], [9, 10, 11], [12]]
  i_times: [930.0, 30.0, 210.0, 570.0]
Fam slots: [[0, 6], [4, 5, 6], [2, 4], [1, 5, 6]]
Ear_dates: [0, 0.0, 1080.0, 720.0, 900.0, 1080.0, 360.0, 720.0, 180.0, 900.0, 1080.0, 0]
Due_dates: [1440, 180.0, 1260.0, 900.0, 1080.0, 1260.0, 540.0, 900.0, 360.0, 1080.0, 1260.0, 1440]
Monitor_t: [60.0, 2.02, 2.02, 0.68, 0.68, 0.68, 1.68, 1.68, 3.58, 3.58, 3.58, 0.0]
~~~~~~~~~~~~~~~~~~~ Comparing the results ~~~~~~~~~~~~~~~~~~~
***** lp_Variables: 3742
***** lp_Constraints: 6497
***** lp_objective: 119.31999999996685
     Drone (1):
          12         | 2          | 12         | 8         
s_times   0.0        | 33.32      | 37.44      | 600.68    
c_times   29.96      | 35.34      | 596.75     | 602.36    
travels   3.36       | 2.1        | 3.93       | 0.0       
charges   180.0      | 174.62     | 172.52     | 166.91    
~~~~~~~~~~~~~~~~~~~~~~~~~~~~~~~~~~~~~~~~~~
     Drone (2):
          12         | 3          | 11         | 12        
s_times   0.0        | 960.68     | 972.1      | 982.94    
c_times   957.32     | 962.7      | 975.68     | 982.94    
travels   3.36       | 9.4        | 7.26       | 0.0       
charges   180.0      | 174.62     | 161.64     | 154.38    
~~~~~~~~~~~~~~~~~~~~~~~~~~~~~~~~~~~~~~~~~~
     Drone (3):
          12         | 4          | 12         | 5         
s_times   0.0        | 899.32     | 901.92     | 930.0     
c_times   897.14     | 900.0      | 927.82     | 930.68    
travels   2.18       | 1.92       | 2.18       | 0.0       
charges   180.0      | 177.14     | 175.22     | 172.36    
~~~~~~~~~~~~~~~~~~~~~~~~~~~~~~~~~~~~~~~~~~
     Drone (4):
          12         | 9          | 12         | 10        
s_times   0.0        | 327.14     | 337.98     | 900.72    
c_times   319.34     | 330.72     | 892.92     | 904.3     
travels   7.8        | 7.26       | 7.8        | 0.0       
charges   180.0      | 168.62     | 161.36     | 149.98    
~~~~~~~~~~~~~~~~~~~~~~~~~~~~~~~~~~~~~~~~~~
     Drone (5):
          12         | 7          | 12         | 6         
s_times   0.0        | 389.0      | 396.04     | 960.68    
c_times   385.07     | 390.68     | 958.5      | 961.36    
travels   3.93       | 5.36       | 2.18       | 0.0       
charges   180.0      | 174.39     | 169.03     | 166.17    
~~~~~~~~~~~~~~~~~~~~~~~~~~~~~~~~~~~~~~~~~~
***** nlp_Variables: 542
***** nlp_Constraints: 137
***** nlp_objective: 119.31999998796877
     Drone (1):
          12         | 2          | 1          | 9         
s_times   0.0        | 297.3      | 329.25     | 419.59    
c_times   293.94     | 299.32     | 389.25     | 423.17    
travels   3.36       | 29.93      | 30.34      | 0.0       
charges   180.0      | 174.62     | 180.0      | 146.08    
~~~~~~~~~~~~~~~~~~~~~~~~~~~~~~~~~~~~~~~~~~
     Drone (2):
          12         | 4          | 12         | 6         
s_times   0.0        | 1018.64    | 1021.24    | 1080.0    
c_times   1016.46    | 1019.32    | 1077.82    | 1080.68   
travels   2.18       | 1.92       | 2.18       | 0.0       
charges   180.0      | 177.14     | 175.22     | 172.36    
~~~~~~~~~~~~~~~~~~~~~~~~~~~~~~~~~~~~~~~~~~
     Drone (3):
          12         | 10         | 12         | 5         
s_times   0.0        | 993.17     | 1004.01    | 1049.32   
c_times   985.37     | 996.75     | 1047.14    | 1050.0    
travels   7.8        | 7.26       | 2.18       | 0.0       
charges   180.0      | 168.62     | 161.36     | 158.5     
~~~~~~~~~~~~~~~~~~~~~~~~~~~~~~~~~~~~~~~~~~
     Drone (4):
          12         | 3          | 1          | 11        
s_times   0.0        | 1080.0     | 1111.95    | 1202.29   
c_times   1076.64    | 1082.02    | 1171.95    | 1205.87   
travels   3.36       | 29.93      | 30.34      | 0.0       
charges   180.0      | 174.62     | 180.0      | 146.08    
~~~~~~~~~~~~~~~~~~~~~~~~~~~~~~~~~~~~~~~~~~
     Drone (5):
          12         | 7          | 12         | 8         
s_times   0.0        | 508.32     | 515.36     | 720.0     
c_times   504.39     | 510.0      | 716.07     | 721.68    
travels   3.93       | 5.36       | 3.93       | 0.0       
charges   180.0      | 174.39     | 169.03     | 163.42    
~~~~~~~~~~~~~~~~~~~~~~~~~~~~~~~~~~~~~~~~~~
