~~~~~~~~~~~~~~~~~~~ [3, 'SB', 5, 180] ~~~~~~~~~~~~~~~~~~~
     seed: 5383959901912214362
 Families: [[1], [2, 3], [4, 5, 6], [7, 8], [9, 10, 11], [12]]
  i_times: [570.0, 750.0, 390.0, 570.0]
Fam slots: [[3, 7], [0, 5, 6], [4, 7], [0, 1, 5]]
Ear_dates: [0, 540.0, 1260.0, 0.0, 900.0, 1080.0, 720.0, 1260.0, 0.0, 180.0, 900.0, 0]
Due_dates: [1440, 720.0, 1440.0, 180.0, 1080.0, 1260.0, 900.0, 1440.0, 180.0, 360.0, 1080.0, 1440]
Monitor_t: [60.0, 2.02, 2.02, 0.68, 0.68, 0.68, 1.68, 1.68, 3.58, 3.58, 3.58, 0.0]
~~~~~~~~~~~~~~~~~~~ Comparing the results ~~~~~~~~~~~~~~~~~~~
***** lp_Variables: 3742
***** lp_Constraints: 6798
***** lp_objective: 0.0
     Drone (1):
          12         | 6          | 8          | 3          | 12        
s_times   0.0        | 1256.17    | 1260.0     | 1266.82    | 1270.94   
c_times   1253.99    | 1256.85    | 1261.68    | 1268.84    | 1270.94   
travels   2.18       | 3.15       | 5.14       | 2.1        | 0.0       
charges   180.0      | 177.14     | 172.31     | 165.15     | 163.05    
~~~~~~~~~~~~~~~~~~~~~~~~~~~~~~~~~~~~~~~~~~
     Drone (2):
          12         | 7          | 11         | 12         | 5         
s_times   0.0        | 885.23     | 900.0      | 910.84     | 913.02    
c_times   881.3      | 886.91     | 903.58     | 910.84     | 913.7     
travels   3.93       | 13.09      | 7.26       | 2.18       | 0.0       
charges   180.0      | 174.39     | 157.72     | 150.46     | 147.6     
~~~~~~~~~~~~~~~~~~~~~~~~~~~~~~~~~~~~~~~~~~
     Drone (3):
          9          | 12         | 2          | 12         | 12        
s_times   0.0        | 41.18      | 694.8      | 698.92     | 698.92    
c_times   33.92      | 691.44     | 696.82     | 698.92     | 698.92    
travels   7.26       | 3.36       | 2.1        | 0.0        | 0.0       
charges   146.08     | 138.82     | 133.44     | 131.34     | 131.34    
~~~~~~~~~~~~~~~~~~~~~~~~~~~~~~~~~~~~~~~~~~
     Drone (4):
          12         | 4          | 12         | 12         | 10        
s_times   0.0        | 162.34     | 164.94     | 318.62     | 326.42    
c_times   160.16     | 163.02     | 318.62     | 318.62     | 330.0     
travels   2.18       | 1.92       | 0.0        | 7.8        | 0.0       
charges   180.0      | 177.14     | 175.22     | 175.22     | 163.84    
~~~~~~~~~~~~~~~~~~~~~~~~~~~~~~~~~~~~~~~~~~
***** nlp_Variables: 542
***** nlp_Constraints: 138
***** nlp_objective: 0.0
     Drone (1):
          12         | 9          | 4          | 12         | 6         
s_times   0.0        | 137.2      | 149.32     | 151.92     | 1080.0    
c_times   129.4      | 140.78     | 150.0      | 1077.82    | 1080.68   
travels   7.8        | 8.54       | 1.92       | 2.18       | 0.0       
charges   180.0      | 168.62     | 159.4      | 157.48     | 154.62    
~~~~~~~~~~~~~~~~~~~~~~~~~~~~~~~~~~~~~~~~~~
     Drone (2):
          12         | 12         | 7          | 5          | 11        
s_times   0.0        | 31.02      | 894.18     | 900.0      | 909.81    
c_times   31.02      | 890.25     | 895.86     | 900.68     | 913.39    
travels   0.0        | 3.93       | 4.14       | 9.13       | 0.0       
charges   180.0      | 180.0      | 174.39     | 169.57     | 156.86    
~~~~~~~~~~~~~~~~~~~~~~~~~~~~~~~~~~~~~~~~~~
     Drone (3):
          12         | 10         | 1          | 12         | 2         
s_times   0.0        | 336.23     | 373.44     | 464.46     | 687.98    
c_times   328.43     | 339.81     | 433.44     | 684.62     | 690.0     
travels   7.8        | 33.63      | 31.02      | 3.36       | 0.0       
charges   180.0      | 168.62     | 180.0      | 148.98     | 143.6     
~~~~~~~~~~~~~~~~~~~~~~~~~~~~~~~~~~~~~~~~~~
     Drone (4):
          12         | 3          | 12         | 8          | 1         
s_times   0.0        | 1260.0     | 1264.12    | 1268.05    | 1301.23   
c_times   1256.64    | 1262.02    | 1264.12    | 1269.73    | 1361.23   
travels   3.36       | 2.1        | 3.93       | 31.5       | 0.0       
charges   180.0      | 174.62     | 172.52     | 166.91     | 180.0     
~~~~~~~~~~~~~~~~~~~~~~~~~~~~~~~~~~~~~~~~~~
