~~~~~~~~~~~~~~~~~~~ [3, 'SB', 5, 180] ~~~~~~~~~~~~~~~~~~~
     seed: 7833775037603024450
 Families: [[1], [2, 3], [4, 5, 6], [7, 8], [9, 10, 11], [12]]
  i_times: [570.0, 210.0, 210.0, 390.0]
Fam slots: [[1, 5], [3, 4, 6], [5, 7], [1, 2, 5]]
Ear_dates: [0, 180.0, 900.0, 540.0, 720.0, 1080.0, 900.0, 1260.0, 180.0, 360.0, 900.0, 0]
Due_dates: [1440, 360.0, 1080.0, 720.0, 900.0, 1260.0, 1080.0, 1440.0, 360.0, 540.0, 1080.0, 1440]
Monitor_t: [60.0, 2.02, 2.02, 0.68, 0.68, 0.68, 1.68, 1.68, 3.58, 3.58, 3.58, 0.0]
~~~~~~~~~~~~~~~~~~~ Comparing the results ~~~~~~~~~~~~~~~~~~~
***** lp_Variables: 3742
***** lp_Constraints: 6798
***** lp_objective: 0.0
     Drone (1):
          12         | 2          | 9          | 12         | 10        
s_times   0.0        | 327.98     | 339.4      | 350.24     | 506.42    
c_times   324.62     | 330.0      | 342.98     | 498.62     | 510.0     
travels   3.36       | 9.4        | 7.26       | 7.8        | 0.0       
charges   180.0      | 174.62     | 161.64     | 154.38     | 143.0     
~~~~~~~~~~~~~~~~~~~~~~~~~~~~~~~~~~~~~~~~~~
     Drone (2):
          12         | 12         | 5          | 12         | 11        
s_times   0.0        | 0.0        | 869.32     | 871.92     | 900.0     
c_times   0.0        | 867.14     | 870.0      | 892.2      | 903.58    
travels   0.0        | 2.18       | 1.92       | 7.8        | 0.0       
charges   180.0      | 180.0      | 177.14     | 175.22     | 163.84    
~~~~~~~~~~~~~~~~~~~~~~~~~~~~~~~~~~~~~~~~~~
     Drone (3):
          12         | 3          | 12         | 12         | 8         
s_times   0.0        | 900.0      | 904.12     | 904.12     | 1285.86   
c_times   896.64     | 902.02     | 904.12     | 1281.93    | 1287.54   
travels   3.36       | 2.1        | 0.0        | 3.93       | 0.0       
charges   180.0      | 174.62     | 172.52     | 172.52     | 166.91    
~~~~~~~~~~~~~~~~~~~~~~~~~~~~~~~~~~~~~~~~~~
     Drone (4):
          12         | 4          | 12         | 7          | 6         
s_times   0.0        | 658.64     | 661.24     | 1074.18    | 1080.0    
c_times   656.46     | 659.32     | 1070.25    | 1075.86    | 1080.68   
travels   2.18       | 1.92       | 3.93       | 4.14       | 0.0       
charges   180.0      | 177.14     | 175.22     | 169.61     | 164.79    
~~~~~~~~~~~~~~~~~~~~~~~~~~~~~~~~~~~~~~~~~~
***** nlp_Variables: 542
***** nlp_Constraints: 138
***** nlp_objective: 0.0
     Drone (1):
          12         | 2          | 12         | 11         | 3         
s_times   0.0        | 357.98     | 362.1      | 900.0      | 913.25    
c_times   354.62     | 360.0      | 892.2      | 903.58     | 915.27    
travels   3.36       | 2.1        | 7.8        | 9.67       | 0.0       
charges   180.0      | 174.62     | 172.52     | 161.14     | 149.45    
~~~~~~~~~~~~~~~~~~~~~~~~~~~~~~~~~~~~~~~~~~
     Drone (2):
          12         | 9          | 12         | 7          | 6         
s_times   0.0        | 252.94     | 263.78     | 1074.18    | 1080.0    
c_times   245.14     | 256.52     | 1070.25    | 1075.86    | 1080.68   
travels   7.8        | 7.26       | 3.93       | 4.14       | 0.0       
charges   180.0      | 168.62     | 161.36     | 155.75     | 150.93    
~~~~~~~~~~~~~~~~~~~~~~~~~~~~~~~~~~~~~~~~~~
     Drone (3):
          12         | 10         | 12         | 12         | 4         
s_times   0.0        | 506.42     | 517.26     | 517.26     | 719.32    
c_times   498.62     | 510.0      | 517.26     | 717.14     | 720.0     
travels   7.8        | 7.26       | 0.0        | 2.18       | 0.0       
charges   180.0      | 168.62     | 161.36     | 161.36     | 158.5     
~~~~~~~~~~~~~~~~~~~~~~~~~~~~~~~~~~~~~~~~~~
     Drone (4):
          12         | 5          | 12         | 12         | 8         
s_times   0.0        | 869.32     | 871.92     | 871.92     | 1260.0    
c_times   867.14     | 870.0      | 871.92     | 1256.07    | 1261.68   
travels   2.18       | 1.92       | 0.0        | 3.93       | 0.0       
charges   180.0      | 177.14     | 175.22     | 175.22     | 169.61    
~~~~~~~~~~~~~~~~~~~~~~~~~~~~~~~~~~~~~~~~~~
