~~~~~~~~~~~~~~~~~~~ [3, 'SB', 5, 180] ~~~~~~~~~~~~~~~~~~~
     seed: 3943152101832626116
 Families: [[1], [2, 3], [4, 5, 6], [7, 8], [9, 10, 11], [12]]
  i_times: [210.0, 390.0, 30.0, 570.0]
Fam slots: [[1, 3], [2, 5, 7], [2, 3], [1, 2, 6]]
Ear_dates: [0, 180.0, 540.0, 360.0, 900.0, 1260.0, 360.0, 540.0, 180.0, 360.0, 1080.0, 0]
Due_dates: [1440, 360.0, 720.0, 540.0, 1080.0, 1440.0, 540.0, 720.0, 360.0, 540.0, 1260.0, 1440]
Monitor_t: [60.0, 2.02, 2.02, 0.68, 0.68, 0.68, 1.68, 1.68, 3.58, 3.58, 3.58, 0.0]
~~~~~~~~~~~~~~~~~~~ Comparing the results ~~~~~~~~~~~~~~~~~~~
***** lp_Variables: 3742
***** lp_Constraints: 6798
***** lp_objective: 0.0
     Drone (1):
          12         | 2          | 12         | 7          | 4         
s_times   0.0        | 337.65     | 341.77     | 508.32     | 514.14    
c_times   334.29     | 339.67     | 504.39     | 510.0      | 514.82    
travels   3.36       | 2.1        | 3.93       | 4.14       | 0.0       
charges   180.0      | 174.62     | 172.52     | 166.91     | 162.09    
~~~~~~~~~~~~~~~~~~~~~~~~~~~~~~~~~~~~~~~~~~
     Drone (2):
          12         | 10         | 3          | 12         | 11        
s_times   0.0        | 536.42     | 549.67     | 553.79     | 1110.0    
c_times   528.62     | 540.0      | 551.69     | 1102.2     | 1113.58   
travels   7.8        | 9.67       | 2.1        | 7.8        | 0.0       
charges   180.0      | 168.62     | 156.93     | 154.83     | 143.45    
~~~~~~~~~~~~~~~~~~~~~~~~~~~~~~~~~~~~~~~~~~
     Drone (3):
          12         | 9          | 12         | 12         | 8         
s_times   0.0        | 356.42     | 367.26     | 536.07     | 540.0     
c_times   348.62     | 360.0      | 536.07     | 536.07     | 541.68    
travels   7.8        | 7.26       | 0.0        | 3.93       | 0.0       
charges   180.0      | 168.62     | 161.36     | 161.36     | 155.75    
~~~~~~~~~~~~~~~~~~~~~~~~~~~~~~~~~~~~~~~~~~
     Drone (4):
          12         | 5          | 12         | 1          | 6         
s_times   0.0        | 900.0      | 902.6      | 1167.39    | 1260.0    
c_times   897.82     | 900.68     | 1136.37    | 1227.39    | 1260.68   
travels   2.18       | 1.92       | 31.02      | 32.61      | 0.0       
charges   180.0      | 177.14     | 175.22     | 180.0      | 146.71    
~~~~~~~~~~~~~~~~~~~~~~~~~~~~~~~~~~~~~~~~~~
***** nlp_Variables: 542
***** nlp_Constraints: 138
***** nlp_objective: 0.0
     Drone (1):
          12         | 5          | 12         | 11         | 1         
s_times   0.0        | 930.0      | 932.6      | 1100.78    | 1137.99   
c_times   927.82     | 930.68     | 1092.98    | 1104.36    | 1197.99   
travels   2.18       | 1.92       | 7.8        | 33.63      | 0.0       
charges   180.0      | 177.14     | 175.22     | 163.84     | 180.0     
~~~~~~~~~~~~~~~~~~~~~~~~~~~~~~~~~~~~~~~~~~
     Drone (2):
          12         | 9          | 12         | 10         | 4         
s_times   0.0        | 180.0      | 190.84     | 527.2      | 539.32    
c_times   172.2      | 183.58     | 519.4      | 530.78     | 540.0     
travels   7.8        | 7.26       | 7.8        | 8.54       | 0.0       
charges   180.0      | 168.62     | 161.36     | 149.98     | 140.76    
~~~~~~~~~~~~~~~~~~~~~~~~~~~~~~~~~~~~~~~~~~
     Drone (3):
          12         | 2          | 12         | 8          | 3         
s_times   0.0        | 334.8      | 338.92     | 540.0      | 546.82    
c_times   331.44     | 336.82     | 536.07     | 541.68     | 548.84    
travels   3.36       | 2.1        | 3.93       | 5.14       | 0.0       
charges   180.0      | 174.62     | 172.52     | 166.91     | 159.75    
~~~~~~~~~~~~~~~~~~~~~~~~~~~~~~~~~~~~~~~~~~
     Drone (4):
          12         | 7          | 12         | 12         | 6         
s_times   0.0        | 538.32     | 545.36     | 545.36     | 1320.68   
c_times   534.39     | 540.0      | 545.36     | 1318.5     | 1321.36   
travels   3.93       | 5.36       | 0.0        | 2.18       | 0.0       
charges   180.0      | 174.39     | 169.03     | 169.03     | 166.17    
~~~~~~~~~~~~~~~~~~~~~~~~~~~~~~~~~~~~~~~~~~
