~~~~~~~~~~~~~~~~~~~ [3, 'SB', 5, 180] ~~~~~~~~~~~~~~~~~~~
     seed: 173896805315479528
 Families: [[1], [2, 3], [4, 5, 6], [7, 8], [9, 10, 11], [12]]
  i_times: [30.0, 570.0, 30.0, 390.0]
Fam slots: [[2, 3], [1, 2, 6], [4, 5], [2, 4, 7]]
Ear_dates: [0, 360.0, 540.0, 180.0, 360.0, 1080.0, 720.0, 900.0, 360.0, 720.0, 1260.0, 0]
Due_dates: [1440, 540.0, 720.0, 360.0, 540.0, 1260.0, 900.0, 1080.0, 540.0, 900.0, 1440.0, 1440]
Monitor_t: [60.0, 2.02, 2.02, 0.68, 0.68, 0.68, 1.68, 1.68, 3.58, 3.58, 3.58, 0.0]
~~~~~~~~~~~~~~~~~~~ Comparing the results ~~~~~~~~~~~~~~~~~~~
***** lp_Variables: 3368
***** lp_Constraints: 5398
***** lp_objective: 140.18999998587748
     Drone (1):
          12         | 6          | 11        
s_times   0.0        | 1250.19    | 1260.0    
c_times   1248.01    | 1250.87    | 1263.58   
travels   2.18       | 9.13       | 0.0       
charges   180.0      | 177.14     | 164.43    
~~~~~~~~~~~~~~~~~~~~~~~~~~~~~~~~~~~~~~~~~~
     Drone (2):
          12         | 4          | 12        
s_times   0.0        | 180.0      | 182.6     
c_times   177.82     | 180.68     | 182.6     
travels   2.18       | 1.92       | 0.0       
charges   180.0      | 177.14     | 175.22    
~~~~~~~~~~~~~~~~~~~~~~~~~~~~~~~~~~~~~~~~~~
     Drone (3):
          12         | 9          | 3         
s_times   0.0        | 663.55     | 676.8     
c_times   655.75     | 667.13     | 678.82    
travels   7.8        | 9.67       | 0.0       
charges   180.0      | 168.62     | 156.93    
~~~~~~~~~~~~~~~~~~~~~~~~~~~~~~~~~~~~~~~~~~
     Drone (4):
          12         | 8          | 12        
s_times   0.0        | 912.61     | 919.65    
c_times   908.68     | 914.29     | 919.65    
travels   3.93       | 5.36       | 0.0       
charges   180.0      | 174.39     | 169.03    
~~~~~~~~~~~~~~~~~~~~~~~~~~~~~~~~~~~~~~~~~~
     Drone (5):
          12         | 10         | 7         
s_times   0.0        | 866.42     | 880.93    
c_times   858.62     | 870.0      | 882.61    
travels   7.8        | 10.93      | 0.0       
charges   180.0      | 168.62     | 156.01    
~~~~~~~~~~~~~~~~~~~~~~~~~~~~~~~~~~~~~~~~~~
     Drone (6):
          12         | 2          | 5         
s_times   0.0        | 674.78     | 679.51    
c_times   671.42     | 676.8      | 680.19    
travels   3.36       | 2.71       | 0.0       
charges   180.0      | 174.62     | 171.23    
~~~~~~~~~~~~~~~~~~~~~~~~~~~~~~~~~~~~~~~~~~
***** nlp_Variables: 488
***** nlp_Constraints: 124
***** nlp_objective: 140.1899999999962
     Drone (1):
          12         | 2          | 5         
s_times   0.0        | 674.78     | 679.51    
c_times   671.42     | 676.8      | 680.19    
travels   3.36       | 2.71       | 0.0       
charges   180.0      | 174.62     | 171.23    
~~~~~~~~~~~~~~~~~~~~~~~~~~~~~~~~~~~~~~~~~~
     Drone (2):
          12         | 7          | 10        
s_times   0.0        | 868.32     | 883.09    
c_times   864.39     | 870.0      | 886.67    
travels   3.93       | 13.09      | 0.0       
charges   180.0      | 174.39     | 157.72    
~~~~~~~~~~~~~~~~~~~~~~~~~~~~~~~~~~~~~~~~~~
     Drone (3):
          12         | 12         | 8         
s_times   0.0        | 896.07     | 900.0     
c_times   896.07     | 896.07     | 901.68    
travels   0.0        | 3.93       | 0.0       
charges   180.0      | 180.0      | 174.39    
~~~~~~~~~~~~~~~~~~~~~~~~~~~~~~~~~~~~~~~~~~
     Drone (4):
          12         | 4          | 9         
s_times   0.0        | 479.7      | 489.51    
c_times   477.52     | 480.38     | 493.09    
travels   2.18       | 9.13       | 0.0       
charges   180.0      | 177.14     | 164.43    
~~~~~~~~~~~~~~~~~~~~~~~~~~~~~~~~~~~~~~~~~~
     Drone (5):
          12         | 12         | 3         
s_times   0.0        | 31.02      | 676.8     
c_times   31.02      | 673.44     | 678.82    
travels   0.0        | 3.36       | 0.0       
charges   180.0      | 180.0      | 174.62    
~~~~~~~~~~~~~~~~~~~~~~~~~~~~~~~~~~~~~~~~~~
     Drone (6):
          12         | 6          | 11        
s_times   0.0        | 1250.19    | 1260.0    
c_times   1248.01    | 1250.87    | 1263.58   
travels   2.18       | 9.13       | 0.0       
charges   180.0      | 177.14     | 164.43    
~~~~~~~~~~~~~~~~~~~~~~~~~~~~~~~~~~~~~~~~~~
