~~~~~~~~~~~~~~~~~~~ [3, 'SB', 5, 180] ~~~~~~~~~~~~~~~~~~~
     seed: 6574846022540032969
 Families: [[1], [2, 3], [4, 5, 6], [7, 8], [9, 10, 11], [12]]
  i_times: [390.0, 30.0, 30.0, 750.0]
Fam slots: [[4, 7], [3, 4, 5], [2, 3], [0, 1, 6]]
Ear_dates: [0, 720.0, 1260.0, 540.0, 720.0, 900.0, 360.0, 540.0, 0.0, 180.0, 1080.0, 0]
Due_dates: [1440, 900.0, 1440.0, 720.0, 900.0, 1080.0, 540.0, 720.0, 180.0, 360.0, 1260.0, 1440]
Monitor_t: [60.0, 2.02, 2.02, 0.68, 0.68, 0.68, 1.68, 1.68, 3.58, 3.58, 3.58, 0.0]
~~~~~~~~~~~~~~~~~~~ Comparing the results ~~~~~~~~~~~~~~~~~~~
***** lp_Variables: 3742
***** lp_Constraints: 6798
***** lp_objective: 119.31999997590707
     Drone (1):
          12         | 10         | 12         | 12         | 6         
s_times   0.0        | 207.1      | 217.94     | 217.94     | 780.68    
c_times   199.3      | 210.68     | 217.94     | 778.5      | 781.36    
travels   7.8        | 7.26       | 0.0        | 2.18       | 0.0       
charges   180.0      | 168.62     | 161.36     | 161.36     | 158.5     
~~~~~~~~~~~~~~~~~~~~~~~~~~~~~~~~~~~~~~~~~~
     Drone (2):
          12         | 8          | 12         | 12         | 11        
s_times   0.0        | 420.68     | 427.72     | 952.88     | 960.68    
c_times   416.75     | 422.36     | 952.88     | 952.88     | 964.26    
travels   3.93       | 5.36       | 0.0        | 7.8        | 0.0       
charges   180.0      | 174.39     | 169.03     | 169.03     | 157.65    
~~~~~~~~~~~~~~~~~~~~~~~~~~~~~~~~~~~~~~~~~~
     Drone (3):
          12         | 7          | 12         | 5          | 2         
s_times   0.0        | 389.0      | 396.04     | 750.0      | 755.53    
c_times   385.07     | 390.68     | 747.82     | 750.68     | 757.55    
travels   3.93       | 5.36       | 2.18       | 4.85       | 0.0       
charges   180.0      | 174.39     | 169.03     | 166.17     | 159.3     
~~~~~~~~~~~~~~~~~~~~~~~~~~~~~~~~~~~~~~~~~~
     Drone (4):
          9          | 12         | 4          | 12         | 3         
s_times   0.0        | 41.18      | 719.32     | 721.92     | 1147.55   
c_times   33.92      | 717.14     | 720.0      | 1144.19    | 1149.57   
travels   7.26       | 2.18       | 1.92       | 3.36       | 0.0       
charges   146.08     | 138.82     | 135.96     | 134.04     | 128.66    
~~~~~~~~~~~~~~~~~~~~~~~~~~~~~~~~~~~~~~~~~~
***** nlp_Variables: 542
***** nlp_Constraints: 138
***** nlp_objective: 119.31999997593589
     Drone (1):
          12         | 5          | 12         | 6          | 2         
s_times   0.0        | 750.0      | 752.6      | 780.68     | 786.21    
c_times   747.82     | 750.68     | 778.5      | 781.36     | 788.23    
travels   2.18       | 1.92       | 2.18       | 4.85       | 0.0       
charges   180.0      | 177.14     | 175.22     | 172.36     | 165.49    
~~~~~~~~~~~~~~~~~~~~~~~~~~~~~~~~~~~~~~~~~~
     Drone (2):
          12         | 8          | 12         | 12         | 3         
s_times   0.0        | 422.36     | 429.4      | 429.4      | 1174.04   
c_times   418.43     | 424.04     | 429.4      | 1170.68    | 1176.06   
travels   3.93       | 5.36       | 0.0        | 3.36       | 0.0       
charges   180.0      | 174.39     | 169.03     | 169.03     | 163.65    
~~~~~~~~~~~~~~~~~~~~~~~~~~~~~~~~~~~~~~~~~~
     Drone (3):
          9          | 12         | 10         | 1          | 7         
s_times   0.0        | 41.18      | 291.46     | 328.67     | 420.68    
c_times   33.92      | 283.66     | 295.04     | 388.67     | 422.36    
travels   7.26       | 7.8        | 33.63      | 32.01      | 0.0       
charges   146.08     | 138.82     | 127.44     | 180.0      | 146.31    
~~~~~~~~~~~~~~~~~~~~~~~~~~~~~~~~~~~~~~~~~~
     Drone (4):
          12         | 4          | 12         | 12         | 11        
s_times   0.0        | 719.32     | 721.92     | 825.3405   | 960.68    
c_times   717.14     | 720.0      | 825.3405   | 952.88     | 964.26    
travels   2.18       | 1.92       | 0.0        | 7.8        | 0.0       
charges   180.0      | 177.14     | 175.22     | 175.22     | 163.84    
~~~~~~~~~~~~~~~~~~~~~~~~~~~~~~~~~~~~~~~~~~
