~~~~~~~~~~~~~~~~~~~ [3, 'SB', 5, 180] ~~~~~~~~~~~~~~~~~~~
     seed: 2548594849270546968
 Families: [[1], [2, 3], [4, 5, 6], [7, 8], [9, 10, 11], [12]]
  i_times: [930.0, 390.0, 750.0, 570.0]
Fam slots: [[0, 6], [0, 2, 5], [0, 5], [1, 5, 7]]
Ear_dates: [0, 0.0, 1080.0, 0.0, 360.0, 900.0, 0.0, 900.0, 180.0, 900.0, 1260.0, 0]
Due_dates: [1440, 180.0, 1260.0, 180.0, 540.0, 1080.0, 180.0, 1080.0, 360.0, 1080.0, 1440.0, 1440]
Monitor_t: [60.0, 2.02, 2.02, 0.68, 0.68, 0.68, 1.68, 1.68, 3.58, 3.58, 3.58, 0.0]
~~~~~~~~~~~~~~~~~~~ Comparing the results ~~~~~~~~~~~~~~~~~~~
***** lp_Variables: 2807
***** lp_Constraints: 5104
***** lp_objective: 120.03999998788693
     Drone (1):
          4          | 12         | 8          | 10         | 6         
s_times   0.0        | 35.21      | 779.96     | 794.73     | 806.85    
c_times   33.29      | 776.03     | 781.64     | 798.31     | 807.53    
travels   1.92       | 3.93       | 13.09      | 8.54       | 0.0       
charges   146.71     | 144.79     | 139.18     | 122.51     | 113.29    
~~~~~~~~~~~~~~~~~~~~~~~~~~~~~~~~~~~~~~~~~~
     Drone (2):
          7          | 12         | 9          | 12         | 11        
s_times   0.0        | 39.05      | 221.15     | 231.99     | 1139.96   
c_times   33.69      | 213.35     | 224.73     | 1132.16    | 1143.54   
travels   5.36       | 7.8        | 7.26       | 7.8        | 0.0       
charges   146.31     | 140.95     | 129.57     | 122.31     | 110.93    
~~~~~~~~~~~~~~~~~~~~~~~~~~~~~~~~~~~~~~~~~~
     Drone (3):
          2          | 12         | 5          | 12         | 3         
s_times   0.0        | 32.06      | 419.9      | 422.5      | 959.96    
c_times   29.96      | 417.72     | 420.58     | 956.6      | 961.98    
travels   2.1        | 2.18       | 1.92       | 3.36       | 0.0       
charges   150.04     | 147.94     | 145.08     | 143.16     | 137.78    
~~~~~~~~~~~~~~~~~~~~~~~~~~~~~~~~~~~~~~~~~~
***** nlp_Variables: 407
***** nlp_Constraints: 109
***** nlp_objective: 120.03999997551841
     Drone (1):
          4          | 12         | 9          | 12         | 3         
s_times   0.0        | 35.21      | 356.42     | 367.26     | 959.96    
c_times   33.29      | 348.62     | 360.0      | 956.6      | 961.98    
travels   1.92       | 7.8        | 7.26       | 3.36       | 0.0       
charges   146.71     | 144.79     | 133.41     | 126.15     | 120.77    
~~~~~~~~~~~~~~~~~~~~~~~~~~~~~~~~~~~~~~~~~~
     Drone (2):
          2          | 12         | 5          | 12         | 11        
s_times   0.0        | 32.06      | 423.29     | 425.89     | 1139.96   
c_times   29.96      | 421.11     | 423.97     | 1132.16    | 1143.54   
travels   2.1        | 2.18       | 1.92       | 7.8        | 0.0       
charges   150.04     | 147.94     | 145.08     | 143.16     | 131.78    
~~~~~~~~~~~~~~~~~~~~~~~~~~~~~~~~~~~~~~~~~~
     Drone (3):
          7          | 12         | 8          | 10         | 6         
s_times   0.0        | 39.05      | 779.96     | 794.73     | 806.85    
c_times   33.69      | 776.03     | 781.64     | 798.31     | 807.53    
travels   5.36       | 3.93       | 13.09      | 8.54       | 0.0       
charges   146.31     | 140.95     | 135.34     | 118.67     | 109.45    
~~~~~~~~~~~~~~~~~~~~~~~~~~~~~~~~~~~~~~~~~~
