~~~~~~~~~~~~~~~~~~~ [3, 'SB', 5, 180] ~~~~~~~~~~~~~~~~~~~
     seed: 8772676330047272653
 Families: [[1], [2, 3], [4, 5, 6], [7, 8], [9, 10, 11], [12]]
  i_times: [30.0, 210.0, 210.0, 390.0]
Fam slots: [[1, 2], [2, 3, 5], [5, 7], [0, 3, 6]]
Ear_dates: [0, 180.0, 360.0, 360.0, 540.0, 900.0, 900.0, 1260.0, 0.0, 540.0, 1080.0, 0]
Due_dates: [1440, 360.0, 540.0, 540.0, 720.0, 1080.0, 1080.0, 1440.0, 180.0, 720.0, 1260.0, 1440]
Monitor_t: [60.0, 2.02, 2.02, 0.68, 0.68, 0.68, 1.68, 1.68, 3.58, 3.58, 3.58, 0.0]
~~~~~~~~~~~~~~~~~~~ Comparing the results ~~~~~~~~~~~~~~~~~~~
***** lp_Variables: 3742
***** lp_Constraints: 6798
***** lp_objective: 116.41999998825808
     Drone (1):
          12         | 9          | 12         | 12         | 6         
s_times   0.0        | 176.42     | 187.26     | 791.52     | 793.7     
c_times   168.62     | 180.0      | 791.52     | 791.52     | 794.38    
travels   7.8        | 7.26       | 0.0        | 2.18       | 0.0       
charges   180.0      | 168.62     | 161.36     | 161.36     | 158.5     
~~~~~~~~~~~~~~~~~~~~~~~~~~~~~~~~~~~~~~~~~~
     Drone (2):
          12         | 10         | 12         | 12         | 5         
s_times   0.0        | 570.0      | 580.84     | 580.84     | 583.02    
c_times   562.2      | 573.58     | 580.84     | 580.84     | 583.7     
travels   7.8        | 7.26       | 0.0        | 2.18       | 0.0       
charges   180.0      | 168.62     | 161.36     | 161.36     | 158.5     
~~~~~~~~~~~~~~~~~~~~~~~~~~~~~~~~~~~~~~~~~~
     Drone (3):
          12         | 3          | 4          | 12         | 8         
s_times   0.0        | 367.61     | 372.34     | 374.94     | 1160.49   
c_times   364.25     | 369.63     | 373.02     | 1156.56    | 1162.17   
travels   3.36       | 2.71       | 1.92       | 3.93       | 0.0       
charges   180.0      | 174.62     | 171.23     | 169.31     | 163.7     
~~~~~~~~~~~~~~~~~~~~~~~~~~~~~~~~~~~~~~~~~~
     Drone (4):
          12         | 2          | 12         | 7          | 11        
s_times   0.0        | 357.98     | 362.1      | 948.81     | 963.58    
c_times   354.62     | 360.0      | 944.88     | 950.49     | 967.16    
travels   3.36       | 2.1        | 3.93       | 13.09      | 0.0       
charges   180.0      | 174.62     | 172.52     | 166.91     | 150.24    
~~~~~~~~~~~~~~~~~~~~~~~~~~~~~~~~~~~~~~~~~~
***** nlp_Variables: 542
***** nlp_Constraints: 138
***** nlp_objective: 116.41999996109769
     Drone (1):
          12         | 2          | 12         | 1          | 6         
s_times   0.0        | 474.4      | 478.52     | 807.39     | 900.0     
c_times   471.04     | 476.42     | 776.37     | 867.39     | 900.68    
travels   3.36       | 2.1        | 31.02      | 32.61      | 0.0       
charges   180.0      | 174.62     | 172.52     | 180.0      | 146.71    
~~~~~~~~~~~~~~~~~~~~~~~~~~~~~~~~~~~~~~~~~~
     Drone (2):
          12         | 9          | 12         | 7          | 11        
s_times   0.0        | 292.84     | 303.68     | 1065.23    | 1080.0    
c_times   285.04     | 296.42     | 1061.3     | 1066.91    | 1083.58   
travels   7.8        | 7.26       | 3.93       | 13.09      | 0.0       
charges   180.0      | 168.62     | 161.36     | 155.75     | 139.08    
~~~~~~~~~~~~~~~~~~~~~~~~~~~~~~~~~~~~~~~~~~
     Drone (3):
          12         | 12         | 12         | 10         | 5         
s_times   0.0        | 31.02      | 31.02      | 686.42     | 698.54    
c_times   31.02      | 31.02      | 678.62     | 690.0      | 699.22    
travels   0.0        | 0.0        | 7.8        | 8.54       | 0.0       
charges   180.0      | 180.0      | 180.0      | 168.62     | 159.4     
~~~~~~~~~~~~~~~~~~~~~~~~~~~~~~~~~~~~~~~~~~
     Drone (4):
          12         | 4          | 3          | 12         | 8         
s_times   0.0        | 500.89     | 506.42     | 510.54     | 1276.91   
c_times   498.71     | 501.57     | 508.44     | 1272.98    | 1278.59   
travels   2.18       | 4.85       | 2.1        | 3.93       | 0.0       
charges   180.0      | 177.14     | 170.27     | 168.17     | 162.56    
~~~~~~~~~~~~~~~~~~~~~~~~~~~~~~~~~~~~~~~~~~
