~~~~~~~~~~~~~~~~~~~ [2, 'SB', 6, 720, 1000] ~~~~~~~~~~~~~~~~~~~
 Families: [[1], [2, 3], [4, 5, 6], [7, 8], [9, 10, 11], [12]]
Due_dates: [1440, 720.0, 1440.0, 480.0, 960.0, 1440.0, 720.0, 1440.0, 480.0, 960.0, 1440.0, 1440]
Ear_dates: [0, 72.0, 144.0, 48.0, 96.0, 144.0, 72.0, 144.0, 48.0, 96.0, 144.0, 0]
Monitor_t: [60.0, 2.02, 2.02, 0.68, 0.68, 0.68, 1.68, 1.68, 3.58, 3.58, 3.58, 0.0]
~~~~~~~~~~~~~~~~~~~ Comparing the results ~~~~~~~~~~~~~~~~~~~
***** lp_objective: 48.0
***** lp_Sol_time: 3.667
     Drone (1):
          4          | 1          | 10         | 8          | 11         | 3         
s_times   0.0        | 66.0438    | 156.3838   | 170.8966   | 185.6636   | 198.9164  
c_times   33.2938    | 126.0438   | 159.9666   | 172.5736   | 189.2464   | 200.9345  
travels   32.75      | 30.34      | 10.93      | 13.09      | 9.67       | 0.0       
charges   686.7062   | 720.0      | 686.0771   | 673.4702   | 656.7974   | 645.1092  
~~~~~~~~~~~~~~~~~~~~~~~~~~~~~~~~~~~~~~~~~~
     Drone (2):
          9          | 7          | 5          | 1          | 2          | 6         
s_times   0.0        | 44.8529    | 50.6698    | 84.1036    | 172.0436   | 176.7717  
c_times   33.9229    | 46.5298    | 51.3536    | 144.1036   | 174.0617   | 177.4555  
travels   10.93      | 4.14       | 32.75      | 27.94      | 2.71       | 0.0       
charges   686.0771   | 673.4702   | 668.6464   | 720.0      | 690.0419   | 686.6481  
~~~~~~~~~~~~~~~~~~~~~~~~~~~~~~~~~~~~~~~~~~
***** nlp_objective: 48.0
***** nlp_Sol_time: 4.444
     Drone (1):
          4          | 1          | 5          | 10         | 6          | 11        
s_times   0.0        | 66.0438    | 158.6538   | 168.4675   | 180.5904   | 190.4042  
c_times   33.2938    | 126.0438   | 159.3375   | 172.0504   | 181.2742   | 193.987   
travels   32.75      | 32.61      | 9.13       | 8.54       | 9.13       | 0.0       
charges   686.7062   | 720.0      | 686.7062   | 673.9934   | 664.7696   | 652.0567  
~~~~~~~~~~~~~~~~~~~~~~~~~~~~~~~~~~~~~~~~~~
     Drone (2):
          9          | 1          | 7          | 2          | 8          | 3         
s_times   0.0        | 67.5529    | 159.5629   | 166.3798   | 171.2279   | 178.0449  
c_times   33.9229    | 127.5529   | 161.2398   | 168.3979   | 172.9049   | 180.063   
travels   33.63      | 32.01      | 5.14       | 2.83       | 5.14       | 0.0       
charges   686.0771   | 720.0      | 686.3131   | 679.1549   | 674.648    | 667.4899  
~~~~~~~~~~~~~~~~~~~~~~~~~~~~~~~~~~~~~~~~~~
