~~~~~~~~~~~~~~~~~~~ [2, 'SB', 6, 720, 45] ~~~~~~~~~~~~~~~~~~~
 Families: [[1], [2, 3], [4, 5, 6], [7, 8], [9, 10, 11], [12]]
Due_dates: [0, 720.0, 1440.0, 480.0, 960.0, 1440.0, 720.0, 1440.0, 480.0, 960.0, 1440.0, 0]
Ear_dates: [0, 72.0, 144.0, 48.0, 96.0, 144.0, 72.0, 144.0, 48.0, 96.0, 144.0, 0]
Monitor_t: [60.0, 3.36, 3.36, 1.14, 1.14, 1.14, 2.79, 2.79, 5.97, 5.97, 5.97, 0.0]
~~~~~~~~~~~~~~~~~~~ Comparing the results ~~~~~~~~~~~~~~~~~~~
***** lp_objective: 51.21187719706916
***** lp_Sol_time: 26.194
     Drone (1):
          4          | 9          | 5          | 10         | 7          | 11        
s_times   0.0        | 42.4238    | 54.5466    | 64.3604    | 78.8733    | 93.6402   
c_times   33.2938    | 46.0066    | 55.2304    | 67.9433    | 80.5502    | 97.2231   
travels   9.13       | 8.54       | 9.13       | 10.93      | 13.09      | 0.0       
charges   686.7062   | 673.9934   | 664.7696   | 652.0567   | 639.4498   | 622.7769  
~~~~~~~~~~~~~~~~~~~~~~~~~~~~~~~~~~~~~~~~~~
     Drone (2):
          0          | 1          | 2          | 8          | 6          | 3         
s_times   0.0        | 0.0        | 87.94      | 92.7881    | 98.6051    | 104.1388  
c_times   0.0        | 60.0       | 89.9581    | 94.4651    | 99.2888    | 106.157   
travels   31.02      | 27.94      | 2.83       | 4.14       | 4.85       | 0.0       
charges   720.0      | 720.0      | 690.0419   | 685.5349   | 680.7112   | 673.843   
~~~~~~~~~~~~~~~~~~~~~~~~~~~~~~~~~~~~~~~~~~
***** nlp_objective: 48.0
***** nlp_Sol_time: 1.349
     Drone (1):
          4          | 10         | 2          | 6          | 8         
s_times   0.0        | 70.7096    | 92.801     | 100.6846   | 107.0742  
c_times   55.4896    | 76.681     | 96.1646    | 101.8242   | 109.8691  
travels   15.22      | 16.12      | 4.52       | 5.25       | 0.0       
charges   74.5104    | 53.319     | 33.8354    | 28.1758    | 20.1309   
~~~~~~~~~~~~~~~~~~~~~~~~~~~~~~~~~~~~~~~~~~
     Drone (2):
          9          | 7          | 5          | 11         | 3         
s_times   0.0        | 74.7414    | 84.4363    | 100.7959   | 122.8874  
c_times   56.5314    | 77.5363    | 85.5759    | 106.7674   | 126.2509  
travels   18.21      | 6.9        | 15.22      | 16.12      | 0.0       
charges   73.4686    | 52.4637    | 44.4241    | 23.2326    | 3.7491    
~~~~~~~~~~~~~~~~~~~~~~~~~~~~~~~~~~~~~~~~~~
