~~~~~~~~~~~~~~~~~~~ [2, 'SB', 6, 720, 45] ~~~~~~~~~~~~~~~~~~~
 Families: [[1], [2, 3], [4, 5, 6], [7, 8], [9, 10, 11], [12]]
Due_dates: [0, 720.0, 1440.0, 480.0, 960.0, 1440.0, 720.0, 1440.0, 480.0, 960.0, 1440.0, 0]
Ear_dates: [0, 72.0, 144.0, 48.0, 96.0, 144.0, 72.0, 144.0, 48.0, 96.0, 144.0, 0]
Monitor_t: [60.0, 3.36, 3.36, 1.14, 1.14, 1.14, 2.79, 2.79, 5.97, 5.97, 5.97, 0.0]
~~~~~~~~~~~~~~~~~~~ Comparing the results ~~~~~~~~~~~~~~~~~~~
***** lp_objective: 51.20951822369942
***** lp_Sol_time: 17.684
     Drone (1):
          4          | 9          | 5          | 10         | 7          | 11        
s_times   0.0        | 42.4285    | 54.5538    | 64.3697    | 78.8798    | 93.6511   
c_times   33.2963    | 46.0113    | 55.2376    | 67.9526    | 80.5568    | 97.2339   
travels   9.132143899654388 | 8.542497076662302 | 9.132143899654388 | 10.927244608733064 | 13.094279363933083 | 0.0       
charges   686.7037   | 673.9887   | 664.7624   | 652.0474   | 639.4432   | 622.7661  
~~~~~~~~~~~~~~~~~~~~~~~~~~~~~~~~~~~~~~~~~~
     Drone (2):
          0          | 1          | 2          | 8          | 6          | 3         
s_times   0.0        | 0.0        | 87.9432    | 92.7905    | 98.6049    | 104.1345  
c_times   0.0        | 60.0       | 89.9614    | 94.4674    | 99.2886    | 106.1526  
travels   31.020608279310462 | 27.943232529293834 | 2.829126444078815 | 4.137439548388595 | 4.845877094308386 | 0.0       
charges   720.0      | 720.0      | 690.0386   | 685.5326   | 680.7114   | 673.8474  
~~~~~~~~~~~~~~~~~~~~~~~~~~~~~~~~~~~~~~~~~~
***** nlp_objective: 48.0
***** nlp_Sol_time: 1.349
     Drone (1):
          4          | 10         | 2          | 6          | 8         
s_times   0.0        | 70.7096    | 92.801     | 100.6846   | 107.0742  
c_times   55.4896    | 76.681     | 96.1646    | 101.8242   | 109.8691  
travels   15.22      | 16.12      | 4.52       | 5.25       | 0.0       
charges   74.5104    | 53.319     | 33.8354    | 28.1758    | 20.1309   
~~~~~~~~~~~~~~~~~~~~~~~~~~~~~~~~~~~~~~~~~~
     Drone (2):
          9          | 7          | 5          | 11         | 3         
s_times   0.0        | 74.7414    | 84.4363    | 100.7959   | 122.8874  
c_times   56.5314    | 77.5363    | 85.5759    | 106.7674   | 126.2509  
travels   18.21      | 6.9        | 15.22      | 16.12      | 0.0       
charges   73.4686    | 52.4637    | 44.4241    | 23.2326    | 3.7491    
~~~~~~~~~~~~~~~~~~~~~~~~~~~~~~~~~~~~~~~~~~
