~~~~~~~~~~~~~~~~~~~ [2, 'SB', 6, 720, 1000] ~~~~~~~~~~~~~~~~~~~
 Families: [[1], [2, 3], [4, 5, 6], [7, 8], [9, 10, 11], [12]]
Due_dates: [1440, 720.0, 1440.0, 480.0, 960.0, 1440.0, 720.0, 1440.0, 480.0, 960.0, 1440.0, 1440]
Ear_dates: [0, 0.0, 720.0, 0.0, 480.0, 960.0, 0.0, 720.0, 0.0, 480.0, 960.0, 0]
Monitor_t: [60.0, 2.02, 2.02, 0.68, 0.68, 0.68, 1.68, 1.68, 3.58, 3.58, 3.58, 0.0]
~~~~~~~~~~~~~~~~~~~ Comparing the results ~~~~~~~~~~~~~~~~~~~
***** lp_objective: 302.2020846545346
***** lp_Sol_time: 540.682
     Drone (1):
          4          | 1          | 3          | 8          | 6          | 11        
s_times   0.0        | 1066.0438  | 1153.9838  | 1158.8319  | 1164.6488  | 1174.4626 
c_times   33.2938    | 1126.0438  | 1156.0019  | 1160.5088  | 1165.3326  | 1178.0455 
travels   32.75      | 27.94      | 2.83       | 4.14       | 9.13       | 0.0       
charges   686.7062   | 720.0      | 690.0419   | 685.5349   | 680.7112   | 667.9983  
~~~~~~~~~~~~~~~~~~~~~~~~~~~~~~~~~~~~~~~~~~
     Drone (2):
          9          | 1          | 7          | 2          | 10         | 5         
s_times   0.0        | 67.5529    | 159.5629   | 166.3798   | 177.7979   | 189.9208  
c_times   33.9229    | 127.5529   | 161.2398   | 168.3979   | 181.3808   | 190.6045  
travels   33.63      | 32.01      | 5.14       | 9.4        | 8.54       | 0.0       
charges   686.0771   | 720.0      | 686.3131   | 679.1549   | 666.1721   | 656.9483  
~~~~~~~~~~~~~~~~~~~~~~~~~~~~~~~~~~~~~~~~~~
***** nlp_objective: 672.2842875364959
***** nlp_Sol_time: 294.153
     Drone (1):
          2          | 4          | 7          | 5          | 3          | 8         
s_times   0.0        | 32.6681    | 36.5019    | 42.3188    | 47.8526    | 52.7007   
c_times   29.9581    | 33.3519    | 38.1788    | 43.0026    | 49.8707    | 54.3777   
travels   2.71       | 3.15       | 4.14       | 4.85       | 2.83       | 0.0       
charges   690.0419   | 686.6481   | 681.8212   | 676.9974   | 670.1293   | 665.6223  
~~~~~~~~~~~~~~~~~~~~~~~~~~~~~~~~~~~~~~~~~~
     Drone (2):
          9          | 1          | 10         | 1          | 6          | 11        
s_times   0.0        | 67.5529    | 157.8929   | 195.1057   | 287.7157   | 297.5295  
c_times   33.9229    | 127.5529   | 161.4757   | 255.1057   | 288.3995   | 301.1123  
travels   33.63      | 30.34      | 33.63      | 32.61      | 9.13       | 0.0       
charges   686.0771   | 720.0      | 686.0771   | 720.0      | 686.7062   | 673.9934  
~~~~~~~~~~~~~~~~~~~~~~~~~~~~~~~~~~~~~~~~~~
