~~~~~~~~~~~~~~~~~~~ [1, 'SB', 12, 720, 1440] ~~~~~~~~~~~~~~~~~~~
 Families: [[1], [2, 3], [4, 5, 6], [7, 8], [9, 10, 11], [12]]
Due_dates: [0, 720.0, 1440.0, 480.0, 960.0, 1440.0, 720.0, 1440.0, 480.0, 960.0, 1440.0, 0]
Ear_dates: [0, 0.0, 720.0, 0.0, 480.0, 960.0, 0.0, 720.0, 0.0, 480.0, 960.0, 0]
Monitor_t: [60.0, 3.36, 3.36, 1.14, 1.14, 1.14, 2.79, 2.79, 5.97, 5.97, 5.97, 0.0]
~~~~~~~~~~~~~~~~~~~ Comparing the results ~~~~~~~~~~~~~~~~~~~
***** lp_objective: 0.0
***** lp_Sol_time: 2.475
     Drone (1):
          0          | 12         | 12         | 12         | 5          | 2          | 7          | 3          | 10         | 12         | 6          | 11        
s_times   0.0        | 0.0        | 55.33      | 356.4496   | 494.641    | 503.8607   | 561.8242   | 732.2491   | 861.8326   | 898.1141   | 1015.629   | 1142.5486 
c_times   0.0        | 0.0        | 116.4696   | 422.421    | 495.7807   | 507.2242   | 624.6191   | 795.6126   | 867.8041   | 900.909    | 1076.7686  | 1148.52   
charges   720.0      | 720.0      | 720.0      | 720.0      | 646.6404   | 635.1968   | 720.0      | 720.0      | 647.8086   | 614.7037   | 720.0      | 648.2486  
~~~~~~~~~~~~~~~~~~~~~~~~~~~~~~~~~~~~~~~~~~
***** nlp_objective: 0.0
***** nlp_Sol_time: 6.115
     Drone (1):
          0          | 12         | 4          | 12         | 12         | 12         | 12         | 12         | 12         | 3          | 8          | 6         
s_times   0.0        | 0.0        | 55.33      | 250.1596   | 400.741    | 609.5559   | 649.3474   | 765.9409   | 960.7705   | 988.462    | 996.5455   | 1006.2404 
c_times   0.0        | 0.0        | 116.4696   | 256.131    | 463.5359   | 615.5274   | 652.7109   | 827.0805   | 966.742    | 991.8255   | 999.3404   | 1007.38   
charges   720.0      | 720.0      | 720.0      | 580.3386   | 720.0      | 568.0086   | 530.825    | 720.0      | 580.3386   | 555.255    | 547.7401   | 539.7005  
~~~~~~~~~~~~~~~~~~~~~~~~~~~~~~~~~~~~~~~~~~
