~~~~~~~~~~~~~~~~~~~ [1, 'SB', 12, 720, 120] ~~~~~~~~~~~~~~~~~~~
 Families: [[1], [2, 3], [4, 5, 6], [7, 8], [9, 10, 11], [12]]
Due_dates: [0, 720.0, 1440.0, 480.0, 960.0, 1440.0, 720.0, 1440.0, 480.0, 960.0, 1440.0, 0]
Ear_dates: [0, 0.0, 0.0, 0.0, 0.0, 0.0, 0.0, 0.0, 0.0, 0.0, 0.0, 0]
Monitor_t: [60.0, 3.36, 3.36, 1.14, 1.14, 1.14, 2.79, 2.79, 5.97, 5.97, 5.97, 0.0]
~~~~~~~~~~~~~~~~~~~ Comparing the results ~~~~~~~~~~~~~~~~~~~
***** lp_objective: 0.0
***** lp_Sol_time: 2.133
     Drone (1):
          0          | 0          | 9          | 4          | 2          | 5          | 10         | 3          | 7          | 11         | 8          | 6         
s_times   0.0        | 0.0        | 0.0        | 20.2114    | 29.431     | 37.3146    | 53.6742    | 75.7656    | 83.8492    | 108.4641   | 132.6455   | 142.3404  
c_times   0.0        | 0.0        | 5.9714     | 21.351     | 32.7946    | 38.4542    | 59.6456    | 79.1292    | 86.6441    | 114.4355   | 135.4404   | 143.48    
charges   720.0      | 720.0      | 714.0286   | 698.649    | 687.2054   | 681.5458   | 660.3544   | 640.8708   | 633.3559   | 605.5645   | 584.5596   | 576.52    
~~~~~~~~~~~~~~~~~~~~~~~~~~~~~~~~~~~~~~~~~~
***** nlp_objective: 0.0
***** nlp_Sol_time: 8.68
     Drone (1):
          0          | 0          | 9          | 4          | 10         | 2          | 7          | 11         | 3          | 5          | 8          | 6         
s_times   0.0        | 0.0        | 0.0        | 20.2114    | 36.571     | 58.6625    | 66.746     | 91.3609    | 113.4523   | 121.3359   | 127.7255   | 137.4204  
c_times   0.0        | 0.0        | 5.9714     | 21.351     | 42.5425    | 62.026     | 69.5409    | 97.3323    | 116.8159   | 122.4755   | 130.5204   | 138.56    
charges   720.0      | 720.0      | 714.0286   | 698.649    | 677.4575   | 657.974    | 650.4591   | 622.6677   | 603.1841   | 597.5245   | 589.4796   | 581.44    
~~~~~~~~~~~~~~~~~~~~~~~~~~~~~~~~~~~~~~~~~~
