~~~~~~~~~~~~~~~~~~~ [1, 'SB', 15, 720, 1440] ~~~~~~~~~~~~~~~~~~~
 Families: [[1], [2, 3], [4, 5, 6], [7, 8], [9, 10, 11], [12]]
Due_dates: [0, 720.0, 1440.0, 480.0, 960.0, 1440.0, 720.0, 1440.0, 480.0, 960.0, 1440.0, 0]
Ear_dates: [0, 0.0, 0.0, 0.0, 0.0, 0.0, 0.0, 0.0, 0.0, 0.0, 0.0, 0]
Monitor_t: [60.0, 3.36, 3.36, 1.14, 1.14, 1.14, 2.79, 2.79, 5.97, 5.97, 5.97, 0.0]
~~~~~~~~~~~~~~~~~~~ Comparing the results ~~~~~~~~~~~~~~~~~~~
***** lp_objective: 0.0
***** lp_Sol_time: 7.633
     Drone (1):
          0          | 0          | 0          | 0          | 0          | 9          | 7          | 10         | 4          | 11         | 2          | 5          | 3          | 6          | 8         
s_times   0.0        | 0.0        | 0.0        | 0.0        | 0.0        | 0.0        | 24.1814    | 48.7963    | 69.0077    | 85.3674    | 107.4588   | 115.3423   | 124.562    | 132.4455   | 138.8351  
c_times   0.0        | 0.0        | 0.0        | 0.0        | 0.0        | 5.9714     | 26.9763    | 54.7677    | 70.1474    | 91.3388    | 110.8223   | 116.482    | 127.9255   | 133.5851   | 141.63    
charges   720.0      | 720.0      | 720.0      | 720.0      | 720.0      | 714.0286   | 693.0237   | 665.2323   | 649.8526   | 628.6612   | 609.1777   | 603.518    | 592.0745   | 586.4149   | 578.37    
~~~~~~~~~~~~~~~~~~~~~~~~~~~~~~~~~~~~~~~~~~
***** nlp_objective: 0.0
***** nlp_Sol_time: 7.891
     Drone (1):
          0          | 0          | 0          | 0          | 0          | 2          | 9          | 4          | 10         | 5          | 11         | 7          | 6          | 3          | 8         
s_times   0.0        | 0.0        | 0.0        | 0.0        | 0.0        | 0.0        | 19.0235    | 39.235     | 55.5946    | 75.806     | 92.1656    | 116.3471   | 126.042    | 135.2616   | 143.3451  
c_times   0.0        | 0.0        | 0.0        | 0.0        | 0.0        | 3.3635     | 24.995     | 40.3746    | 61.566     | 76.9456    | 98.1371    | 119.142    | 127.1816   | 138.6251   | 146.14    
charges   720.0      | 720.0      | 720.0      | 720.0      | 720.0      | 716.6365   | 695.005    | 679.6254   | 658.434    | 643.0544   | 621.8629   | 600.858    | 592.8184   | 581.3749   | 573.86    
~~~~~~~~~~~~~~~~~~~~~~~~~~~~~~~~~~~~~~~~~~
