~~~~~~~~~~~~~~~~~~~ [2, 'SB', 5, 130, 120] ~~~~~~~~~~~~~~~~~~~
 Families: [[1], [2, 3], [4, 5, 6], [7, 8], [9, 10, 11], [12]]
Due_dates: [0, 720.0, 1440.0, 480.0, 960.0, 1440.0, 720.0, 1440.0, 480.0, 960.0, 1440.0, 0]
Ear_dates: [0, 72.0, 144.0, 48.0, 96.0, 144.0, 72.0, 144.0, 48.0, 96.0, 144.0, 0]
Monitor_t: [60.0, 3.36, 3.36, 1.14, 1.14, 1.14, 2.79, 2.79, 5.97, 5.97, 5.97, 0.0]
~~~~~~~~~~~~~~~~~~~ Comparing the results ~~~~~~~~~~~~~~~~~~~
***** lp_objective: 0
***** lp_Sol_time: 0.242
     Drone (1):
          0          | 0          | 0          | 0          | 0         
s_times   0          | 0          | 0          | 0          | 0         
c_times   0          | 0          | 0          | 0          | 0         
travels   0.0        | 0.0        | 0.0        | 0.0        | 0.0       
charges   0          | 0          | 0          | 0          | 0         
~~~~~~~~~~~~~~~~~~~~~~~~~~~~~~~~~~~~~~~~~~
     Drone (2):
          0          | 0          | 0          | 0          | 0         
s_times   0          | 0          | 0          | 0          | 0         
c_times   0          | 0          | 0          | 0          | 0         
travels   0.0        | 0.0        | 0.0        | 0.0        | 0.0       
charges   0          | 0          | 0          | 0          | 0         
~~~~~~~~~~~~~~~~~~~~~~~~~~~~~~~~~~~~~~~~~~
***** nlp_objective: 48.0
***** nlp_Sol_time: 1.349
     Drone (1):
          4          | 10         | 2          | 6          | 8         
s_times   0.0        | 70.7096    | 92.801     | 100.6846   | 107.0742  
c_times   55.4896    | 76.681     | 96.1646    | 101.8242   | 109.8691  
travels   15.22      | 16.12      | 4.52       | 5.25       | 0.0       
charges   74.5104    | 53.319     | 33.8354    | 28.1758    | 20.1309   
~~~~~~~~~~~~~~~~~~~~~~~~~~~~~~~~~~~~~~~~~~
     Drone (2):
          9          | 7          | 5          | 11         | 3         
s_times   0.0        | 74.7414    | 84.4363    | 100.7959   | 122.8874  
c_times   56.5314    | 77.5363    | 85.5759    | 106.7674   | 126.2509  
travels   18.21      | 6.9        | 15.22      | 16.12      | 0.0       
charges   73.4686    | 52.4637    | 44.4241    | 23.2326    | 3.7491    
~~~~~~~~~~~~~~~~~~~~~~~~~~~~~~~~~~~~~~~~~~
