~~~~~~~~~~~~~~~~~~~ [4, 'SB_RS', 6, 720, 120] ~~~~~~~~~~~~~~~~~~~
 Families: [[1], [2, 3], [4, 5, 6], [7, 8], [9, 10, 11], [12, 13, 14], [15, 16], [17, 18], [19, 20], [21], [22]]
Due_dates: [1440, 720.0, 1440.0, 480.0, 960.0, 1440.0, 720.0, 1440.0, 480.0, 960.0, 1440.0, 480.0, 960.0, 1440.0, 720.0, 1440.0, 720.0, 1440.0, 720.0, 1440.0, 1440, 1440]
Ear_dates: [0, 72.0, 144.0, 48.0, 96.0, 144.0, 72.0, 144.0, 48.0, 96.0, 144.0, 48.0, 96.0, 144.0, 72.0, 144.0, 72.0, 144.0, 72.0, 144.0, 0, 0]
Monitor_t: [60.0, 2.02, 2.02, 0.68, 0.68, 0.68, 1.68, 1.68, 3.58, 3.58, 3.58, 2.94, 2.94, 2.94, 1.03, 1.03, 1.66, 1.66, 1.4, 1.4, 0.0, 0.0]
~~~~~~~~~~~~~~~~~~~ Comparing the results ~~~~~~~~~~~~~~~~~~~
***** lp_objective: 43.55
***** lp_Sol_time: 58.551
     Drone (1):
          22         | 9          | 2          | 13         | 11         | 6         
s_times   0.0        | 74.19      | 87.4429    | 125.511    | 174.0256   | 186.1485  
c_times   43.55      | 77.7729    | 89.461     | 128.4556   | 177.6085   | 186.8323  
travels   30.64      | 9.67       | 36.05      | 45.57      | 8.54       | 0.0       
charges   676.45     | 642.2271   | 630.539    | 591.5444   | 542.3915   | 533.1677  
~~~~~~~~~~~~~~~~~~~~~~~~~~~~~~~~~~~~~~~~~~
     Drone (2):
          22         | 12         | 15         | 10         | 19         | 7         
s_times   0.0        | 63.44      | 89.3347    | 114.557    | 150.9599   | 174.3538  
c_times   43.55      | 66.3847    | 90.367     | 118.1399   | 152.3638   | 176.0307  
travels   19.89      | 22.95      | 24.19      | 32.82      | 21.99      | 0.0       
charges   676.45     | 653.6153   | 629.633    | 601.8601   | 567.6362   | 543.9693  
~~~~~~~~~~~~~~~~~~~~~~~~~~~~~~~~~~~~~~~~~~
     Drone (3):
          22         | 4          | 17         | 5          | 18         | 3         
s_times   0.0        | 64.53      | 92.7238    | 122.0609   | 150.2546   | 177.3017  
c_times   43.55      | 65.2138    | 94.3809    | 122.7446   | 151.9117   | 179.3199  
travels   20.98      | 27.51      | 27.68      | 27.51      | 25.39      | 0.0       
charges   676.45     | 654.7862   | 625.6191   | 597.2554   | 568.0883   | 540.6801  
~~~~~~~~~~~~~~~~~~~~~~~~~~~~~~~~~~~~~~~~~~
     Drone (4):
          22         | 1          | 16         | 14         | 8          | 20        
s_times   0.0        | 87.1       | 190.72     | 210.9824   | 249.897    | 272.144   
c_times   43.55      | 147.1      | 191.7524   | 213.927    | 251.574    | 273.5479  
travels   43.55      | 43.62      | 19.23      | 35.97      | 20.57      | 0.0       
charges   676.45     | 720.0      | 675.3476   | 653.173    | 615.526    | 593.5521  
~~~~~~~~~~~~~~~~~~~~~~~~~~~~~~~~~~~~~~~~~~
***** nlp_objective: 43.55
***** nlp_Sol_time: 141.099
     Drone (1):
          21         | 1          | 20         | 18         | 3          | 11        
s_times   0.0        | 62.04      | 164.2      | 179.9539   | 207.001    | 218.4191  
c_times   31.02      | 122.04     | 165.6039   | 181.611    | 209.0191   | 222.002   
travels   31.02      | 42.16      | 14.35      | 25.39      | 9.4        | 0.0       
charges   688.98     | 720.0      | 676.4361   | 660.429    | 633.0209   | 620.038   
~~~~~~~~~~~~~~~~~~~~~~~~~~~~~~~~~~~~~~~~~~
     Drone (2):
          22         | 4          | 19         | 10         | 14         | 8         
s_times   0.0        | 64.53      | 90.1638    | 125.1377   | 169.1105   | 208.0252  
c_times   43.55      | 65.2138    | 91.5677    | 128.7205   | 172.0552   | 209.7021  
travels   20.98      | 24.95      | 33.57      | 40.39      | 35.97      | 0.0       
charges   676.45     | 654.7862   | 628.4323   | 591.2795   | 547.9448   | 510.2979  
~~~~~~~~~~~~~~~~~~~~~~~~~~~~~~~~~~~~~~~~~~
     Drone (3):
          22         | 9          | 17         | 13         | 6          | 16        
s_times   0.0        | 74.19      | 112.2129   | 155.1      | 194.8946   | 210.0184  
c_times   43.55      | 77.7729    | 113.87     | 158.0446   | 195.5784   | 211.0508  
travels   30.64      | 34.44      | 41.23      | 36.85      | 14.44      | 0.0       
charges   676.45     | 642.2271   | 606.13     | 561.9554   | 524.4216   | 508.9492  
~~~~~~~~~~~~~~~~~~~~~~~~~~~~~~~~~~~~~~~~~~
     Drone (4):
          21         | 12         | 7          | 2          | 15         | 5         
s_times   0.0        | 67.4       | 106.3147   | 113.1316   | 130.9697   | 147.0121  
c_times   31.02      | 70.3447    | 107.9916   | 115.1497   | 132.0021   | 147.6959  
travels   36.38      | 35.97      | 5.14       | 15.82      | 15.01      | 0.0       
charges   688.98     | 649.6553   | 612.0084   | 604.8503   | 587.9979   | 572.3041  
~~~~~~~~~~~~~~~~~~~~~~~~~~~~~~~~~~~~~~~~~~
