~~~~~~~~~~~~~~~~~~~ [4, 'SB_RS', 6, 7200, 8000] ~~~~~~~~~~~~~~~~~~~
 Families: [[1], [2, 3], [4, 5, 6], [7, 8], [9, 10, 11], [12, 13, 14], [15, 16], [17, 18], [19, 20], [21], [22]]
Due_dates: [0, 720.0, 1440.0, 480.0, 960.0, 1440.0, 720.0, 1440.0, 480.0, 960.0, 1440.0, 480.0, 960.0, 1440.0, 720.0, 1440.0, 720.0, 1440.0, 720.0, 1440.0, 0, 0]
Ear_dates: [0, 0.0, 0.0, 0.0, 0.0, 0.0, 0.0, 0.0, 0.0, 0.0, 0.0, 0.0, 0.0, 0.0, 0.0, 0.0, 0.0, 0.0, 0.0, 0.0, 0, 0]
Monitor_t: [60.0, 20.18, 20.18, 6.84, 6.84, 6.84, 16.77, 16.77, 35.83, 35.83, 35.83, 29.45, 29.45, 29.45, 10.32, 10.32, 16.57, 16.57, 14.04, 14.04, 0.0, 0.0]
~~~~~~~~~~~~~~~~~~~ Comparing the results ~~~~~~~~~~~~~~~~~~~
***** lp_objective: 0.0
***** lp_Sol_time: 5.442
     Drone (1):
          0          | 4          | 10         | 13         | 20         | 6         
s_times   0.0        | 0.0        | 98.1577    | 537.8363   | 834.893    | 1092.2118 
c_times   0.0        | 6.8377     | 133.9863   | 567.283    | 848.9318   | 1099.0495 
charges   7200.0     | 7193.1623  | 7066.0137  | 6632.717   | 6351.0682  | 6100.9505 
~~~~~~~~~~~~~~~~~~~~~~~~~~~~~~~~~~~~~~~~~~
     Drone (2):
          0          | 0          | 2          | 12         | 8          | 11        
s_times   0.0        | 0.0        | 0.0        | 380.6712   | 769.8179   | 917.5273  
c_times   0.0        | 0.0        | 20.1812    | 410.1179   | 786.5873   | 953.3559  
charges   7200.0     | 7200.0     | 7179.8188  | 6789.8821  | 6413.4127  | 6246.6441 
~~~~~~~~~~~~~~~~~~~~~~~~~~~~~~~~~~~~~~~~~~
     Drone (3):
          0          | 9          | 5          | 7          | 3          | 14        
s_times   0.0        | 0.0        | 121.2486   | 159.5863   | 227.7457   | 608.4169  
c_times   0.0        | 35.8286    | 128.0863   | 176.3557   | 247.9269   | 637.8636  
charges   7200.0     | 7164.1714  | 7071.9137  | 7023.6443  | 6952.0731  | 6562.1364 
~~~~~~~~~~~~~~~~~~~~~~~~~~~~~~~~~~~~~~~~~~
     Drone (4):
          0          | 17         | 19         | 15         | 18         | 16        
s_times   0.0        | 0.0        | 190.461    | 375.4998   | 662.1934   | 962.9944  
c_times   0.0        | 16.571     | 204.4998   | 385.8234   | 678.7644   | 973.3181  
charges   7200.0     | 7183.429   | 6995.5002  | 6814.1766  | 6521.2356  | 6226.6819 
~~~~~~~~~~~~~~~~~~~~~~~~~~~~~~~~~~~~~~~~~~
***** nlp_objective: 0.0
***** nlp_Sol_time: 13.433
     Drone (1):
          0          | 21         | 3          | 13         | 10         | 20        
s_times   0.0        | 0.0        | 33.6       | 414.2712   | 899.4579   | 1263.4365 
c_times   0.0        | 0.0        | 53.7812    | 443.7179   | 935.2865   | 1277.4753 
charges   7200.0     | 7200.0     | 7146.2188  | 6756.2821  | 6264.7135  | 5922.5247 
~~~~~~~~~~~~~~~~~~~~~~~~~~~~~~~~~~~~~~~~~~
     Drone (2):
          0          | 9          | 4          | 15         | 19         | 14        
s_times   0.0        | 0.0        | 121.2486   | 272.4463   | 446.86     | 714.4187  
c_times   0.0        | 35.8286    | 128.0863   | 282.77     | 460.8987   | 743.8654  
charges   7200.0     | 7164.1714  | 7071.9137  | 6917.23    | 6739.1013  | 6456.1346 
~~~~~~~~~~~~~~~~~~~~~~~~~~~~~~~~~~~~~~~~~~
     Drone (3):
          0          | 0          | 2          | 12         | 18         | 16        
s_times   0.0        | 0.0        | 0.0        | 380.6712   | 834.4279   | 1135.2289 
c_times   0.0        | 0.0        | 20.1812    | 410.1179   | 850.9989   | 1145.5526 
charges   7200.0     | 7200.0     | 7179.8188  | 6789.8821  | 6349.0011  | 6054.4474 
~~~~~~~~~~~~~~~~~~~~~~~~~~~~~~~~~~~~~~~~~~
     Drone (4):
          7          | 17         | 8          | 5          | 11         | 6         
s_times   0.0        | 565.0794   | 835.0204   | 893.1597   | 991.3175   | 1112.566  
c_times   336.8194   | 581.6504   | 851.7897   | 899.9975   | 1027.146   | 1119.4037 
charges   6863.1806  | 6618.3496  | 6348.2103  | 6300.0025  | 6172.854   | 6080.5963 
~~~~~~~~~~~~~~~~~~~~~~~~~~~~~~~~~~~~~~~~~~
