~~~~~~~~~~~~~~~~~~~ [4, 'SB_RS', 6, 480, 1200] ~~~~~~~~~~~~~~~~~~~
 Families: [[1], [2, 3], [4, 5, 6], [7, 8], [9, 10, 11], [12, 13, 14], [15, 16], [17, 18], [19, 20], [21], [22]]
Due_dates: [0, 720.0, 1440.0, 480.0, 960.0, 1440.0, 720.0, 1440.0, 480.0, 960.0, 1440.0, 480.0, 960.0, 1440.0, 720.0, 1440.0, 720.0, 1440.0, 720.0, 1440.0, 0, 0]
Ear_dates: [0, 0.0, 0.0, 0.0, 0.0, 0.0, 0.0, 0.0, 0.0, 0.0, 0.0, 0.0, 0.0, 0.0, 0.0, 0.0, 0.0, 0.0, 0.0, 0.0, 0, 0]
Monitor_t: [60.0, 3.36, 3.36, 1.14, 1.14, 1.14, 2.79, 2.79, 5.97, 5.97, 5.97, 4.91, 4.91, 4.91, 1.72, 1.72, 2.76, 2.76, 2.34, 2.34, 0.0, 0.0]
~~~~~~~~~~~~~~~~~~~ Comparing the results ~~~~~~~~~~~~~~~~~~~
***** lp_objective: 0.0
***** lp_Sol_time: 4.223
     Drone (1):
          7          | 6          | 13         | 15         | 20         | 3         
s_times   0.0        | 63.0349    | 121.7545   | 164.9123   | 193.9829   | 237.8027  
c_times   56.1349    | 64.1745    | 126.6623   | 166.6329   | 196.3227   | 241.1662  
charges   423.8651   | 415.8255   | 353.3377   | 313.3671   | 283.6773   | 238.8338  
~~~~~~~~~~~~~~~~~~~~~~~~~~~~~~~~~~~~~~~~~~
     Drone (2):
          12         | 18         | 10         | 14         | 11         | 16        
s_times   0.0        | 179.9078   | 239.4496   | 312.731    | 393.5988   | 434.6403  
c_times   109.1878   | 182.6696   | 245.421    | 317.6388   | 399.5703   | 436.3609  
charges   370.8122   | 297.3304   | 234.579    | 162.3612   | 80.4297    | 43.6391   
~~~~~~~~~~~~~~~~~~~~~~~~~~~~~~~~~~~~~~~~~~
     Drone (3):
          0          | 17         | 5          | 2          | 8          | 9         
s_times   0.0        | 0.0        | 48.8918    | 58.1115    | 66.195     | 90.8099   
c_times   0.0        | 2.7618     | 50.0315    | 61.475     | 68.9899    | 96.7813   
charges   480.0      | 477.2382   | 429.9685   | 418.525    | 411.0101   | 383.2187  
~~~~~~~~~~~~~~~~~~~~~~~~~~~~~~~~~~~~~~~~~~
     Drone (4):
          0          | 0          | 0          | 0          | 4          | 19        
s_times   0.0        | 0.0        | 0.0        | 0.0        | 0.0        | 42.7196   
c_times   0.0        | 0.0        | 0.0        | 0.0        | 1.1396     | 45.0594   
charges   480.0      | 480.0      | 480.0      | 480.0      | 478.8604   | 434.9406  
~~~~~~~~~~~~~~~~~~~~~~~~~~~~~~~~~~~~~~~~~~
***** nlp_objective: 0.0
***** nlp_Sol_time: 29.224
     Drone (1):
          0          | 0          | 0          | 12         | 5          | 9         
s_times   0.0        | 0.0        | 0.0        | 0.0        | 66.3178    | 82.6774   
c_times   0.0        | 0.0        | 0.0        | 4.9078     | 67.4574    | 88.6488   
charges   480.0      | 480.0      | 480.0      | 475.0922   | 412.5426   | 391.3512  
~~~~~~~~~~~~~~~~~~~~~~~~~~~~~~~~~~~~~~~~~~
     Drone (2):
          15         | 13         | 19         | 11         | 20         | 16        
s_times   0.0        | 106.4806   | 155.9884   | 214.2682   | 274.9296   | 305.7694  
c_times   74.4306    | 111.3884   | 158.3282   | 220.2396   | 277.2694   | 307.49    
charges   405.5694   | 368.6116   | 321.6718   | 259.7604   | 202.7306   | 172.51    
~~~~~~~~~~~~~~~~~~~~~~~~~~~~~~~~~~~~~~~~~~
     Drone (3):
          0          | 7          | 4          | 8          | 18         | 3         
s_times   0.0        | 0.0        | 9.6949     | 16.0845    | 56.9194    | 102.0012  
c_times   0.0        | 2.7949     | 10.8345    | 18.8794    | 59.6812    | 105.3648  
charges   480.0      | 477.2051   | 469.1655   | 461.1206   | 420.3188   | 374.6352  
~~~~~~~~~~~~~~~~~~~~~~~~~~~~~~~~~~~~~~~~~~
     Drone (4):
          0          | 2          | 17         | 6          | 10         | 14        
s_times   0.0        | 0.0        | 45.4635    | 94.3554    | 110.715    | 183.9964  
c_times   0.0        | 3.3635     | 48.2254    | 95.495     | 116.6864   | 188.9042  
charges   480.0      | 476.6365   | 431.7746   | 384.505    | 363.3136   | 291.0958  
~~~~~~~~~~~~~~~~~~~~~~~~~~~~~~~~~~~~~~~~~~
