~~~~~~~~~~~~~~~~~~~ [4, 'SB_RS', 6, 720, 120] ~~~~~~~~~~~~~~~~~~~
 Families: [[1], [2, 3], [4, 5, 6], [7, 8], [9, 10, 11], [12, 13, 14], [15, 16], [17, 18], [19, 20], [21], [22]]
Due_dates: [0, 720.0, 1440.0, 480.0, 960.0, 1440.0, 720.0, 1440.0, 480.0, 960.0, 1440.0, 480.0, 960.0, 1440.0, 720.0, 1440.0, 720.0, 1440.0, 720.0, 1440.0, 0, 0]
Ear_dates: [0, 0.0, 0.0, 0.0, 0.0, 0.0, 0.0, 0.0, 0.0, 0.0, 0.0, 0.0, 0.0, 0.0, 0.0, 0.0, 0.0, 0.0, 0.0, 0.0, 0, 0]
Monitor_t: [60.0, 3.36, 3.36, 1.14, 1.14, 1.14, 2.79, 2.79, 5.97, 5.97, 5.97, 4.91, 4.91, 4.91, 1.72, 1.72, 2.76, 2.76, 2.34, 2.34, 0.0, 0.0]
~~~~~~~~~~~~~~~~~~~ Comparing the results ~~~~~~~~~~~~~~~~~~~
***** lp_objective: 0.0
***** lp_Sol_time: 7.748
     Drone (1):
          0          | 12         | 4          | 9          | 20         | 6         
s_times   0.0        | 0.0        | 66.3178    | 82.6774    | 143.3388   | 186.2286  
c_times   0.0        | 4.9078     | 67.4574    | 88.6488    | 145.6786   | 187.3683  
charges   720.0      | 715.0922   | 652.5426   | 631.3512   | 574.3214   | 532.6317  
~~~~~~~~~~~~~~~~~~~~~~~~~~~~~~~~~~~~~~~~~~
     Drone (2):
          0          | 22         | 2          | 15         | 14         | 11        
s_times   0.0        | 0.0        | 37.97      | 67.6935    | 101.4641   | 182.3319  
c_times   0.0        | 0.0        | 41.3335    | 69.4141    | 106.3719   | 188.3034  
charges   720.0      | 720.0      | 678.6665   | 650.5859   | 613.6281   | 531.6966  
~~~~~~~~~~~~~~~~~~~~~~~~~~~~~~~~~~~~~~~~~~
     Drone (3):
          7          | 3          | 8          | 5          | 10         | 18        
s_times   0.0        | 64.7049    | 72.7884    | 82.4833    | 98.8429    | 162.2144  
c_times   56.1349    | 68.0684    | 75.5833    | 83.6229    | 104.8144   | 164.9762  
charges   663.8651   | 651.9316   | 644.4167   | 636.3771   | 615.1856   | 555.0238  
~~~~~~~~~~~~~~~~~~~~~~~~~~~~~~~~~~~~~~~~~~
     Drone (4):
          0          | 22         | 13         | 17         | 19         | 16        
s_times   0.0        | 0.0        | 33.16      | 108.7878   | 140.5296   | 171.3694  
c_times   0.0        | 0.0        | 38.0678    | 111.5496   | 142.8694   | 173.09    
charges   720.0      | 720.0      | 681.9322   | 608.4504   | 577.1306   | 546.91    
~~~~~~~~~~~~~~~~~~~~~~~~~~~~~~~~~~~~~~~~~~
***** nlp_objective: 0.0
***** nlp_Sol_time: 28.841
     Drone (1):
          0          | 17         | 9          | 20         | 2          | 11        
s_times   0.0        | 0.0        | 59.5418    | 120.2033   | 164.0231   | 183.0466  
c_times   0.0        | 2.7618     | 65.5133    | 122.5431   | 167.3866   | 189.018   
charges   720.0      | 717.2382   | 654.4867   | 597.4569   | 552.6134   | 530.982   
~~~~~~~~~~~~~~~~~~~~~~~~~~~~~~~~~~~~~~~~~~
     Drone (2):
          4          | 19         | 13         | 6          | 3          | 8         
s_times   0.0        | 97.0696    | 141.6594   | 207.9772   | 217.1968   | 225.2804  
c_times   55.4896    | 99.4094    | 146.5672   | 209.1168   | 220.5604   | 228.0753  
charges   664.5104   | 620.5906   | 573.4328   | 510.8832   | 499.4396   | 491.9247  
~~~~~~~~~~~~~~~~~~~~~~~~~~~~~~~~~~~~~~~~~~
     Drone (3):
          0          | 15         | 12         | 10         | 7          | 14        
s_times   0.0        | 0.0        | 33.7706    | 114.6384   | 138.8198   | 196.4247  
c_times   0.0        | 1.7206     | 38.6784    | 120.6098   | 141.6147   | 201.3325  
charges   720.0      | 718.2794   | 681.3216   | 599.3902   | 578.3853   | 518.6675  
~~~~~~~~~~~~~~~~~~~~~~~~~~~~~~~~~~~~~~~~~~
     Drone (4):
          0          | 0          | 21         | 18         | 5          | 16        
s_times   0.0        | 0.0        | 0.0        | 45.59      | 94.4818    | 119.6815  
c_times   0.0        | 0.0        | 0.0        | 48.3518    | 95.6215    | 121.4021  
charges   720.0      | 720.0      | 720.0      | 671.6482   | 624.3785   | 598.5979  
~~~~~~~~~~~~~~~~~~~~~~~~~~~~~~~~~~~~~~~~~~
