~~~~~~~~~~~~~~~~~~~ [4, 'SB_RS', 6, 1200, 1200] ~~~~~~~~~~~~~~~~~~~
 Families: [[1], [2, 3], [4, 5, 6], [7, 8], [9, 10, 11], [12, 13, 14], [15, 16], [17, 18], [19, 20], [21], [22]]
Due_dates: [0, 720.0, 1440.0, 480.0, 960.0, 1440.0, 720.0, 1440.0, 480.0, 960.0, 1440.0, 480.0, 960.0, 1440.0, 720.0, 1440.0, 720.0, 1440.0, 720.0, 1440.0, 0, 0]
Ear_dates: [0, 0.0, 0.0, 0.0, 0.0, 0.0, 0.0, 0.0, 0.0, 0.0, 0.0, 0.0, 0.0, 0.0, 0.0, 0.0, 0.0, 0.0, 0.0, 0.0, 0, 0]
Monitor_t: [60.0, 20.18, 20.18, 6.84, 6.84, 6.84, 16.77, 16.77, 35.83, 35.83, 35.83, 29.45, 29.45, 29.45, 10.32, 10.32, 16.57, 16.57, 14.04, 14.04, 0.0, 0.0]
~~~~~~~~~~~~~~~~~~~ Comparing the results ~~~~~~~~~~~~~~~~~~~
***** lp_objective: 0.0
***** lp_Sol_time: 6.443
     Drone (1):
          0          | 12         | 5          | 15         | 11         | 20        
s_times   0.0        | 0.0        | 397.9267   | 549.1244   | 801.3381   | 1165.3167 
c_times   0.0        | 29.4467    | 404.7644   | 559.4481   | 837.1667   | 1179.3554 
charges   1200.0     | 1170.5533  | 795.2356   | 640.5519   | 362.8333   | 20.6446   
~~~~~~~~~~~~~~~~~~~~~~~~~~~~~~~~~~~~~~~~~~
     Drone (2):
          0          | 21         | 8          | 2          | 18         | 19        
s_times   0.0        | 0.0        | 39.28      | 107.4394   | 380.2406   | 570.7016  
c_times   0.0        | 0.0        | 56.0494    | 127.6206   | 396.8116   | 584.7404  
charges   1200.0     | 1200.0     | 1143.9506  | 1072.3794  | 803.1884   | 615.2596  
~~~~~~~~~~~~~~~~~~~~~~~~~~~~~~~~~~~~~~~~~~
     Drone (3):
          0          | 17         | 3          | 10         | 16         | 14        
s_times   0.0        | 0.0        | 270.501    | 384.6422   | 630.8808   | 833.5144  
c_times   0.0        | 16.571     | 290.6822   | 420.4708   | 641.2044   | 862.9612  
charges   1200.0     | 1183.429   | 909.3178   | 779.5292   | 558.7956   | 337.0388  
~~~~~~~~~~~~~~~~~~~~~~~~~~~~~~~~~~~~~~~~~~
     Drone (4):
          0          | 7          | 4          | 9          | 13         | 6         
s_times   0.0        | 0.0        | 58.1394    | 156.2971   | 595.9757   | 993.9024  
c_times   0.0        | 16.7694    | 64.9771    | 192.1257   | 625.4224   | 1000.7401 
charges   1200.0     | 1183.2306  | 1135.0229  | 1007.8743  | 574.5776   | 199.2599  
~~~~~~~~~~~~~~~~~~~~~~~~~~~~~~~~~~~~~~~~~~
***** nlp_objective: 0.0
***** nlp_Sol_time: 24.272
     Drone (1):
          0          | 17         | 9          | 6          | 2          | 10        
s_times   0.0        | 0.0        | 357.231    | 478.4796   | 533.7773   | 647.9185  
c_times   0.0        | 16.571     | 393.0596   | 485.3173   | 553.9585   | 683.7471  
charges   1200.0     | 1183.429   | 806.9404   | 714.6827   | 646.0415   | 516.2529  
~~~~~~~~~~~~~~~~~~~~~~~~~~~~~~~~~~~~~~~~~~
     Drone (2):
          0          | 0          | 0          | 12         | 5          | 14        
s_times   0.0        | 0.0        | 0.0        | 0.0        | 397.9267   | 750.2244  
c_times   0.0        | 0.0        | 0.0        | 29.4467    | 404.7644   | 779.6711  
charges   1200.0     | 1200.0     | 1200.0     | 1170.5533  | 795.2356   | 420.3289  
~~~~~~~~~~~~~~~~~~~~~~~~~~~~~~~~~~~~~~~~~~
     Drone (3):
          0          | 15         | 13         | 19         | 16         | 20        
s_times   0.0        | 0.0        | 202.6337   | 499.6904   | 684.7292   | 859.1428  
c_times   0.0        | 10.3237    | 232.0804   | 513.7292   | 695.0528   | 873.1816  
charges   1200.0     | 1189.6763  | 967.9196   | 686.2708   | 504.9472   | 326.8184  
~~~~~~~~~~~~~~~~~~~~~~~~~~~~~~~~~~~~~~~~~~
     Drone (4):
          4          | 7          | 18         | 11         | 3          | 8         
s_times   0.0        | 364.4677   | 609.4971   | 966.7281   | 1099.2867  | 1147.7579 
c_times   332.9677   | 381.2371   | 626.0681   | 1002.5567  | 1119.4679  | 1164.5272 
charges   867.0323   | 818.7629   | 573.9319   | 197.4433   | 80.5321    | 35.4728   
~~~~~~~~~~~~~~~~~~~~~~~~~~~~~~~~~~~~~~~~~~
