~~~~~~~~~~~~~~~~~~~ [7, 'SB_LA', 7, 480, 1200] ~~~~~~~~~~~~~~~~~~~
 Families: [[1], [2, 3], [4, 5, 6], [7, 8], [9, 10, 11], [12, 13, 14, 15, 16], [17, 18, 19, 20], [21, 22, 23, 24, 25], [26, 27, 28, 29], [30, 31, 32, 33, 34], [35, 36, 37, 38], [39, 40, 41, 42], [43, 44, 45, 46], [47], [48]]
Due_dates: [360, 180.0, 360.0, 120.0, 240.0, 360.0, 180.0, 360.0, 120.0, 240.0, 360.0, 72.0, 144.0, 216.0, 288.0, 360.0, 90.0, 180.0, 270.0, 360.0, 72.0, 144.0, 216.0, 288.0, 360.0, 90.0, 180.0, 270.0, 360.0, 72.0, 144.0, 216.0, 288.0, 360.0, 90.0, 180.0, 270.0, 360.0, 90.0, 180.0, 270.0, 360.0, 90.0, 180.0, 270.0, 360.0, 360, 360]
Ear_dates: [0, 18.0, 36.0, 12.0, 24.0, 36.0, 18.0, 36.0, 12.0, 24.0, 36.0, 7.2, 14.4, 21.6, 28.8, 36.0, 9.0, 18.0, 27.0, 36.0, 7.2, 14.4, 21.6, 28.8, 36.0, 9.0, 18.0, 27.0, 36.0, 7.2, 14.4, 21.6, 28.8, 36.0, 9.0, 18.0, 27.0, 36.0, 9.0, 18.0, 27.0, 36.0, 9.0, 18.0, 27.0, 36.0, 0, 0]
Monitor_t: [60.0, 2.02, 2.02, 0.68, 0.68, 0.68, 1.68, 1.68, 3.58, 3.58, 3.58, 2.05, 2.05, 2.05, 2.05, 2.05, 2.54, 2.54, 2.54, 2.54, 7.51, 7.51, 7.51, 7.51, 7.51, 3.93, 3.93, 3.93, 3.93, 3.33, 3.33, 3.33, 3.33, 3.33, 1.97, 1.97, 1.97, 1.97, 3.72, 3.72, 3.72, 3.72, 4.6, 4.6, 4.6, 4.6, 0.0, 0.0]
~~~~~~~~~~~~~~~~~~~ Comparing the results ~~~~~~~~~~~~~~~~~~~
***** lp_objective: 8.999999998999998
***** lp_Sol_time: 3643.792
     Drone (1):
          12         | 28         | 44         | 36         | 14         | 33         | 24        
s_times   0.0        | 70.1493    | 114.283    | 139.9737   | 144.0639   | 168.3246   | 198.998   
c_times   46.9308    | 74.0841    | 118.8831   | 141.9484   | 146.1108   | 171.6498   | 206.5112  
charges   433.0692   | 405.9159   | 361.1169   | 338.0516   | 333.8892   | 308.3502   | 273.4888  
~~~~~~~~~~~~~~~~~~~~~~~~~~~~~~~~~~~~~~~~~~
     Drone (2):
          0          | 35         | 4          | 2          | 9          | 37         | 34        
s_times   0.0        | 0.0        | 76.6781    | 82.2077    | 93.6215    | 170.5101   | 194.7404  
c_times   0.0        | 1.9747     | 77.3618    | 84.2258    | 97.2043    | 172.4849   | 198.0656  
charges   480.0      | 478.0253   | 402.6382   | 395.7742   | 382.7957   | 307.5151   | 281.9344  
~~~~~~~~~~~~~~~~~~~~~~~~~~~~~~~~~~~~~~~~~~
     Drone (3):
          30         | 18         | 31         | 45         | 10         | 16         | 11        
s_times   0.0        | 76.895     | 92.0973    | 130.3878   | 197.172    | 276.2429   | 348.7642  
c_times   63.7534    | 79.4375    | 95.4225    | 134.9879   | 200.7549   | 278.2899   | 352.3471  
charges   416.2466   | 400.5625   | 384.5775   | 345.0121   | 279.2451   | 201.7101   | 127.6529  
~~~~~~~~~~~~~~~~~~~~~~~~~~~~~~~~~~~~~~~~~~
     Drone (4):
          0          | 17         | 5          | 41         | 19         | 1          | 46        
s_times   0.0        | 0.0        | 84.1081    | 152.5363   | 173.6013   | 225.3669   | 314.1733  
c_times   0.0        | 2.5425     | 84.7919    | 156.2583   | 176.1438   | 285.3669   | 318.7734  
charges   480.0      | 477.4575   | 395.2081   | 323.7417   | 303.8562   | 480.0      | 446.5935  
~~~~~~~~~~~~~~~~~~~~~~~~~~~~~~~~~~~~~~~~~~
     Drone (5):
          39         | 22         | 13         | 32         | 23         | 15         | 6         
s_times   0.0        | 85.5364    | 127.624    | 151.8848   | 182.5581   | 224.6458   | 302.0437  
c_times   38.7927    | 93.0497    | 129.671    | 155.21     | 190.0714   | 226.6927   | 302.7275  
charges   441.2073   | 386.9503   | 350.329    | 324.79     | 289.9286   | 253.3073   | 177.2725  
~~~~~~~~~~~~~~~~~~~~~~~~~~~~~~~~~~~~~~~~~~
     Drone (6):
          43         | 40         | 7          | 29         | 38         | 42         | 3         
s_times   0.0        | 43.5273    | 112.3689   | 210.1151   | 238.8998   | 253.6704   | 318.5168  
c_times   33.4065    | 47.2493    | 114.0458   | 214.0499   | 240.8745   | 257.3924   | 320.5349  
charges   446.5935   | 432.7507   | 365.9542   | 265.9501   | 239.1255   | 222.6076   | 159.4651  
~~~~~~~~~~~~~~~~~~~~~~~~~~~~~~~~~~~~~~~~~~
     Drone (7):
          0          | 26         | 21         | 27         | 8          | 20         | 25        
s_times   0.0        | 0.0        | 23.9897    | 62.5485    | 165.1494   | 247.9838   | 280.7789  
c_times   0.0        | 3.9348     | 31.503     | 66.4833    | 166.8264   | 250.5263   | 288.2922  
charges   480.0      | 476.0652   | 448.497    | 413.5167   | 313.1736   | 229.4737   | 191.7078  
~~~~~~~~~~~~~~~~~~~~~~~~~~~~~~~~~~~~~~~~~~
***** nlp_objective: 9.000000004205575
***** nlp_Sol_time: 181360.924
     Drone (1):
          26         | 32         | 13         | 1          | 29         | 34         | 38        
s_times   0.0        | 79.4928    | 103.8743   | 149.7777   | 274.3582   | 289.2706   | 315.2064  
c_times   68.5153    | 82.818     | 105.9212   | 209.7777   | 278.293    | 292.5958   | 317.1811  
charges   411.4847   | 397.182    | 374.0788   | 480.0      | 411.4847   | 397.182    | 372.5966  
~~~~~~~~~~~~~~~~~~~~~~~~~~~~~~~~~~~~~~~~~~
     Drone (2):
          0          | 21         | 12         | 9          | 6          | 10         | 24        
s_times   0.0        | 0.0        | 42.0876    | 114.6089   | 126.7342   | 136.5501   | 241.17    
c_times   0.0        | 7.5133     | 44.1346    | 118.1917   | 127.418    | 140.133    | 248.6833  
charges   480.0      | 472.4867   | 435.8654   | 361.8083   | 352.582    | 339.867    | 231.3167  
~~~~~~~~~~~~~~~~~~~~~~~~~~~~~~~~~~~~~~~~~~
     Drone (3):
          0          | 17         | 4          | 20         | 41         | 1          | 42        
s_times   0.0        | 0.0        | 84.1081    | 167.0256   | 184.2038   | 221.1091   | 316.1798  
c_times   0.0        | 2.5425     | 84.7919    | 169.5681   | 187.9258   | 281.1091   | 319.9018  
charges   480.0      | 477.4575   | 395.2081   | 310.4319   | 292.0742   | 480.0      | 441.2073  
~~~~~~~~~~~~~~~~~~~~~~~~~~~~~~~~~~~~~~~~~~
     Drone (4):
          39         | 36         | 44         | 19         | 14         | 27         | 16        
s_times   0.0        | 53.5517    | 76.3579    | 102.9508   | 113.3852   | 138.6507   | 165.3119  
c_times   38.7927    | 55.5264    | 80.958     | 105.4933   | 115.4322   | 142.5855   | 167.3589  
charges   441.2073   | 424.4736   | 399.042    | 374.5067   | 364.5678   | 337.4145   | 312.6411  
~~~~~~~~~~~~~~~~~~~~~~~~~~~~~~~~~~~~~~~~~~
     Drone (5):
          30         | 18         | 45         | 15         | 40         | 11         | 25        
s_times   0.0        | 76.895     | 102.1684   | 130.112    | 145.8957   | 212.5033   | 317.1231  
c_times   63.7534    | 79.4375    | 106.7685   | 132.1589   | 149.6177   | 216.0861   | 324.6364  
charges   416.2466   | 400.5625   | 373.2315   | 347.8411   | 330.3823   | 263.9139   | 155.3636  
~~~~~~~~~~~~~~~~~~~~~~~~~~~~~~~~~~~~~~~~~~
     Drone (6):
          35         | 31         | 22         | 46         | 37         | 33         | 28        
s_times   0.0        | 66.6845    | 97.3578    | 161.0957   | 186.7864   | 211.0166   | 218.1653  
c_times   44.4289    | 70.0096    | 104.8711   | 165.6958   | 188.7611   | 214.3418   | 222.1001  
charges   435.5711   | 409.9904   | 375.1289   | 314.3042   | 291.2389   | 265.6582   | 257.8999  
~~~~~~~~~~~~~~~~~~~~~~~~~~~~~~~~~~~~~~~~~~
     Drone (7):
          43         | 2          | 5          | 7          | 23         | 8          | 3         
s_times   0.0        | 92.9272    | 97.6577    | 101.4911   | 206.7515   | 319.6176   | 326.4337  
c_times   33.4065    | 94.9453    | 98.3414    | 103.168    | 214.2648   | 321.2945   | 328.4518  
charges   446.5935   | 385.0547   | 381.6586   | 376.832    | 265.7352   | 158.7055   | 151.5482  
~~~~~~~~~~~~~~~~~~~~~~~~~~~~~~~~~~~~~~~~~~
