~~~~~~~~~~~~~~~~~~~ [3, 'SB', 5, 360] ~~~~~~~~~~~~~~~~~~~
     seed: 6234650356266190230
 Families: [[1], [2, 3], [4, 5, 6], [7, 8], [9, 10, 11], [12]]
  i_times: [30.0, 390.0, 570.0, 750.0]
Fam slots: [[4, 5], [3, 6, 7], [3, 7], [0, 2, 7]]
Ear_dates: [0, 720.0, 900.0, 540.0, 1080.0, 1260.0, 540.0, 1260.0, 0.0, 360.0, 1260.0, 0]
Due_dates: [1440, 900.0, 1080.0, 720.0, 1260.0, 1440.0, 720.0, 1440.0, 180.0, 540.0, 1440.0, 1440]
Monitor_t: [60.0, 2.02, 2.02, 0.68, 0.68, 0.68, 1.68, 1.68, 3.58, 3.58, 3.58, 0.0]
~~~~~~~~~~~~~~~~~~~ Comparing the results ~~~~~~~~~~~~~~~~~~~
***** lp_Variables: 2792
***** lp_Constraints: 5094
***** lp_objective: 1075.1699999999992
***** lp_Sol_time: 1496.044
     Drone (1):
          4          | 1          | 5          | 1          | 11        
s_times   32.61      | 66.04      | 158.65     | 192.08     | 282.42    
c_times   33.29      | 126.04     | 159.33     | 252.08     | 286.0     
travels   32.75      | 32.61      | 32.75      | 30.34      | 0.0       
charges   326.71     | 360.0      | 326.71     | 360.0      | 326.08    
~~~~~~~~~~~~~~~~~~~~~~~~~~~~~~~~~~~~~~~~~~
     Drone (2):
          9          | 3          | 10         | 1          | 6         
s_times   30.34      | 43.59      | 55.01      | 92.22      | 184.83    
c_times   33.92      | 45.61      | 58.59      | 152.22     | 185.51    
travels   9.67       | 9.4        | 33.63      | 32.61      | 0.0       
charges   326.08     | 314.39     | 301.41     | 360.0      | 326.71    
~~~~~~~~~~~~~~~~~~~~~~~~~~~~~~~~~~~~~~~~~~
     Drone (3):
          2          | 1          | 7          | 1          | 8         
s_times   27.94      | 59.89      | 151.9      | 185.08     | 277.09    
c_times   29.96      | 119.89     | 153.58     | 245.08     | 278.77    
travels   29.93      | 32.01      | 31.5       | 32.01      | 0.0       
charges   330.04     | 360.0      | 326.31     | 360.0      | 326.31    
~~~~~~~~~~~~~~~~~~~~~~~~~~~~~~~~~~~~~~~~~~
***** nlp_Variables: 227
***** nlp_Constraints: 112
***** nlp_objective: 1075.17
***** nlp_Sol_time: 261.302
     Drone (1):
          4          | 1          | 5          | 1          | 11        
s_times   32.61      | 66.04      | 158.65     | 192.08     | 282.42    
c_times   33.29      | 126.04     | 159.33     | 252.08     | 286.0     
travels   32.75      | 32.61      | 32.75      | 30.34      | 0.0       
charges   326.71     | 360.0      | 326.71     | 360.0      | 326.08    
~~~~~~~~~~~~~~~~~~~~~~~~~~~~~~~~~~~~~~~~~~
     Drone (2):
          2          | 1          | 7          | 1          | 8         
s_times   27.94      | 59.89      | 151.9      | 185.08     | 277.09    
c_times   29.96      | 119.89     | 153.58     | 245.08     | 278.77    
travels   29.93      | 32.01      | 31.5       | 32.01      | 0.0       
charges   330.04     | 360.0      | 326.31     | 360.0      | 326.31    
~~~~~~~~~~~~~~~~~~~~~~~~~~~~~~~~~~~~~~~~~~
     Drone (3):
          9          | 3          | 10         | 1          | 6         
s_times   30.34      | 43.59      | 55.01      | 92.22      | 184.83    
c_times   33.92      | 45.61      | 58.59      | 152.22     | 185.51    
travels   9.67       | 9.4        | 33.63      | 32.61      | 0.0       
charges   326.08     | 314.39     | 301.41     | 360.0      | 326.71    
~~~~~~~~~~~~~~~~~~~~~~~~~~~~~~~~~~~~~~~~~~
