~~~~~~~~~~~~~~~~~~~ [3, 'SB', 5, 360] ~~~~~~~~~~~~~~~~~~~
     seed: 2673018242766932816
 Families: [[1], [2, 3], [4, 5, 6], [7, 8], [9, 10, 11], [12]]
  i_times: [30.0, 210.0, 570.0, 570.0]
Fam slots: [[3, 4], [3, 5, 6], [2, 6], [0, 3, 7]]
Ear_dates: [0, 540.0, 720.0, 540.0, 900.0, 1080.0, 360.0, 1080.0, 0.0, 540.0, 1260.0, 0]
Due_dates: [1440, 720.0, 900.0, 720.0, 1080.0, 1260.0, 540.0, 1260.0, 180.0, 720.0, 1440.0, 1440]
Monitor_t: [60.0, 2.02, 2.02, 0.68, 0.68, 0.68, 1.68, 1.68, 3.58, 3.58, 3.58, 0.0]
~~~~~~~~~~~~~~~~~~~ Comparing the results ~~~~~~~~~~~~~~~~~~~
***** lp_Variables: 2792
***** lp_Constraints: 5094
***** lp_objective: 974.56
***** lp_Sol_time: 9.312
     Drone (1):
          2          | 7          | 3          | 0          | 5         
s_times   27.94      | 32.79      | 39.61      | 41.63      | 41.63     
c_times   29.96      | 34.47      | 41.63      | 41.63      | 42.31     
travels   2.83       | 5.14       | 2.1        | 2.18       | 0.0       
charges   330.04     | 325.53     | 318.37     | 318.37     | 317.69    
~~~~~~~~~~~~~~~~~~~~~~~~~~~~~~~~~~~~~~~~~~
     Drone (2):
          4          | 1          | 6          | 8          | 0         
s_times   32.61      | 66.04      | 158.65     | 162.48     | 164.16    
c_times   33.29      | 126.04     | 159.33     | 164.16     | 164.16    
travels   32.75      | 32.61      | 3.15       | 5.36       | 0.0       
charges   326.71     | 360.0      | 326.71     | 321.88     | 321.88    
~~~~~~~~~~~~~~~~~~~~~~~~~~~~~~~~~~~~~~~~~~
     Drone (3):
          9          | 1          | 10         | 1          | 11        
s_times   30.34      | 67.55      | 157.89     | 195.1      | 285.44    
c_times   33.92      | 127.55     | 161.47     | 255.1      | 289.02    
travels   33.63      | 30.34      | 33.63      | 30.34      | 0.0       
charges   326.08     | 360.0      | 326.08     | 360.0      | 326.08    
~~~~~~~~~~~~~~~~~~~~~~~~~~~~~~~~~~~~~~~~~~
***** nlp_Variables: 227
***** nlp_Constraints: 112
***** nlp_objective: 974.5599999999952
***** nlp_Sol_time: 19.765
     Drone (1):
          7          | 2          | 5          | 12         | 3         
s_times   32.01      | 38.83      | 43.56      | 46.16      | 49.52     
c_times   33.69      | 40.85      | 44.24      | 46.16      | 51.54     
travels   5.14       | 2.71       | 1.92       | 3.36       | 0.0       
charges   326.31     | 319.15     | 315.76     | 313.84     | 308.46    
~~~~~~~~~~~~~~~~~~~~~~~~~~~~~~~~~~~~~~~~~~
     Drone (2):
          9          | 1          | 10         | 1          | 11        
s_times   30.34      | 67.55      | 157.89     | 195.1      | 285.44    
c_times   33.92      | 127.55     | 161.47     | 255.1      | 289.02    
travels   33.63      | 30.34      | 33.63      | 30.34      | 0.0       
charges   326.08     | 360.0      | 326.08     | 360.0      | 326.08    
~~~~~~~~~~~~~~~~~~~~~~~~~~~~~~~~~~~~~~~~~~
     Drone (3):
          4          | 1          | 6          | 8          | 12        
s_times   32.61      | 66.04      | 158.65     | 162.48     | 169.52    
c_times   33.29      | 126.04     | 159.33     | 164.16     | 169.52    
travels   32.75      | 32.61      | 3.15       | 5.36       | 0.0       
charges   326.71     | 360.0      | 326.71     | 321.88     | 316.52    
~~~~~~~~~~~~~~~~~~~~~~~~~~~~~~~~~~~~~~~~~~
