~~~~~~~~~~~~~~~~~~~ [3, 'SB', 5, 360] ~~~~~~~~~~~~~~~~~~~
     seed: 7587192833528471957
 Families: [[1], [2, 3], [4, 5, 6], [7, 8], [9, 10, 11], [12]]
  i_times: [390.0, 390.0, 390.0, 390.0]
Fam slots: [[0, 3], [3, 6, 7], [2, 5], [3, 4, 7]]
Ear_dates: [0, 0.0, 540.0, 540.0, 1080.0, 1260.0, 360.0, 900.0, 540.0, 720.0, 1260.0, 0]
Due_dates: [1440, 180.0, 720.0, 720.0, 1260.0, 1440.0, 540.0, 1080.0, 720.0, 900.0, 1440.0, 1440]
Monitor_t: [60.0, 2.02, 2.02, 0.68, 0.68, 0.68, 1.68, 1.68, 3.58, 3.58, 3.58, 0.0]
~~~~~~~~~~~~~~~~~~~ Comparing the results ~~~~~~~~~~~~~~~~~~~
***** lp_Variables: 2792
***** lp_Constraints: 5094
***** lp_objective: 975.3099998047367
***** lp_Sol_time: 38.141
     Drone (1):
          7          | 0          | 2          | 8          | 3         
s_times   32.01      | 33.69      | 33.69      | 38.54      | 45.36     
c_times   33.69      | 33.69      | 35.71      | 40.22      | 47.38     
travels   5.36       | 3.36       | 2.83       | 5.14       | 0.0       
charges   326.31     | 326.31     | 324.29     | 319.78     | 312.62    
~~~~~~~~~~~~~~~~~~~~~~~~~~~~~~~~~~~~~~~~~~
     Drone (2):
          9          | 1          | 10         | 1          | 11        
s_times   30.34      | 67.55      | 157.89     | 195.1      | 285.44    
c_times   33.92      | 127.55     | 161.47     | 255.1      | 289.02    
travels   33.63      | 30.34      | 33.63      | 30.34      | 0.0       
charges   326.08     | 360.0      | 326.08     | 360.0      | 326.08    
~~~~~~~~~~~~~~~~~~~~~~~~~~~~~~~~~~~~~~~~~~
     Drone (3):
          4          | 1          | 5          | 1          | 6         
s_times   32.61      | 66.04      | 158.65     | 192.08     | 284.69    
c_times   33.29      | 126.04     | 159.33     | 252.08     | 285.37    
travels   32.75      | 32.61      | 32.75      | 32.61      | 0.0       
charges   326.71     | 360.0      | 326.71     | 360.0      | 326.71    
~~~~~~~~~~~~~~~~~~~~~~~~~~~~~~~~~~~~~~~~~~
***** nlp_Variables: 227
***** nlp_Constraints: 112
***** nlp_objective: 975.3100000000001
***** nlp_Sol_time: 34.743
     Drone (1):
          2          | 1          | 7          | 3          | 8         
s_times   27.94      | 59.89      | 151.9      | 158.72     | 163.57    
c_times   29.96      | 119.89     | 153.58     | 160.74     | 165.25    
travels   29.93      | 32.01      | 5.14       | 2.83       | 0.0       
charges   330.04     | 360.0      | 326.31     | 319.15     | 314.64    
~~~~~~~~~~~~~~~~~~~~~~~~~~~~~~~~~~~~~~~~~~
     Drone (2):
          4          | 1          | 5          | 1          | 6         
s_times   32.61      | 66.04      | 158.65     | 192.08     | 284.69    
c_times   33.29      | 126.04     | 159.33     | 252.08     | 285.37    
travels   32.75      | 32.61      | 32.75      | 32.61      | 0.0       
charges   326.71     | 360.0      | 326.71     | 360.0      | 326.71    
~~~~~~~~~~~~~~~~~~~~~~~~~~~~~~~~~~~~~~~~~~
     Drone (3):
          9          | 1          | 10         | 1          | 11        
s_times   30.34      | 67.55      | 157.89     | 195.1      | 285.44    
c_times   33.92      | 127.55     | 161.47     | 255.1      | 289.02    
travels   33.63      | 30.34      | 33.63      | 30.34      | 0.0       
charges   326.08     | 360.0      | 326.08     | 360.0      | 326.08    
~~~~~~~~~~~~~~~~~~~~~~~~~~~~~~~~~~~~~~~~~~
