~~~~~~~~~~~~~~~~~~~ [3, 'SB', 5, 360] ~~~~~~~~~~~~~~~~~~~
     seed: 2938002432563578891
 Families: [[1], [2, 3], [4, 5, 6], [7, 8], [9, 10, 11], [12]]
  i_times: [1110.0, 570.0, 390.0, 390.0]
Fam slots: [[0, 7], [1, 5, 7], [1, 4], [0, 1, 4]]
Ear_dates: [0, 0.0, 1260.0, 180.0, 900.0, 1260.0, 180.0, 720.0, 0.0, 180.0, 720.0, 0]
Due_dates: [1440, 180.0, 1440.0, 360.0, 1080.0, 1440.0, 360.0, 900.0, 180.0, 360.0, 900.0, 1440]
Monitor_t: [60.0, 2.02, 2.02, 0.68, 0.68, 0.68, 1.68, 1.68, 3.58, 3.58, 3.58, 0.0]
~~~~~~~~~~~~~~~~~~~ Comparing the results ~~~~~~~~~~~~~~~~~~~
***** lp_Variables: 2792
***** lp_Constraints: 5094
***** lp_objective: 976.9599999021952
***** lp_Sol_time: 232.36
     Drone (1):
          9          | 1          | 11         | 1          | 3         
s_times   30.34      | 67.55      | 157.89     | 195.1      | 283.04    
c_times   33.92      | 127.55     | 161.47     | 255.1      | 285.06    
travels   33.63      | 30.34      | 33.63      | 27.94      | 0.0       
charges   326.08     | 360.0      | 326.08     | 360.0      | 330.04    
~~~~~~~~~~~~~~~~~~~~~~~~~~~~~~~~~~~~~~~~~~
     Drone (2):
          4          | 1          | 8          | 1          | 6         
s_times   32.61      | 66.04      | 158.05     | 191.23     | 283.84    
c_times   33.29      | 126.04     | 159.73     | 251.23     | 284.52    
travels   32.75      | 32.01      | 31.5       | 32.61      | 0.0       
charges   326.71     | 360.0      | 326.31     | 360.0      | 326.71    
~~~~~~~~~~~~~~~~~~~~~~~~~~~~~~~~~~~~~~~~~~
     Drone (3):
          7          | 10         | 5          | 0          | 2         
s_times   32.01      | 46.78      | 58.9       | 59.58      | 59.58     
c_times   33.69      | 50.36      | 59.58      | 59.58      | 61.6      
travels   13.09      | 8.54       | 1.92       | 3.36       | 0.0       
charges   326.31     | 309.64     | 300.42     | 300.42     | 298.4     
~~~~~~~~~~~~~~~~~~~~~~~~~~~~~~~~~~~~~~~~~~
***** nlp_Variables: 227
***** nlp_Constraints: 112
***** nlp_objective: 976.9599999999965
***** nlp_Sol_time: 24.397
     Drone (1):
          9          | 1          | 11         | 1          | 3         
s_times   30.34      | 67.55      | 157.89     | 195.1      | 283.04    
c_times   33.92      | 127.55     | 161.47     | 255.1      | 285.06    
travels   33.63      | 30.34      | 33.63      | 27.94      | 0.0       
charges   326.08     | 360.0      | 326.08     | 360.0      | 330.04    
~~~~~~~~~~~~~~~~~~~~~~~~~~~~~~~~~~~~~~~~~~
     Drone (2):
          7          | 10         | 12         | 5          | 2         
s_times   32.01      | 46.78      | 57.62      | 59.8       | 65.33     
c_times   33.69      | 50.36      | 57.62      | 60.48      | 67.35     
travels   13.09      | 7.26       | 2.18       | 4.85       | 0.0       
charges   326.31     | 309.64     | 302.38     | 299.52     | 292.65    
~~~~~~~~~~~~~~~~~~~~~~~~~~~~~~~~~~~~~~~~~~
     Drone (3):
          4          | 1          | 8          | 1          | 6         
s_times   32.61      | 66.04      | 158.05     | 191.23     | 283.84    
c_times   33.29      | 126.04     | 159.73     | 251.23     | 284.52    
travels   32.75      | 32.01      | 31.5       | 32.61      | 0.0       
charges   326.71     | 360.0      | 326.31     | 360.0      | 326.71    
~~~~~~~~~~~~~~~~~~~~~~~~~~~~~~~~~~~~~~~~~~
