~~~~~~~~~~~~~~~~~~~ [3, 'SB', 5, 360] ~~~~~~~~~~~~~~~~~~~
     seed: 5392684561225192207
 Families: [[1], [2, 3], [4, 5, 6], [7, 8], [9, 10, 11], [12]]
  i_times: [30.0, 210.0, 210.0, 390.0]
Fam slots: [[5, 6], [2, 3, 5], [3, 5], [3, 6, 7]]
Ear_dates: [0, 900.0, 1080.0, 360.0, 540.0, 900.0, 540.0, 900.0, 540.0, 1080.0, 1260.0, 0]
Due_dates: [1440, 1080.0, 1260.0, 540.0, 720.0, 1080.0, 720.0, 1080.0, 720.0, 1260.0, 1440.0, 1440]
Monitor_t: [60.0, 2.02, 2.02, 0.68, 0.68, 0.68, 1.68, 1.68, 3.58, 3.58, 3.58, 0.0]
~~~~~~~~~~~~~~~~~~~ Comparing the results ~~~~~~~~~~~~~~~~~~~
***** lp_Variables: 2792
***** lp_Constraints: 5094
***** lp_objective: 974.5599999999997
***** lp_Sol_time: 14.091
     Drone (1):
          4          | 1          | 2          | 0          | 3         
s_times   32.61      | 66.04      | 153.98     | 156.0      | 156.0     
c_times   33.29      | 126.04     | 156.0      | 156.0      | 158.02    
travels   32.75      | 27.94      | 2.1        | 3.36       | 0.0       
charges   326.71     | 360.0      | 330.04     | 330.04     | 328.02    
~~~~~~~~~~~~~~~~~~~~~~~~~~~~~~~~~~~~~~~~~~
     Drone (2):
          7          | 0          | 5          | 8          | 6         
s_times   32.01      | 33.69      | 33.69      | 37.52      | 43.34     
c_times   33.69      | 33.69      | 34.37      | 39.2       | 44.02     
travels   5.36       | 2.18       | 3.15       | 4.14       | 0.0       
charges   326.31     | 326.31     | 325.63     | 320.8      | 315.98    
~~~~~~~~~~~~~~~~~~~~~~~~~~~~~~~~~~~~~~~~~~
     Drone (3):
          9          | 1          | 10         | 1          | 11        
s_times   30.34      | 67.55      | 157.89     | 195.1      | 285.44    
c_times   33.92      | 127.55     | 161.47     | 255.1      | 289.02    
travels   33.63      | 30.34      | 33.63      | 30.34      | 0.0       
charges   326.08     | 360.0      | 326.08     | 360.0      | 326.08    
~~~~~~~~~~~~~~~~~~~~~~~~~~~~~~~~~~~~~~~~~~
***** nlp_Variables: 227
***** nlp_Constraints: 112
***** nlp_objective: 974.5599999999808
***** nlp_Sol_time: 20.181
     Drone (1):
          12         | 1          | 5          | 2          | 6         
s_times   31.02      | 62.04      | 154.65     | 160.18     | 164.91    
c_times   31.02      | 122.04     | 155.33     | 162.2      | 165.59    
travels   31.02      | 32.61      | 4.85       | 2.71       | 0.0       
charges   328.98     | 360.0      | 326.71     | 319.84     | 316.45    
~~~~~~~~~~~~~~~~~~~~~~~~~~~~~~~~~~~~~~~~~~
     Drone (2):
          4          | 1          | 7          | 3          | 8         
s_times   32.61      | 66.04      | 158.05     | 164.87     | 169.72    
c_times   33.29      | 126.04     | 159.73     | 166.89     | 171.4     
travels   32.75      | 32.01      | 5.14       | 2.83       | 0.0       
charges   326.71     | 360.0      | 326.31     | 319.15     | 314.64    
~~~~~~~~~~~~~~~~~~~~~~~~~~~~~~~~~~~~~~~~~~
     Drone (3):
          9          | 1          | 10         | 1          | 11        
s_times   30.34      | 67.55      | 157.89     | 195.1      | 285.44    
c_times   33.92      | 127.55     | 161.47     | 255.1      | 289.02    
travels   33.63      | 30.34      | 33.63      | 30.34      | 0.0       
charges   326.08     | 360.0      | 326.08     | 360.0      | 326.08    
~~~~~~~~~~~~~~~~~~~~~~~~~~~~~~~~~~~~~~~~~~
