~~~~~~~~~~~~~~~~~~~ [3, 'SB', 5, 360] ~~~~~~~~~~~~~~~~~~~
     seed: 435309463289083723
 Families: [[1], [2, 3], [4, 5, 6], [7, 8], [9, 10, 11], [12]]
  i_times: [750.0, 30.0, 750.0, 750.0]
Fam slots: [[0, 5], [0, 1, 2], [0, 5], [1, 6, 7]]
Ear_dates: [0, 0.0, 900.0, 0.0, 180.0, 360.0, 0.0, 900.0, 180.0, 1080.0, 1260.0, 0]
Due_dates: [1440, 180.0, 1080.0, 180.0, 360.0, 540.0, 180.0, 1080.0, 360.0, 1260.0, 1440.0, 1440]
Monitor_t: [60.0, 2.02, 2.02, 0.68, 0.68, 0.68, 1.68, 1.68, 3.58, 3.58, 3.58, 0.0]
~~~~~~~~~~~~~~~~~~~ Comparing the results ~~~~~~~~~~~~~~~~~~~
***** lp_Variables: 2792
***** lp_Constraints: 5094
***** lp_objective: 974.56
***** lp_Sol_time: 9.327
     Drone (1):
          7          | 0          | 2          | 0          | 6         
s_times   32.01      | 33.69      | 33.69      | 35.71      | 35.71     
c_times   33.69      | 33.69      | 35.71      | 35.71      | 36.39     
travels   5.36       | 3.36       | 2.1        | 2.18       | 0.0       
charges   326.31     | 326.31     | 324.29     | 324.29     | 323.61    
~~~~~~~~~~~~~~~~~~~~~~~~~~~~~~~~~~~~~~~~~~
     Drone (2):
          9          | 1          | 10         | 1          | 11        
s_times   30.34      | 67.55      | 157.89     | 195.1      | 285.44    
c_times   33.92      | 127.55     | 161.47     | 255.1      | 289.02    
travels   33.63      | 30.34      | 33.63      | 30.34      | 0.0       
charges   326.08     | 360.0      | 326.08     | 360.0      | 326.08    
~~~~~~~~~~~~~~~~~~~~~~~~~~~~~~~~~~~~~~~~~~
     Drone (3):
          4          | 0          | 5          | 8          | 3         
s_times   32.61      | 33.29      | 33.29      | 37.12      | 43.94     
c_times   33.29      | 33.29      | 33.97      | 38.8       | 45.96     
travels   1.92       | 2.18       | 3.15       | 5.14       | 0.0       
charges   326.71     | 326.71     | 326.03     | 321.2      | 314.04    
~~~~~~~~~~~~~~~~~~~~~~~~~~~~~~~~~~~~~~~~~~
***** nlp_Variables: 227
***** nlp_Constraints: 112
***** nlp_objective: 974.5599999999897
***** nlp_Sol_time: 13.46
     Drone (1):
          6          | 1          | 3          | 1          | 8         
s_times   32.61      | 66.04      | 153.98     | 185.93     | 277.94    
c_times   33.29      | 126.04     | 156.0      | 245.93     | 279.62    
travels   32.75      | 27.94      | 29.93      | 32.01      | 0.0       
charges   326.71     | 360.0      | 330.04     | 360.0      | 326.31    
~~~~~~~~~~~~~~~~~~~~~~~~~~~~~~~~~~~~~~~~~~
     Drone (2):
          0          | 4          | 7          | 5          | 2         
s_times   0.0        | 0.0        | 3.83       | 9.65       | 15.18     
c_times   0.0        | 0.68       | 5.51       | 10.33      | 17.2      
travels   2.18       | 3.15       | 4.14       | 4.85       | 0.0       
charges   360.0      | 359.32     | 354.49     | 349.67     | 342.8     
~~~~~~~~~~~~~~~~~~~~~~~~~~~~~~~~~~~~~~~~~~
     Drone (3):
          9          | 1          | 10         | 1          | 11        
s_times   30.34      | 67.55      | 157.89     | 195.1      | 285.44    
c_times   33.92      | 127.55     | 161.47     | 255.1      | 289.02    
travels   33.63      | 30.34      | 33.63      | 30.34      | 0.0       
charges   326.08     | 360.0      | 326.08     | 360.0      | 326.08    
~~~~~~~~~~~~~~~~~~~~~~~~~~~~~~~~~~~~~~~~~~
