~~~~~~~~~~~~~~~~~~~ [3, 'SB', 5, 360] ~~~~~~~~~~~~~~~~~~~
     seed: 2350130226105556977
 Families: [[1], [2, 3], [4, 5, 6], [7, 8], [9, 10, 11], [12]]
  i_times: [210.0, 750.0, 210.0, 750.0]
Fam slots: [[4, 6], [0, 1, 6], [1, 3], [0, 5, 6]]
Ear_dates: [0, 720.0, 1080.0, 0.0, 180.0, 1080.0, 180.0, 540.0, 0.0, 900.0, 1080.0, 0]
Due_dates: [1440, 900.0, 1260.0, 180.0, 360.0, 1260.0, 360.0, 720.0, 180.0, 1080.0, 1260.0, 1440]
Monitor_t: [60.0, 2.02, 2.02, 0.68, 0.68, 0.68, 1.68, 1.68, 3.58, 3.58, 3.58, 0.0]
~~~~~~~~~~~~~~~~~~~ Comparing the results ~~~~~~~~~~~~~~~~~~~
***** lp_Variables: 2792
***** lp_Constraints: 5094
***** lp_objective: 889.2299999109734
***** lp_Sol_time: 462.531
     Drone (1):
          7          | 10         | 1          | 8          | 11        
s_times   32.01      | 46.78      | 83.99      | 176.0      | 190.77    
c_times   33.69      | 50.36      | 143.99     | 177.68     | 194.35    
travels   13.09      | 33.63      | 32.01      | 13.09      | 0.0       
charges   326.31     | 309.64     | 360.0      | 326.31     | 309.64    
~~~~~~~~~~~~~~~~~~~~~~~~~~~~~~~~~~~~~~~~~~
     Drone (2):
          4          | 1          | 2          | 1          | 3         
s_times   32.61      | 66.04      | 153.98     | 185.93     | 273.87    
c_times   33.29      | 126.04     | 156.0      | 245.93     | 275.89    
travels   32.75      | 27.94      | 29.93      | 27.94      | 0.0       
charges   326.71     | 360.0      | 330.04     | 360.0      | 330.04    
~~~~~~~~~~~~~~~~~~~~~~~~~~~~~~~~~~~~~~~~~~
     Drone (3):
          9          | 1          | 5          | 1          | 6         
s_times   30.34      | 67.55      | 160.16     | 193.59     | 286.2     
c_times   33.92      | 127.55     | 160.84     | 253.59     | 286.88    
travels   33.63      | 32.61      | 32.75      | 32.61      | 0.0       
charges   326.08     | 360.0      | 326.71     | 360.0      | 326.71    
~~~~~~~~~~~~~~~~~~~~~~~~~~~~~~~~~~~~~~~~~~
***** nlp_Variables: 227
***** nlp_Constraints: 112
***** nlp_objective: 889.23
***** nlp_Sol_time: 90.643
     Drone (1):
          7          | 10         | 1          | 8          | 11        
s_times   32.01      | 46.78      | 83.99      | 176.0      | 190.77    
c_times   33.69      | 50.36      | 143.99     | 177.68     | 194.35    
travels   13.09      | 33.63      | 32.01      | 13.09      | 0.0       
charges   326.31     | 309.64     | 360.0      | 326.31     | 309.64    
~~~~~~~~~~~~~~~~~~~~~~~~~~~~~~~~~~~~~~~~~~
     Drone (2):
          9          | 1          | 2          | 1          | 6         
s_times   30.34      | 67.55      | 155.49     | 187.44     | 280.05    
c_times   33.92      | 127.55     | 157.51     | 247.44     | 280.73    
travels   33.63      | 27.94      | 29.93      | 32.61      | 0.0       
charges   326.08     | 360.0      | 330.04     | 360.0      | 326.71    
~~~~~~~~~~~~~~~~~~~~~~~~~~~~~~~~~~~~~~~~~~
     Drone (3):
          4          | 1          | 5          | 1          | 3         
s_times   32.61      | 66.04      | 158.65     | 192.08     | 280.02    
c_times   33.29      | 126.04     | 159.33     | 252.08     | 282.04    
travels   32.75      | 32.61      | 32.75      | 27.94      | 0.0       
charges   326.71     | 360.0      | 326.71     | 360.0      | 330.04    
~~~~~~~~~~~~~~~~~~~~~~~~~~~~~~~~~~~~~~~~~~
