~~~~~~~~~~~~~~~~~~~ [3, 'SB', 5, 360] ~~~~~~~~~~~~~~~~~~~
     seed: 4785172035270616433
 Families: [[1], [2, 3], [4, 5, 6], [7, 8], [9, 10, 11], [12]]
  i_times: [210.0, 390.0, 210.0, 210.0]
Fam slots: [[2, 4], [1, 4, 6], [3, 5], [0, 1, 3]]
Ear_dates: [0, 360.0, 720.0, 180.0, 720.0, 1080.0, 540.0, 900.0, 0.0, 180.0, 540.0, 0]
Due_dates: [1440, 540.0, 900.0, 360.0, 900.0, 1260.0, 720.0, 1080.0, 180.0, 360.0, 720.0, 1440]
Monitor_t: [60.0, 2.02, 2.02, 0.68, 0.68, 0.68, 1.68, 1.68, 3.58, 3.58, 3.58, 0.0]
~~~~~~~~~~~~~~~~~~~ Comparing the results ~~~~~~~~~~~~~~~~~~~
***** lp_Variables: 2792
***** lp_Constraints: 5094
***** lp_objective: 792.2899999999998
***** lp_Sol_time: 13.537
     Drone (1):
          10         | 1          | 11         | 1          | 6         
s_times   30.34      | 67.55      | 157.89     | 195.1      | 287.71    
c_times   33.92      | 127.55     | 161.47     | 255.1      | 288.39    
travels   33.63      | 30.34      | 33.63      | 32.61      | 0.0       
charges   326.08     | 360.0      | 326.08     | 360.0      | 326.71    
~~~~~~~~~~~~~~~~~~~~~~~~~~~~~~~~~~~~~~~~~~
     Drone (2):
          12         | 1          | 3          | 8          | 5         
s_times   31.02      | 62.04      | 149.98     | 154.83     | 160.65    
c_times   31.02      | 122.04     | 152.0      | 156.51     | 161.33    
travels   31.02      | 27.94      | 2.83       | 4.14       | 0.0       
charges   328.98     | 360.0      | 330.04     | 325.53     | 320.71    
~~~~~~~~~~~~~~~~~~~~~~~~~~~~~~~~~~~~~~~~~~
     Drone (3):
          0          | 4          | 7          | 9          | 2         
s_times   0.0        | 0.0        | 3.83       | 18.6       | 31.85     
c_times   0.0        | 0.68       | 5.51       | 22.18      | 33.87     
travels   2.18       | 3.15       | 13.09      | 9.67       | 0.0       
charges   360.0      | 359.32     | 354.49     | 337.82     | 326.13    
~~~~~~~~~~~~~~~~~~~~~~~~~~~~~~~~~~~~~~~~~~
***** nlp_Variables: 227
***** nlp_Constraints: 112
***** nlp_objective: 792.2899999999998
***** nlp_Sol_time: 15.658
     Drone (1):
          9          | 1          | 11         | 1          | 6         
s_times   30.34      | 67.55      | 157.89     | 195.1      | 287.71    
c_times   33.92      | 127.55     | 161.47     | 255.1      | 288.39    
travels   33.63      | 30.34      | 33.63      | 32.61      | 0.0       
charges   326.08     | 360.0      | 326.08     | 360.0      | 326.71    
~~~~~~~~~~~~~~~~~~~~~~~~~~~~~~~~~~~~~~~~~~
     Drone (2):
          7          | 1          | 8          | 5          | 2         
s_times   32.01      | 65.19      | 157.2      | 163.02     | 168.55    
c_times   33.69      | 125.19     | 158.88     | 163.7      | 170.57    
travels   31.5       | 32.01      | 4.14       | 4.85       | 0.0       
charges   326.31     | 360.0      | 326.31     | 321.49     | 314.62    
~~~~~~~~~~~~~~~~~~~~~~~~~~~~~~~~~~~~~~~~~~
     Drone (3):
          4          | 10         | 12         | 1          | 3         
s_times   32.61      | 42.42      | 53.26      | 84.28      | 172.22    
c_times   33.29      | 46.0       | 53.26      | 144.28     | 174.24    
travels   9.13       | 7.26       | 31.02      | 27.94      | 0.0       
charges   326.71     | 314.0      | 306.74     | 360.0      | 330.04    
~~~~~~~~~~~~~~~~~~~~~~~~~~~~~~~~~~~~~~~~~~
