~~~~~~~~~~~~~~~~~~~ [3, 'RS', 6, 240] ~~~~~~~~~~~~~~~~~~~
 Families: [[1], [2, 3], [4, 5, 6], [7, 8], [9, 10, 11], [12]]
  i_times: [1000.0, 1000.0, 1000.0, 1000.0]
Fam slots: [[0, 1], [1, 4, 6], [2, 5], [1, 5, 6]]
Ear_dates: [0, 0.0, 180.0, 180.0, 720.0, 1080.0, 360.0, 900.0, 180.0, 900.0, 1080.0, 0]
Due_dates: [1440, 180.0, 360.0, 360.0, 900.0, 1260.0, 540.0, 1080.0, 360.0, 1080.0, 1260.0, 1440]
Monitor_t: [60.0, 2.02, 2.02, 0.68, 0.68, 0.68, 1.68, 1.68, 3.58, 3.58, 3.58, 0.0]
~~~~~~~~~~~~~~~~~~~ Comparing the results ~~~~~~~~~~~~~~~~~~~
***** lp_objective: 0.0
***** lp_Sol_time: 0.463
     Drone (1):
          0          | 0          | 0          | 0          | 0          | 0         
s_times   237.0416   | 240.0      | 241.0833   | 263.8141   | 302.207    | 321.1218  
c_times   240.0      | 241.0833   | 263.8141   | 302.207    | 321.1218   | 322.1708  
travels   0.0        | 0.0        | 0.0        | 0.0        | 0.0        | 0.0       
charges   0.0        | 0.0        | 0.0        | 0.0        | 54.8641    | 53.8151   
~~~~~~~~~~~~~~~~~~~~~~~~~~~~~~~~~~~~~~~~~~
     Drone (2):
          0          | 0          | 0          | 0          | 0          | 0         
s_times   205.4966   | 207.4118   | 208.2132   | 208.958    | 209.4507   | 210.7746  
c_times   207.4118   | 208.2132   | 208.958    | 209.4507   | 210.7746   | 217.5428  
travels   0.0        | 0.0        | 0.0        | 0.0        | 0.0        | 0.0       
charges   32.5882    | 2.5614     | 1.8166     | 1.3239     | 0.0        | 17.9245   
~~~~~~~~~~~~~~~~~~~~~~~~~~~~~~~~~~~~~~~~~~
     Drone (3):
          0          | 0          | 0          | 0          | 0          | 0         
s_times   150.8986   | 152.1519   | 153.6754   | 154.7351   | 155.5856   | 157.3807  
c_times   152.1519   | 153.6754   | 154.7351   | 155.5856   | 157.3807   | 158.2099  
travels   0.0        | 0.0        | 0.0        | 0.0        | 0.0        | 0.0       
charges   87.8481    | 86.3246    | 85.2649    | 84.4144    | 82.6193    | 81.7901   
~~~~~~~~~~~~~~~~~~~~~~~~~~~~~~~~~~~~~~~~~~
***** nlp_objective: 779.63
***** nlp_Sol_time: 158.59
     Drone (1):
          4          | 1          | 10         | 1          | 8          | 11        
s_times   32.61      | 66.04      | 156.38     | 193.59     | 285.6      | 300.37    
c_times   33.29      | 126.04     | 159.96     | 253.59     | 287.28     | 303.95    
travels   32.75      | 30.34      | 33.63      | 32.01      | 13.09      | 0.0       
charges   206.71     | 240.0      | 206.08     | 240.0      | 206.31     | 189.64    
~~~~~~~~~~~~~~~~~~~~~~~~~~~~~~~~~~~~~~~~~~
     Drone (2):
          7          | 9          | 1          | 5          | 1          | 6         
s_times   32.01      | 46.78      | 83.99      | 176.6      | 210.03     | 302.64    
c_times   33.69      | 50.36      | 143.99     | 177.28     | 270.03     | 303.32    
travels   13.09      | 33.63      | 32.61      | 32.75      | 32.61      | 0.0       
charges   206.31     | 189.64     | 240.0      | 206.71     | 240.0      | 206.71    
~~~~~~~~~~~~~~~~~~~~~~~~~~~~~~~~~~~~~~~~~~
     Drone (3):
          0          | 0          | 0          | 2          | 1          | 3         
s_times   0.0        | 0.0        | 0.0        | 0.0        | 31.95      | 119.89    
c_times   0.0        | 0.0        | 0.0        | 2.02       | 91.95      | 121.91    
travels   0.0        | 0.0        | 3.36       | 29.93      | 27.94      | 0.0       
charges   240.0      | 240.0      | 240.0      | 237.98     | 240.0      | 210.04    
~~~~~~~~~~~~~~~~~~~~~~~~~~~~~~~~~~~~~~~~~~
