~~~~~~~~~~~~~~~~~~~ [3, 'SB', 6, 240] ~~~~~~~~~~~~~~~~~~~
     seed: 3247611771795368869
 Families: [[1], [2, 3], [4, 5, 6], [7, 8], [9, 10, 11], [12]]
  i_times: [660.0, 480.0, 480.0, 840.0]
Fam slots: [[0, 4], [2, 5, 6], [0, 3], [0, 2, 7]]
Ear_dates: [0, 0.0, 720.0, 360.0, 900.0, 1080.0, 0.0, 540.0, 0.0, 360.0, 1260.0, 0]
Due_dates: [1440, 180.0, 900.0, 540.0, 1080.0, 1260.0, 180.0, 720.0, 180.0, 540.0, 1440.0, 1440]
Monitor_t: [60.0, 2.02, 2.02, 0.68, 0.68, 0.68, 1.68, 1.68, 3.58, 3.58, 3.58, 0.0]
~~~~~~~~~~~~~~~~~~~ Comparing the results ~~~~~~~~~~~~~~~~~~~
***** lp_Variables: 3350
***** lp_Constraints: 6298
***** lp_objective: 958.12
***** lp_Sol_time: 92.171
     Drone (1):
          4          | 1          | 7          | 1          | 6          | 3         
s_times   32.61      | 66.04      | 158.05     | 191.23     | 283.84     | 289.37    
c_times   33.29      | 126.04     | 159.73     | 251.23     | 284.52     | 291.39    
travels   32.75      | 32.01      | 31.5       | 32.61      | 4.85       | 0.0       
charges   206.71     | 240.0      | 206.31     | 240.0      | 206.71     | 199.84    
~~~~~~~~~~~~~~~~~~~~~~~~~~~~~~~~~~~~~~~~~~
     Drone (2):
          9          | 1          | 10         | 1          | 8          | 11        
s_times   30.34      | 67.55      | 157.89     | 195.1      | 287.11     | 301.88    
c_times   33.92      | 127.55     | 161.47     | 255.1      | 288.79     | 305.46    
travels   33.63      | 30.34      | 33.63      | 32.01      | 13.09      | 0.0       
charges   206.08     | 240.0      | 206.08     | 240.0      | 206.31     | 189.64    
~~~~~~~~~~~~~~~~~~~~~~~~~~~~~~~~~~~~~~~~~~
     Drone (3):
          12         | 12         | 12         | 12         | 2          | 5         
s_times   31.02      | 31.02      | 31.02      | 31.02      | 34.38      | 39.11     
c_times   31.02      | 31.02      | 31.02      | 31.02      | 36.4       | 39.79     
travels   0.0        | 0.0        | 0.0        | 3.36       | 2.71       | 0.0       
charges   208.98     | 208.98     | 208.98     | 208.98     | 203.6      | 200.21    
~~~~~~~~~~~~~~~~~~~~~~~~~~~~~~~~~~~~~~~~~~
***** nlp_Variables: 272
***** nlp_Constraints: 130
***** nlp_objective: 958.1199999040837
***** nlp_Sol_time: 101.605
     Drone (1):
          2          | 1          | 7          | 1          | 12         | 1         
s_times   27.94      | 59.89      | 151.9      | 185.08     | 276.1      | 307.12    
c_times   29.96      | 119.89     | 153.58     | 245.08     | 276.1      | 367.12    
travels   29.93      | 32.01      | 31.5       | 31.02      | 31.02      | 0.0       
charges   210.04     | 240.0      | 206.31     | 240.0      | 208.98     | 240.0     
~~~~~~~~~~~~~~~~~~~~~~~~~~~~~~~~~~~~~~~~~~
     Drone (2):
          4          | 1          | 5          | 1          | 6          | 3         
s_times   32.61      | 66.04      | 158.65     | 192.08     | 284.69     | 290.22    
c_times   33.29      | 126.04     | 159.33     | 252.08     | 285.37     | 292.24    
travels   32.75      | 32.61      | 32.75      | 32.61      | 4.85       | 0.0       
charges   206.71     | 240.0      | 206.71     | 240.0      | 206.71     | 199.84    
~~~~~~~~~~~~~~~~~~~~~~~~~~~~~~~~~~~~~~~~~~
     Drone (3):
          9          | 1          | 10         | 1          | 8          | 11        
s_times   30.34      | 67.55      | 157.89     | 195.1      | 287.11     | 301.88    
c_times   33.92      | 127.55     | 161.47     | 255.1      | 288.79     | 305.46    
travels   33.63      | 30.34      | 33.63      | 32.01      | 13.09      | 0.0       
charges   206.08     | 240.0      | 206.08     | 240.0      | 206.31     | 189.64    
~~~~~~~~~~~~~~~~~~~~~~~~~~~~~~~~~~~~~~~~~~
