~~~~~~~~~~~~~~~~~~~ [3, 'SB', 6, 240] ~~~~~~~~~~~~~~~~~~~
 Families: [[1], [2, 3], [4, 5, 6], [7, 8], [9, 10, 11], [12]]
  i_times: [120.0, 480.0, 480.0, 660.0]
Fam slots: [[0, 1], [1, 4, 6], [2, 5], [1, 5, 6]]
Ear_dates: [0, 0.0, 180.0, 180.0, 720.0, 1080.0, 360.0, 900.0, 180.0, 900.0, 1080.0, 0]
Due_dates: [1440, 180.0, 360.0, 360.0, 900.0, 1260.0, 540.0, 1080.0, 360.0, 1080.0, 1260.0, 1440]
Monitor_t: [60.0, 2.02, 2.02, 0.68, 0.68, 0.68, 1.68, 1.68, 3.58, 3.58, 3.58, 0.0]
~~~~~~~~~~~~~~~~~~~ Comparing the results ~~~~~~~~~~~~~~~~~~~
***** lp_objective: 779.6299999184955
***** lp_Sol_time: 357.56
     Drone (1):
          4          | 1          | 7          | 10         | 1          | 6         
s_times   32.61      | 66.04      | 158.05     | 172.82     | 210.03     | 302.64    
c_times   33.29      | 126.04     | 159.73     | 176.4      | 270.03     | 303.32    
travels   32.75      | 32.01      | 13.09      | 33.63      | 32.61      | 0.0       
charges   206.71     | 240.0      | 206.31     | 189.64     | 240.0      | 206.71    
~~~~~~~~~~~~~~~~~~~~~~~~~~~~~~~~~~~~~~~~~~
     Drone (2):
          12         | 1          | 2          | 1          | 3          | 12        
s_times   31.02      | 62.04      | 149.98     | 181.93     | 269.87     | 273.99    
c_times   31.02      | 122.04     | 152.0      | 241.93     | 271.89     | 273.99    
travels   31.02      | 27.94      | 29.93      | 27.94      | 2.1        | 0.0       
charges   208.98     | 240.0      | 210.04     | 240.0      | 210.04     | 207.94    
~~~~~~~~~~~~~~~~~~~~~~~~~~~~~~~~~~~~~~~~~~
     Drone (3):
          9          | 1          | 5          | 1          | 8          | 0         
s_times   30.34      | 67.55      | 160.16     | 193.59     | 285.6      | 300.37    
c_times   33.92      | 127.55     | 160.84     | 253.59     | 287.28     | 303.95    
travels   33.63      | 32.61      | 32.75      | 32.01      | 5.36       | 0.0       
charges   206.08     | 240.0      | 206.71     | 240.0      | 206.31     | 189.64    
~~~~~~~~~~~~~~~~~~~~~~~~~~~~~~~~~~~~~~~~~~
***** nlp_objective: 779.629999921937
***** nlp_Sol_time: 115.338
     Drone (1):
          7          | 9          | 1          | 5          | 1          | 6         
s_times   32.01      | 46.78      | 83.99      | 176.6      | 210.03     | 302.64    
c_times   33.69      | 50.36      | 143.99     | 177.28     | 270.03     | 303.32    
travels   13.09      | 33.63      | 32.61      | 32.75      | 32.61      | 0.0       
charges   206.31     | 189.64     | 240.0      | 206.71     | 240.0      | 206.71    
~~~~~~~~~~~~~~~~~~~~~~~~~~~~~~~~~~~~~~~~~~
     Drone (2):
          4          | 1          | 10         | 1          | 8          | 11        
s_times   32.61      | 66.04      | 156.38     | 193.59     | 285.6      | 300.37    
c_times   33.29      | 126.04     | 159.96     | 253.59     | 287.28     | 303.95    
travels   32.75      | 30.34      | 33.63      | 32.01      | 13.09      | 0.0       
charges   206.71     | 240.0      | 206.08     | 240.0      | 206.31     | 189.64    
~~~~~~~~~~~~~~~~~~~~~~~~~~~~~~~~~~~~~~~~~~
     Drone (3):
          12         | 1          | 2          | 1          | 3          | 1         
s_times   31.02      | 62.04      | 149.98     | 181.93     | 269.87     | 301.82    
c_times   31.02      | 122.04     | 152.0      | 241.93     | 271.89     | 361.82    
travels   31.02      | 27.94      | 29.93      | 27.94      | 29.93      | 0.0       
charges   208.98     | 240.0      | 210.04     | 240.0      | 210.04     | 240.0     
~~~~~~~~~~~~~~~~~~~~~~~~~~~~~~~~~~~~~~~~~~
