~~~~~~~~~~~~~~~~~~~ [2, 'SB', 6, 720, 1440] ~~~~~~~~~~~~~~~~~~~
 Families: [[1], [2, 3], [4, 5, 6], [7, 8], [9, 10, 11], [12]]
Due_dates: [1440, 720.0, 1440.0, 480.0, 960.0, 1440.0, 720.0, 1440.0, 480.0, 960.0, 1440.0, 1440]
Ear_dates: [0, 0.0, 720.0, 0.0, 480.0, 960.0, 0.0, 720.0, 0.0, 480.0, 960.0, 0]
Monitor_t: [60.0, 1.01, 1.01, 0.34, 0.34, 0.34, 0.84, 0.84, 1.79, 1.79, 1.79, 0.0]
~~~~~~~~~~~~~~~~~~~ Comparing the results ~~~~~~~~~~~~~~~~~~~
***** lp_objective: 0.0
***** lp_Sol_time: 1.021
     Drone (1):
          4          | 2          | 7          | 10         | 3          | 8         
s_times   0.0        | 19.0719    | 21.4909    | 28.8794    | 35.5108    | 37.9299   
c_times   16.6519    | 20.0809    | 22.3294    | 30.6708    | 36.5199    | 38.7684   
charges   703.3481   | 699.9191   | 697.6706   | 689.3292   | 683.4801   | 681.2316  
~~~~~~~~~~~~~~~~~~~~~~~~~~~~~~~~~~~~~~~~~~
     Drone (2):
          9          | 1          | 11         | 5          | 1          | 6         
s_times   0.0        | 33.7814    | 108.9514   | 115.0129   | 131.7347   | 208.0447  
c_times   16.9614    | 93.7814    | 110.7429   | 115.3547   | 191.7347   | 208.3866  
charges   703.0386   | 720.0      | 703.0386   | 698.4267   | 720.0      | 703.3481  
~~~~~~~~~~~~~~~~~~~~~~~~~~~~~~~~~~~~~~~~~~
***** nlp_objective: 756.1271438019122
***** nlp_Sol_time: 18.298
     Drone (1):
          4          | 7          | 2          | 5          | 8          | 3         
s_times   0.0        | 18.2219    | 21.6304    | 23.9994    | 25.9113    | 29.3198   
c_times   16.6519    | 19.0604    | 22.6394    | 24.3413    | 26.7498    | 30.3288   
charges   703.3481   | 700.9396   | 697.3606   | 695.6587   | 693.2502   | 689.6712  
~~~~~~~~~~~~~~~~~~~~~~~~~~~~~~~~~~~~~~~~~~
     Drone (2):
          9          | 1          | 10         | 1          | 6          | 11        
s_times   0.0        | 33.7814    | 108.9514   | 127.5629   | 203.8729   | 208.7847  
c_times   16.9614    | 93.7814    | 110.7429   | 187.5629   | 204.2147   | 210.5762  
charges   703.0386   | 720.0      | 703.0386   | 720.0      | 703.3481   | 696.9867  
~~~~~~~~~~~~~~~~~~~~~~~~~~~~~~~~~~~~~~~~~~
