~~~~~~~~~~~~~~~~~~~ [2, 'SB', 6, 720, 1440] ~~~~~~~~~~~~~~~~~~~
 Families: [[1], [2, 3], [4, 5, 6], [7, 8], [9, 10, 11], [12]]
Due_dates: [1440, 720.0, 1440.0, 480.0, 960.0, 1440.0, 720.0, 1440.0, 480.0, 960.0, 1440.0, 1440]
Ear_dates: [0, 0.0, 0.0, 0.0, 0.0, 0.0, 0.0, 0.0, 0.0, 0.0, 0.0, 0]
Monitor_t: [60.0, 3.36, 3.36, 1.14, 1.14, 1.14, 2.79, 2.79, 5.97, 5.97, 5.97, 0.0]
~~~~~~~~~~~~~~~~~~~ Comparing the results ~~~~~~~~~~~~~~~~~~~
***** lp_objective: 0.0
***** lp_Sol_time: 0.917
     Drone (1):
          7          | 5          | 2          | 1          | 0          | 11        
s_times   0.0        | 63.0349    | 72.2545    | 125.4981   | 185.4981   | 296.0581  
c_times   56.1349    | 64.1745    | 75.6181    | 185.4981   | 245.4981   | 302.0295  
charges   663.8651   | 655.8255   | 644.3819   | 720.0      | 720.0      | 663.4686  
~~~~~~~~~~~~~~~~~~~~~~~~~~~~~~~~~~~~~~~~~~
     Drone (2):
          4          | 9          | 6          | 3          | 8          | 10        
s_times   0.0        | 70.7096    | 90.921     | 100.1407   | 108.2242   | 132.8391  
c_times   55.4896    | 76.681     | 92.0607    | 103.5042   | 111.0191   | 138.8105  
charges   664.5104   | 643.319    | 627.9393   | 616.4958   | 608.9809   | 581.1895  
~~~~~~~~~~~~~~~~~~~~~~~~~~~~~~~~~~~~~~~~~~
***** nlp_objective: 0.0
***** nlp_Sol_time: 1.466
     Drone (1):
          9          | 1          | 11         | 7          | 5          | 8         
s_times   0.0        | 112.5814   | 223.1414   | 247.3229   | 257.0177   | 263.4074  
c_times   56.5314    | 172.5814   | 229.1129   | 250.1177   | 258.1574   | 266.2023  
charges   663.4686   | 720.0      | 663.4686   | 642.4637   | 634.4241   | 626.3792  
~~~~~~~~~~~~~~~~~~~~~~~~~~~~~~~~~~~~~~~~~~
     Drone (2):
          2          | 10         | 1          | 4          | 3          | 6         
s_times   0.0        | 65.5935    | 127.615    | 241.965    | 251.1846   | 259.0681  
c_times   49.9335    | 71.565     | 187.615    | 243.1046   | 254.5481   | 260.2077  
charges   670.0665   | 648.435    | 720.0      | 664.5104   | 653.0668   | 647.4072  
~~~~~~~~~~~~~~~~~~~~~~~~~~~~~~~~~~~~~~~~~~
