~~~~~~~~~~~~~~~~~~~ [11, 'SB_RS', 3, 720, 120] ~~~~~~~~~~~~~~~~~~~
 Families: [[1], [2, 3], [4, 5, 6], [7, 8], [9, 10, 11], [12, 13, 14], [15, 16], [17, 18], [19, 20], [21], [22]]
Due_dates: [1440, 720.0, 1440.0, 480.0, 960.0, 1440.0, 720.0, 1440.0, 480.0, 960.0, 1440.0, 480.0, 960.0, 1440.0, 720.0, 1440.0, 720.0, 1440.0, 720.0, 1440.0, 1440, 1440]
Ear_dates: [0, 0.0, 0.0, 0.0, 0.0, 0.0, 0.0, 0.0, 0.0, 0.0, 0.0, 0.0, 0.0, 0.0, 0.0, 0.0, 0.0, 0.0, 0.0, 0.0, 0, 0]
Monitor_t: [60.0, 1.01, 1.01, 0.34, 0.34, 0.34, 0.84, 0.84, 1.79, 1.79, 1.79, 1.47, 1.47, 1.47, 0.52, 0.52, 0.83, 0.83, 0.7, 0.7, 0.0, 0.0]
~~~~~~~~~~~~~~~~~~~ Comparing the results ~~~~~~~~~~~~~~~~~~~
***** lp_objective: 0.0
***** lp_Sol_time: 7.781
     Drone (1):
          0          | 21         | 13        
s_times   0.0        | 0.0        | 18.19     
c_times   0.0        | 0.0        | 19.6623   
charges   720.0      | 720.0      | 700.3377  
~~~~~~~~~~~~~~~~~~~~~~~~~~~~~~~~~~~~~~~~~~
     Drone (2):
          0          | 22         | 11        
s_times   0.0        | 0.0        | 15.32     
c_times   0.0        | 0.0        | 17.1114   
charges   720.0      | 720.0      | 702.8886  
~~~~~~~~~~~~~~~~~~~~~~~~~~~~~~~~~~~~~~~~~~
     Drone (3):
          4          | 14         | 3         
s_times   0.0        | 33.9219    | 55.6942   
c_times   16.6519    | 35.3942    | 56.7033   
charges   703.3481   | 684.6058   | 663.2967  
~~~~~~~~~~~~~~~~~~~~~~~~~~~~~~~~~~~~~~~~~~
     Drone (4):
          0          | 22         | 0         
s_times   0.0        | 0.0        | 0.0       
c_times   0.0        | 0.0        | 0.0       
charges   720.0      | 720.0      | 720.0     
~~~~~~~~~~~~~~~~~~~~~~~~~~~~~~~~~~~~~~~~~~
     Drone (5):
          0          | 12         | 18        
s_times   0.0        | 0.0        | 22.6923   
c_times   0.0        | 1.4723     | 23.5209   
charges   720.0      | 718.5277   | 696.4791  
~~~~~~~~~~~~~~~~~~~~~~~~~~~~~~~~~~~~~~~~~~
     Drone (6):
          17         | 2          | 6         
s_times   0.0        | 28.4085    | 30.7776   
c_times   15.7085    | 29.4176    | 31.1195   
charges   704.2915   | 690.5824   | 688.8805  
~~~~~~~~~~~~~~~~~~~~~~~~~~~~~~~~~~~~~~~~~~
     Drone (7):
          0          | 21         | 10        
s_times   0.0        | 0.0        | 3.9       
c_times   0.0        | 0.0        | 5.6914    
charges   720.0      | 720.0      | 714.3086  
~~~~~~~~~~~~~~~~~~~~~~~~~~~~~~~~~~~~~~~~~~
     Drone (8):
          15         | 5          | 8         
s_times   0.0        | 29.8262    | 31.7381   
c_times   22.3262    | 30.1681    | 32.5765   
charges   697.6738   | 689.8319   | 687.4235  
~~~~~~~~~~~~~~~~~~~~~~~~~~~~~~~~~~~~~~~~~~
     Drone (9):
          0          | 0          | 9         
s_times   0.0        | 0.0        | 0.0       
c_times   0.0        | 0.0        | 1.7914    
charges   720.0      | 720.0      | 718.2086  
~~~~~~~~~~~~~~~~~~~~~~~~~~~~~~~~~~~~~~~~~~
     Drone (10):
          19         | 16         | 20        
s_times   0.0        | 30.3319    | 39.0481   
c_times   21.7819    | 30.8481    | 39.7501   
charges   698.2181   | 689.1519   | 680.2499  
~~~~~~~~~~~~~~~~~~~~~~~~~~~~~~~~~~~~~~~~~~
     Drone (11):
          0          | 0          | 7         
s_times   0.0        | 0.0        | 0.0       
c_times   0.0        | 0.0        | 0.8385    
charges   720.0      | 720.0      | 719.1615  
~~~~~~~~~~~~~~~~~~~~~~~~~~~~~~~~~~~~~~~~~~
***** nlp_objective: 0.0
***** nlp_Sol_time: 15.592
     Drone (1):
          4          | 3          | 20        
s_times   0.0        | 19.0719    | 32.2209   
c_times   16.6519    | 20.0809    | 32.9229   
charges   703.3481   | 699.9191   | 687.0771  
~~~~~~~~~~~~~~~~~~~~~~~~~~~~~~~~~~~~~~~~~~
     Drone (2):
          0          | 1          | 16        
s_times   0.0        | 0.0        | 81.81     
c_times   0.0        | 60.0       | 82.3262   
charges   720.0      | 720.0      | 697.6738  
~~~~~~~~~~~~~~~~~~~~~~~~~~~~~~~~~~~~~~~~~~
     Drone (3):
          0          | 12         | 8         
s_times   0.0        | 0.0        | 19.4623   
c_times   0.0        | 1.4723     | 20.3008   
charges   720.0      | 718.5277   | 699.6992  
~~~~~~~~~~~~~~~~~~~~~~~~~~~~~~~~~~~~~~~~~~
     Drone (4):
          0          | 19         | 2         
s_times   0.0        | 0.0        | 13.1419   
c_times   0.0        | 0.7019     | 14.151    
charges   720.0      | 719.2981   | 705.849   
~~~~~~~~~~~~~~~~~~~~~~~~~~~~~~~~~~~~~~~~~~
     Drone (5):
          0          | 0          | 1         
s_times   0.0        | 0.0        | 0.0       
c_times   0.0        | 0.0        | 60.0      
charges   720.0      | 720.0      | 720.0     
~~~~~~~~~~~~~~~~~~~~~~~~~~~~~~~~~~~~~~~~~~
     Drone (6):
          7          | 10         | 14        
s_times   0.0        | 23.3885    | 45.3699   
c_times   16.8385    | 25.1799    | 46.8422   
charges   703.1615   | 694.8201   | 673.1578  
~~~~~~~~~~~~~~~~~~~~~~~~~~~~~~~~~~~~~~~~~~
     Drone (7):
          17         | 5          | 18        
s_times   0.0        | 29.5485    | 43.6404   
c_times   15.7085    | 29.8904    | 44.469    
charges   704.2915   | 690.1096   | 675.531   
~~~~~~~~~~~~~~~~~~~~~~~~~~~~~~~~~~~~~~~~~~
     Drone (8):
          15         | 11         | 6         
s_times   0.0        | 34.4162    | 40.4776   
c_times   22.3262    | 36.2076    | 40.8195   
charges   697.6738   | 683.7924   | 679.1805  
~~~~~~~~~~~~~~~~~~~~~~~~~~~~~~~~~~~~~~~~~~
     Drone (9):
          0          | 0          | 0         
s_times   0.0        | 0.0        | 0.0       
c_times   0.0        | 0.0        | 0.0       
charges   720.0      | 720.0      | 720.0     
~~~~~~~~~~~~~~~~~~~~~~~~~~~~~~~~~~~~~~~~~~
     Drone (10):
          0          | 0          | 0         
s_times   0.0        | 0.0        | 0.0       
c_times   0.0        | 0.0        | 0.0       
charges   720.0      | 720.0      | 720.0     
~~~~~~~~~~~~~~~~~~~~~~~~~~~~~~~~~~~~~~~~~~
     Drone (11):
          0          | 9          | 13        
s_times   0.0        | 0.0        | 21.9814   
c_times   0.0        | 1.7914     | 23.4538   
charges   720.0      | 718.2086   | 696.5462  
~~~~~~~~~~~~~~~~~~~~~~~~~~~~~~~~~~~~~~~~~~
