~~~~~~~~~~~~~~~~~~~ [4, 'SB_RS', 6, 720, 120] ~~~~~~~~~~~~~~~~~~~
 Families: [[1], [2, 3], [4, 5, 6], [7, 8], [9, 10, 11], [12, 13, 14], [15, 16], [17, 18], [19, 20], [21], [22]]
Due_dates: [1440, 720.0, 1440.0, 480.0, 960.0, 1440.0, 720.0, 1440.0, 480.0, 960.0, 1440.0, 480.0, 960.0, 1440.0, 720.0, 1440.0, 720.0, 1440.0, 720.0, 1440.0, 1440, 1440]
Ear_dates: [0, 0.0, 0.0, 0.0, 0.0, 0.0, 0.0, 0.0, 0.0, 0.0, 0.0, 0.0, 0.0, 0.0, 0.0, 0.0, 0.0, 0.0, 0.0, 0.0, 0, 0]
Monitor_t: [60.0, 3.36, 3.36, 1.14, 1.14, 1.14, 2.79, 2.79, 5.97, 5.97, 5.97, 4.91, 4.91, 4.91, 1.72, 1.72, 2.76, 2.76, 2.34, 2.34, 0.0, 0.0]
~~~~~~~~~~~~~~~~~~~ Comparing the results ~~~~~~~~~~~~~~~~~~~
***** lp_objective: 0.0
***** lp_Sol_time: 6.324
     Drone (1):
          17         | 4          | 8          | 9          | 13         | 16        
s_times   0.0        | 98.4918    | 104.8815   | 129.4963   | 202.7778   | 245.9356  
c_times   52.3618    | 99.6315    | 107.6763   | 135.4678   | 207.6856   | 247.6562  
charges   667.6382   | 620.3685   | 612.3237   | 584.5322   | 512.3144   | 472.3438  
~~~~~~~~~~~~~~~~~~~~~~~~~~~~~~~~~~~~~~~~~~
     Drone (2):
          12         | 15         | 19         | 5          | 2          | 10        
s_times   0.0        | 147.4378   | 176.5084   | 219.3982   | 228.6178   | 247.6414  
c_times   109.1878   | 149.1584   | 178.8482   | 220.5378   | 231.9814   | 253.6128  
charges   610.8122   | 570.8416   | 541.1518   | 499.4622   | 488.0186   | 466.3872  
~~~~~~~~~~~~~~~~~~~~~~~~~~~~~~~~~~~~~~~~~~
     Drone (3):
          0          | 1          | 18         | 1          | 20         | 11        
s_times   0.0        | 0.0        | 109.6      | 160.1518   | 290.4118   | 348.6916  
c_times   0.0        | 60.0       | 112.3618   | 220.1518   | 292.7516   | 354.6631  
charges   720.0      | 720.0      | 667.6382   | 720.0      | 647.4002   | 585.4888  
~~~~~~~~~~~~~~~~~~~~~~~~~~~~~~~~~~~~~~~~~~
     Drone (4):
          0          | 7          | 1          | 14         | 3          | 6         
s_times   0.0        | 0.0        | 55.2849    | 219.5649   | 292.1327   | 300.0162  
c_times   0.0        | 2.7949     | 115.2849   | 224.4727   | 295.4962   | 301.1558  
charges   720.0      | 717.2051   | 720.0      | 610.8122   | 539.7887   | 534.1291  
~~~~~~~~~~~~~~~~~~~~~~~~~~~~~~~~~~~~~~~~~~
***** nlp_objective: 0.0
***** nlp_Sol_time: 61.219
     Drone (1):
          9          | 20         | 16         | 17         | 11         | 1         
s_times   0.0        | 111.2214   | 142.0612   | 189.8418   | 249.3837   | 311.4051  
c_times   56.5314    | 113.5612   | 143.7818   | 192.6037   | 255.3551   | 371.4051  
charges   663.4686   | 606.4388   | 576.2182   | 527.3963   | 464.6449   | 720.0     
~~~~~~~~~~~~~~~~~~~~~~~~~~~~~~~~~~~~~~~~~~
     Drone (2):
          0          | 1          | 8          | 10         | 14         | 3         
s_times   0.0        | 0.0        | 113.34     | 137.9549   | 211.2363   | 283.8041  
c_times   0.0        | 60.0       | 116.1349   | 143.9263   | 216.1441   | 287.1676  
charges   720.0      | 720.0      | 663.8651   | 636.0737   | 563.8559   | 492.8324  
~~~~~~~~~~~~~~~~~~~~~~~~~~~~~~~~~~~~~~~~~~
     Drone (3):
          4          | 7          | 5          | 15         | 1          | 2         
s_times   0.0        | 60.7396    | 70.4345    | 95.6341    | 171.7547   | 278.3247  
c_times   55.4896    | 63.5345    | 71.5741    | 97.3547    | 231.7547   | 281.6883  
charges   664.5104   | 656.4655   | 648.4259   | 622.6453   | 720.0      | 670.0665  
~~~~~~~~~~~~~~~~~~~~~~~~~~~~~~~~~~~~~~~~~~
     Drone (4):
          0          | 12         | 19         | 13         | 6          | 18        
s_times   0.0        | 0.0        | 49.5078    | 94.0976    | 160.4154   | 207.395   
c_times   0.0        | 4.9078     | 51.8476    | 99.0054    | 161.555    | 210.1568  
charges   720.0      | 715.0922   | 668.1524   | 620.9946   | 558.445    | 509.8432  
~~~~~~~~~~~~~~~~~~~~~~~~~~~~~~~~~~~~~~~~~~
