~~~~~~~~~~~~~~~~~~~ [4, 'SB_RS', 6, 720, 120] ~~~~~~~~~~~~~~~~~~~
 Families: [[1], [2, 3], [4, 5, 6], [7, 8], [9, 10, 11], [12, 13, 14], [15, 16], [17, 18], [19, 20], [21], [22]]
Due_dates: [1440, 720.0, 1440.0, 480.0, 960.0, 1440.0, 720.0, 1440.0, 480.0, 960.0, 1440.0, 480.0, 960.0, 1440.0, 720.0, 1440.0, 720.0, 1440.0, 720.0, 1440.0, 1440, 1440]
Ear_dates: [0, 0.0, 0.0, 0.0, 0.0, 0.0, 0.0, 0.0, 0.0, 0.0, 0.0, 0.0, 0.0, 0.0, 0.0, 0.0, 0.0, 0.0, 0.0, 0.0, 0, 0]
Monitor_t: [60.0, 2.02, 2.02, 0.68, 0.68, 0.68, 1.68, 1.68, 3.58, 3.58, 3.58, 2.94, 2.94, 2.94, 1.03, 1.03, 1.66, 1.66, 1.4, 1.4, 0.0, 0.0]
~~~~~~~~~~~~~~~~~~~ Comparing the results ~~~~~~~~~~~~~~~~~~~
***** lp_objective: 0.0
***** lp_Sol_time: 5.574
     Drone (1):
          17         | 13         | 11         | 6          | 1          | 1         
s_times   0.0        | 72.6471    | 121.1618   | 133.2846   | 166.7184   | 226.7184  
c_times   31.4171    | 75.5918    | 124.7446   | 133.9684   | 226.7184   | 286.7184  
charges   688.5829   | 644.4082   | 595.2554   | 586.0316   | 720.0      | 720.0     
~~~~~~~~~~~~~~~~~~~~~~~~~~~~~~~~~~~~~~~~~~
     Drone (2):
          0          | 7          | 4          | 12         | 20         | 10        
s_times   0.0        | 0.0        | 5.8169     | 41.0507    | 70.7554    | 105.7293  
c_times   0.0        | 1.6769     | 6.5007     | 43.9954    | 72.1593    | 109.3121  
charges   720.0      | 718.3231   | 713.4993   | 676.0046   | 647.8407   | 610.6879  
~~~~~~~~~~~~~~~~~~~~~~~~~~~~~~~~~~~~~~~~~~
     Drone (3):
          15         | 2          | 8          | 14         | 3          | 16        
s_times   0.0        | 63.3124    | 68.1605    | 102.7174   | 146.2621   | 164.1002  
c_times   44.6524    | 65.3305    | 69.8374    | 105.6621   | 148.2802   | 165.1326  
charges   675.3476   | 654.6695   | 650.1626   | 614.3379   | 571.7198   | 554.8674  
~~~~~~~~~~~~~~~~~~~~~~~~~~~~~~~~~~~~~~~~~~
     Drone (4):
          0          | 21         | 19         | 18         | 9          | 5         
s_times   0.0        | 0.0        | 25.9       | 41.6539    | 77.381     | 89.5038   
c_times   0.0        | 0.0        | 27.3039    | 43.311     | 80.9638    | 90.1876   
charges   720.0      | 720.0      | 692.6961   | 676.689    | 639.0362   | 629.8124  
~~~~~~~~~~~~~~~~~~~~~~~~~~~~~~~~~~~~~~~~~~
***** nlp_objective: 0.0
***** nlp_Sol_time: 10.671
     Drone (1):
          19         | 4          | 1          | 6          | 11         | 1         
s_times   0.0        | 67.8939    | 101.3277   | 193.9377   | 203.7514   | 240.9643  
c_times   43.5639    | 68.5777    | 161.3277   | 194.6214   | 207.3343   | 300.9643  
charges   676.4361   | 651.4223   | 720.0      | 686.7062   | 673.9934   | 720.0     
~~~~~~~~~~~~~~~~~~~~~~~~~~~~~~~~~~~~~~~~~~
     Drone (2):
          0          | 7          | 12         | 17         | 16         | 13        
s_times   0.0        | 0.0        | 34.5569    | 79.9316    | 110.0087   | 130.2711  
c_times   0.0        | 1.6769     | 37.5016    | 81.5887    | 111.0411   | 133.2157  
charges   720.0      | 718.3231   | 682.4984   | 638.4113   | 608.9589   | 586.7843  
~~~~~~~~~~~~~~~~~~~~~~~~~~~~~~~~~~~~~~~~~~
     Drone (3):
          9          | 20         | 2          | 10         | 14         | 3         
s_times   0.0        | 66.7429    | 93.0367    | 104.4549   | 148.4277   | 191.9724  
c_times   33.9229    | 68.1467    | 95.0549    | 108.0377   | 151.3724   | 193.9905  
charges   686.0771   | 651.8533   | 624.9451   | 611.9623   | 568.6276   | 526.0095  
~~~~~~~~~~~~~~~~~~~~~~~~~~~~~~~~~~~~~~~~~~
     Drone (4):
          0          | 1          | 8          | 15         | 18         | 5         
s_times   0.0        | 0.0        | 92.01      | 106.4469   | 135.1193   | 164.4564  
c_times   0.0        | 60.0       | 93.6869    | 107.4793   | 136.7764   | 165.1402  
charges   720.0      | 720.0      | 686.3131   | 672.5207   | 643.2236   | 614.8598  
~~~~~~~~~~~~~~~~~~~~~~~~~~~~~~~~~~~~~~~~~~
