~~~~~~~~~~~~~~~~~~~ [3, 'RS', 6, 240] ~~~~~~~~~~~~~~~~~~~
     seed: 7746060390761985897
 Families: [[1], [2, 3, 4], [5, 6], [7, 8], [9, 10], [11]]
  i_times: [480.0, 300.0, 300.0, 480.0]
Fam slots: [[1, 4, 7], [4, 6], [4, 6], [3, 6]]
Ear_dates: [0, 180.0, 720.0, 1260.0, 720.0, 1080.0, 720.0, 1080.0, 540.0, 1080.0, 0]
Due_dates: [1440, 360.0, 900.0, 1440.0, 900.0, 1260.0, 900.0, 1260.0, 720.0, 1260.0, 1440]
Monitor_t: [60.0, 2.94, 2.94, 2.94, 1.03, 1.03, 1.66, 1.66, 1.4, 1.4, 0.0]
~~~~~~~~~~~~~~~~~~~ Comparing the results ~~~~~~~~~~~~~~~~~~~
***** lp_Variables: 2882
***** lp_Constraints: 5461
***** lp_objective: 805.35
***** lp_Sol_time: 57.563
     Drone (1):
          2          | 1          | 3          | 1          | 8          | 4         
s_times   62.57      | 131.0      | 253.57     | 322.0      | 411.76     | 454.65    
c_times   65.51      | 191.0      | 256.51     | 382.0      | 413.42     | 457.59    
travels   65.49      | 62.57      | 65.49      | 29.76      | 41.23      | 0.0       
charges   174.49     | 240.0      | 174.49     | 240.0      | 208.58     | 164.41    
~~~~~~~~~~~~~~~~~~~~~~~~~~~~~~~~~~~~~~~~~~
     Drone (2):
          9          | 1          | 5          | 11         | 1          | 6         
s_times   42.16      | 84.64      | 188.26     | 200.07     | 243.62     | 347.24    
c_times   43.56      | 144.64     | 189.29     | 200.07     | 303.62     | 348.27    
travels   41.08      | 43.62      | 10.78      | 43.55      | 43.62      | 0.0       
charges   196.44     | 240.0      | 195.35     | 184.57     | 240.0      | 195.35    
~~~~~~~~~~~~~~~~~~~~~~~~~~~~~~~~~~~~~~~~~~
     Drone (3):
          11         | 1          | 11         | 1          | 7          | 10        
s_times   43.55      | 87.1       | 190.65     | 234.2      | 323.96     | 343.01    
c_times   43.55      | 147.1      | 190.65     | 294.2      | 325.62     | 344.41    
travels   43.55      | 43.55      | 43.55      | 29.76      | 17.39      | 0.0       
charges   196.45     | 240.0      | 196.45     | 240.0      | 208.58     | 189.79    
~~~~~~~~~~~~~~~~~~~~~~~~~~~~~~~~~~~~~~~~~~
***** nlp_Variables: 254
***** nlp_Constraints: 127
***** nlp_objective: 805.35
***** nlp_Sol_time: 47.114
     Drone (1):
          11         | 1          | 11         | 1          | 10         | 6         
s_times   43.55      | 87.1       | 190.65     | 234.2      | 336.36     | 354.86    
c_times   43.55      | 147.1      | 190.65     | 294.2      | 337.76     | 355.89    
travels   43.55      | 43.55      | 43.55      | 42.16      | 17.1       | 0.0       
charges   196.45     | 240.0      | 196.45     | 240.0      | 196.44     | 178.31    
~~~~~~~~~~~~~~~~~~~~~~~~~~~~~~~~~~~~~~~~~~
     Drone (2):
          7          | 2          | 1          | 3          | 1          | 4         
s_times   29.76      | 72.65      | 141.08     | 263.65     | 332.08     | 454.65    
c_times   31.42      | 75.59      | 201.08     | 266.59     | 392.08     | 457.59    
travels   41.23      | 65.49      | 62.57      | 65.49      | 62.57      | 0.0       
charges   208.58     | 164.41     | 240.0      | 174.49     | 240.0      | 174.49    
~~~~~~~~~~~~~~~~~~~~~~~~~~~~~~~~~~~~~~~~~~
     Drone (3):
          9          | 1          | 5          | 1          | 8          | 1         
s_times   42.16      | 84.64      | 188.26     | 233.93     | 323.69     | 354.02    
c_times   43.56      | 144.64     | 189.29     | 293.93     | 325.35     | 414.02    
travels   41.08      | 43.62      | 44.64      | 29.76      | 28.67      | 0.0       
charges   196.44     | 240.0      | 195.35     | 240.0      | 208.58     | 240.0     
~~~~~~~~~~~~~~~~~~~~~~~~~~~~~~~~~~~~~~~~~~
