~~~~~~~~~~~~~~~~~~~ [3, 'SB', 6, 240] ~~~~~~~~~~~~~~~~~~~
     seed: 7972580672397654530
 Families: [[1], [2, 3], [4, 5, 6], [7, 8], [9, 10, 11], [12]]
  i_times: [660.0, 480.0, 660.0, 120.0]
Fam slots: [[2, 6], [3, 6, 7], [0, 4], [1, 2, 3]]
Ear_dates: [0, 360.0, 1080.0, 540.0, 1080.0, 1260.0, 0.0, 720.0, 180.0, 360.0, 540.0, 0]
Due_dates: [1440, 540.0, 1260.0, 720.0, 1260.0, 1440.0, 180.0, 900.0, 360.0, 540.0, 720.0, 1440]
Monitor_t: [60.0, 2.02, 2.02, 0.68, 0.68, 0.68, 1.68, 1.68, 3.58, 3.58, 3.58, 0.0]
~~~~~~~~~~~~~~~~~~~ Comparing the results ~~~~~~~~~~~~~~~~~~~
***** lp_Variables: 3350
***** lp_Constraints: 6298
***** lp_objective: 955.85
***** lp_Sol_time: 732.974
     Drone (1):
          4          | 2          | 8          | 1          | 5          | 12        
s_times   32.61      | 38.14      | 42.99      | 76.17      | 168.78     | 171.38    
c_times   33.29      | 40.16      | 44.67      | 136.17     | 169.46     | 171.38    
travels   4.85       | 2.83       | 31.5       | 32.61      | 1.92       | 0.0       
charges   206.71     | 199.84     | 195.33     | 240.0      | 206.71     | 204.79    
~~~~~~~~~~~~~~~~~~~~~~~~~~~~~~~~~~~~~~~~~~
     Drone (2):
          7          | 9          | 1          | 11         | 1          | 6         
s_times   32.01      | 46.78      | 83.99      | 174.33     | 211.54     | 304.15    
c_times   33.69      | 50.36      | 143.99     | 177.91     | 271.54     | 304.83    
travels   13.09      | 33.63      | 30.34      | 33.63      | 32.61      | 0.0       
charges   206.31     | 189.64     | 240.0      | 206.08     | 240.0      | 206.71    
~~~~~~~~~~~~~~~~~~~~~~~~~~~~~~~~~~~~~~~~~~
     Drone (3):
          12         | 1          | 12         | 12         | 10         | 3         
s_times   31.02      | 62.04      | 153.06     | 153.06     | 160.86     | 174.11    
c_times   31.02      | 122.04     | 153.06     | 153.06     | 164.44     | 176.13    
travels   31.02      | 31.02      | 0.0        | 7.8        | 9.67       | 0.0       
charges   208.98     | 240.0      | 208.98     | 208.98     | 197.6      | 185.91    
~~~~~~~~~~~~~~~~~~~~~~~~~~~~~~~~~~~~~~~~~~
***** nlp_Variables: 272
***** nlp_Constraints: 130
***** nlp_objective: 955.85
***** nlp_Sol_time: 101.511
     Drone (1):
          7          | 9          | 1          | 11         | 1          | 6         
s_times   32.01      | 46.78      | 83.99      | 174.33     | 211.54     | 304.15    
c_times   33.69      | 50.36      | 143.99     | 177.91     | 271.54     | 304.83    
travels   13.09      | 33.63      | 30.34      | 33.63      | 32.61      | 0.0       
charges   206.31     | 189.64     | 240.0      | 206.08     | 240.0      | 206.71    
~~~~~~~~~~~~~~~~~~~~~~~~~~~~~~~~~~~~~~~~~~
     Drone (2):
          12         | 12         | 1          | 10         | 2          | 1         
s_times   31.02      | 31.02      | 62.04      | 152.38     | 165.63     | 197.58    
c_times   31.02      | 31.02      | 122.04     | 155.96     | 167.65     | 257.58    
travels   0.0        | 31.02      | 30.34      | 9.67       | 29.93      | 0.0       
charges   208.98     | 208.98     | 240.0      | 206.08     | 194.39     | 240.0     
~~~~~~~~~~~~~~~~~~~~~~~~~~~~~~~~~~~~~~~~~~
     Drone (3):
          4          | 1          | 5          | 1          | 8          | 3         
s_times   32.61      | 66.04      | 158.65     | 192.08     | 284.09     | 290.91    
c_times   33.29      | 126.04     | 159.33     | 252.08     | 285.77     | 292.93    
travels   32.75      | 32.61      | 32.75      | 32.01      | 5.14       | 0.0       
charges   206.71     | 240.0      | 206.71     | 240.0      | 206.31     | 199.15    
~~~~~~~~~~~~~~~~~~~~~~~~~~~~~~~~~~~~~~~~~~
