~~~~~~~~~~~~~~~~~~~ [2, 'SB', 6, 720, 45] ~~~~~~~~~~~~~~~~~~~
 Families: [[1], [2, 3], [4, 5, 6], [7, 8], [9, 10, 11], [12]]
Due_dates: [1440, 720.0, 1440.0, 480.0, 960.0, 1440.0, 720.0, 1440.0, 480.0, 960.0, 1440.0, 1440]
Ear_dates: [0, 72.0, 144.0, 48.0, 96.0, 144.0, 72.0, 144.0, 48.0, 96.0, 144.0, 0]
Monitor_t: [60.0, 2.02, 2.02, 0.68, 0.68, 0.68, 1.68, 1.68, 3.58, 3.58, 3.58, 0.0]
~~~~~~~~~~~~~~~~~~~ Comparing the results ~~~~~~~~~~~~~~~~~~~
***** lp_objective: 51.20951822369168
***** lp_Sol_time: 37.594
     Drone (1):
          4          | 9          | 5          | 10         | 7          | 11        
s_times   0.0        | 42.4285    | 54.5538    | 64.3697    | 78.8798    | 93.6511   
c_times   33.2963    | 46.0113    | 55.2376    | 67.9526    | 80.5568    | 97.2339   
charges   686.7037   | 673.9887   | 664.7624   | 652.0474   | 639.4432   | 622.7661  
~~~~~~~~~~~~~~~~~~~~~~~~~~~~~~~~~~~~~~~~~~
     Drone (2):
          0          | 1          | 2          | 8          | 6          | 3         
s_times   0.0        | 0.0        | 87.9432    | 92.7905    | 98.6049    | 104.1345  
c_times   0.0        | 60.0       | 89.9614    | 94.4674    | 99.2886    | 106.1526  
charges   720.0      | 720.0      | 690.0386   | 685.5326   | 680.7114   | 673.8474  
~~~~~~~~~~~~~~~~~~~~~~~~~~~~~~~~~~~~~~~~~~
***** nlp_objective: 51.20951822368947
***** nlp_Sol_time: 15.144
     Drone (1):
          4          | 9          | 5          | 10         | 7          | 11        
s_times   0.0        | 42.4285    | 54.5538    | 64.3697    | 78.8798    | 93.6511   
c_times   33.2963    | 46.0113    | 55.2376    | 67.9526    | 80.5568    | 97.2339   
charges   686.7037   | 673.9887   | 664.7624   | 652.0474   | 639.4432   | 622.7661  
~~~~~~~~~~~~~~~~~~~~~~~~~~~~~~~~~~~~~~~~~~
     Drone (2):
          0          | 1          | 2          | 8          | 6          | 3         
s_times   0.0        | 0.0        | 87.9432    | 92.7905    | 98.6049    | 104.1345  
c_times   0.0        | 60.0       | 89.9614    | 94.4674    | 99.2886    | 106.1526  
charges   720.0      | 720.0      | 690.0386   | 685.5326   | 680.7114   | 673.8474  
~~~~~~~~~~~~~~~~~~~~~~~~~~~~~~~~~~~~~~~~~~
