~~~~~~~~~~~~~~~~~~~ [3, 'SB', 5, 360] ~~~~~~~~~~~~~~~~~~~
     seed: 1297350690492077874
 Families: [[1], [2, 3], [4, 5, 6], [7, 8], [9, 10, 11], [12]]
  i_times: [210.0, 570.0, 390.0, 210.0]
Fam slots: [[1, 3], [0, 4, 5], [2, 5], [0, 2, 4]]
Ear_dates: [0, 180.0, 540.0, 0.0, 720.0, 900.0, 360.0, 900.0, 0.0, 360.0, 720.0, 0]
Due_dates: [1440, 360.0, 720.0, 180.0, 900.0, 1080.0, 540.0, 1080.0, 180.0, 540.0, 900.0, 1440]
Monitor_t: [60.0, 3.36, 3.36, 1.14, 1.14, 1.14, 2.79, 2.79, 5.97, 5.97, 5.97, 120.0]
~~~~~~~~~~~~~~~~~~~ Comparing the results ~~~~~~~~~~~~~~~~~~~
***** lp_Variables: 2792
***** lp_Constraints: 5094
***** lp_objective: 438.3499999560648
***** lp_Sol_time: 64.407
     Drone (1):
          9          | 4          | 7          | 10         | 3         
s_times   50.56      | 70.77      | 77.16      | 101.77     | 123.86    
c_times   56.53      | 71.91      | 79.95      | 107.74     | 127.22    
travels   14.24      | 5.25       | 21.82      | 16.12      | 0.0       
charges   303.47     | 288.09     | 280.05     | 252.26     | 232.78    
~~~~~~~~~~~~~~~~~~~~~~~~~~~~~~~~~~~~~~~~~~
     Drone (2):
          2          | 12         | 12         | 11         | 5         
s_times   46.57      | 53.43      | 173.43     | 306.43     | 326.64    
c_times   49.93      | 173.43     | 293.43     | 312.4      | 327.78    
travels   3.5        | 0.0        | 13.0       | 14.24      | 0.0       
charges   310.07     | 186.57     | 66.57      | 47.6       | 32.22     
~~~~~~~~~~~~~~~~~~~~~~~~~~~~~~~~~~~~~~~~~~
     Drone (3):
          12         | 1          | 12         | 8          | 6         
s_times   51.7       | 223.4      | 335.1      | 461.65     | 471.34    
c_times   171.7      | 283.4      | 455.1      | 464.44     | 472.48    
travels   51.7       | 51.7       | 6.55       | 6.9        | 0.0       
charges   188.3      | 360.0      | 188.3      | 178.96     | 170.92    
~~~~~~~~~~~~~~~~~~~~~~~~~~~~~~~~~~~~~~~~~~
***** nlp_Variables: 227
***** nlp_Constraints: 112
***** nlp_objective: 438.34999995606495
***** nlp_Sol_time: 206.136
     Drone (1):
          9          | 4          | 7          | 10         | 2         
s_times   50.56      | 70.77      | 77.16      | 101.77     | 123.86    
c_times   56.53      | 71.91      | 79.95      | 107.74     | 127.22    
travels   14.24      | 5.25       | 21.82      | 16.12      | 0.0       
charges   303.47     | 288.09     | 280.05     | 252.26     | 232.78    
~~~~~~~~~~~~~~~~~~~~~~~~~~~~~~~~~~~~~~~~~~
     Drone (2):
          12         | 3          | 12         | 11         | 5         
s_times   51.7       | 177.3      | 184.16     | 317.16     | 337.37    
c_times   171.7      | 180.66     | 304.16     | 323.13     | 338.51    
travels   5.6        | 3.5        | 13.0       | 14.24      | 0.0       
charges   188.3      | 179.34     | 55.84      | 36.87      | 21.49     
~~~~~~~~~~~~~~~~~~~~~~~~~~~~~~~~~~~~~~~~~~
     Drone (3):
          12         | 1          | 12         | 8          | 6         
s_times   51.7       | 223.4      | 335.1      | 461.65     | 471.34    
c_times   171.7      | 283.4      | 455.1      | 464.44     | 472.48    
travels   51.7       | 51.7       | 6.55       | 6.9        | 0.0       
charges   188.3      | 360.0      | 188.3      | 178.96     | 170.92    
~~~~~~~~~~~~~~~~~~~~~~~~~~~~~~~~~~~~~~~~~~
