~~~~~~~~~~~~~~~~~~~ [3, 'SB', 5, 360] ~~~~~~~~~~~~~~~~~~~
     seed: 5169891977463364000
 Families: [[1], [2, 3], [4, 5, 6], [7, 8], [9, 10, 11], [12]]
  i_times: [570.0, 570.0, 210.0, 390.0]
Fam slots: [[0, 4], [1, 5, 6], [0, 2], [0, 1, 4]]
Ear_dates: [0, 0.0, 720.0, 180.0, 900.0, 1080.0, 0.0, 360.0, 0.0, 180.0, 720.0, 0]
Due_dates: [1440, 180.0, 900.0, 360.0, 1080.0, 1260.0, 180.0, 540.0, 180.0, 360.0, 900.0, 1440]
Monitor_t: [60.0, 3.36, 3.36, 1.14, 1.14, 1.14, 2.79, 2.79, 5.97, 5.97, 5.97, 120.0]
~~~~~~~~~~~~~~~~~~~ Comparing the results ~~~~~~~~~~~~~~~~~~~
***** lp_Variables: 2792
***** lp_Constraints: 5094
***** lp_objective: 569.6699999429327
***** lp_Sol_time: 42.234
     Drone (1):
          12         | 1          | 11         | 1          | 6         
s_times   51.7       | 223.4      | 333.96     | 395.98     | 510.33    
c_times   171.7      | 283.4      | 339.93     | 455.98     | 511.47    
travels   51.7       | 50.56      | 56.05      | 54.35      | 0.0       
charges   188.3      | 360.0      | 303.47     | 360.0      | 304.51    
~~~~~~~~~~~~~~~~~~~~~~~~~~~~~~~~~~~~~~~~~~
     Drone (2):
          4          | 2          | 7          | 10         | 8         
s_times   54.35      | 63.57      | 71.65      | 96.26      | 120.44    
c_times   55.49      | 66.93      | 74.44      | 102.23     | 123.23    
travels   8.08       | 4.72       | 21.82      | 18.21      | 0.0       
charges   304.51     | 293.07     | 285.56     | 257.77     | 236.77    
~~~~~~~~~~~~~~~~~~~~~~~~~~~~~~~~~~~~~~~~~~
     Drone (3):
          9          | 1          | 3          | 12         | 5         
s_times   50.56      | 112.58     | 219.15     | 226.01     | 349.64    
c_times   56.53      | 172.58     | 222.51     | 346.01     | 350.78    
travels   56.05      | 46.57      | 3.5        | 3.63       | 0.0       
charges   303.47     | 360.0      | 310.07     | 186.57     | 181.8     
~~~~~~~~~~~~~~~~~~~~~~~~~~~~~~~~~~~~~~~~~~
***** nlp_Variables: 227
***** nlp_Constraints: 112
***** nlp_objective: 569.6699999429313
***** nlp_Sol_time: 455.436
     Drone (1):
          12         | 1          | 10         | 1          | 6         
s_times   51.7       | 223.4      | 333.96     | 395.98     | 510.33    
c_times   171.7      | 283.4      | 339.93     | 455.98     | 511.47    
travels   51.7       | 50.56      | 56.05      | 54.35      | 0.0       
charges   188.3      | 360.0      | 303.47     | 360.0      | 304.51    
~~~~~~~~~~~~~~~~~~~~~~~~~~~~~~~~~~~~~~~~~~
     Drone (2):
          7          | 2          | 4          | 9          | 8         
s_times   53.34      | 64.7       | 72.58      | 88.94      | 113.12    
c_times   56.13      | 68.06      | 73.72      | 94.91      | 115.91    
travels   8.57       | 4.52       | 15.22      | 18.21      | 0.0       
charges   303.87     | 291.94     | 286.28     | 265.09     | 244.09    
~~~~~~~~~~~~~~~~~~~~~~~~~~~~~~~~~~~~~~~~~~
     Drone (3):
          12         | 1          | 3          | 11         | 5         
s_times   51.7       | 223.4      | 329.97     | 348.99     | 369.2     
c_times   171.7      | 283.4      | 333.33     | 354.96     | 370.34    
travels   51.7       | 46.57      | 15.66      | 14.24      | 0.0       
charges   188.3      | 360.0      | 310.07     | 288.44     | 273.06    
~~~~~~~~~~~~~~~~~~~~~~~~~~~~~~~~~~~~~~~~~~
