~~~~~~~~~~~~~~~~~~~ [3, 'SB', 5, 360] ~~~~~~~~~~~~~~~~~~~
     seed: 6708171483801272570
 Families: [[1], [2, 3], [4, 5, 6], [7, 8], [9, 10, 11], [12]]
  i_times: [390.0, 30.0, 390.0, 30.0]
Fam slots: [[2, 5], [5, 6, 7], [3, 6], [5, 6, 7]]
Ear_dates: [0, 360.0, 900.0, 900.0, 1080.0, 1260.0, 540.0, 1080.0, 900.0, 1080.0, 1260.0, 0]
Due_dates: [1440, 540.0, 1080.0, 1080.0, 1260.0, 1440.0, 720.0, 1260.0, 1080.0, 1260.0, 1440.0, 1440]
Monitor_t: [60.0, 3.36, 3.36, 1.14, 1.14, 1.14, 2.79, 2.79, 5.97, 5.97, 5.97, 120.0]
~~~~~~~~~~~~~~~~~~~ Comparing the results ~~~~~~~~~~~~~~~~~~~
***** lp_Variables: 2792
***** lp_Constraints: 5094
***** lp_objective: 889.4699999109457
***** lp_Sol_time: 365.704
     Drone (1):
          12         | 1          | 9          | 5          | 11        
s_times   51.7       | 223.4      | 333.96     | 354.17     | 370.53    
c_times   171.7      | 283.4      | 339.93     | 355.31     | 376.5     
travels   51.7       | 50.56      | 14.24      | 15.22      | 0.0       
charges   188.3      | 360.0      | 303.47     | 288.09     | 266.9     
~~~~~~~~~~~~~~~~~~~~~~~~~~~~~~~~~~~~~~~~~~
     Drone (2):
          12         | 1          | 4          | 10         | 6         
s_times   51.7       | 223.4      | 337.75     | 354.11     | 374.32    
c_times   171.7      | 283.4      | 338.89     | 360.08     | 375.46    
travels   51.7       | 54.35      | 15.22      | 14.24      | 0.0       
charges   188.3      | 360.0      | 304.51     | 283.32     | 267.94    
~~~~~~~~~~~~~~~~~~~~~~~~~~~~~~~~~~~~~~~~~~
     Drone (3):
          12         | 2          | 7          | 3          | 8         
s_times   51.7       | 177.3      | 185.38     | 196.74     | 204.82    
c_times   171.7      | 180.66     | 188.17     | 200.1      | 207.61    
travels   5.6        | 4.72       | 8.57       | 4.72       | 0.0       
charges   188.3      | 179.34     | 171.83     | 159.9      | 152.39    
~~~~~~~~~~~~~~~~~~~~~~~~~~~~~~~~~~~~~~~~~~
***** nlp_Variables: 227
***** nlp_Constraints: 112
***** nlp_objective: 889.4699999109491
***** nlp_Sol_time: 292.316
     Drone (1):
          12         | 1          | 9          | 5          | 11        
s_times   51.7       | 223.4      | 333.96     | 354.17     | 370.53    
c_times   171.7      | 283.4      | 339.93     | 355.31     | 376.5     
travels   51.7       | 50.56      | 14.24      | 15.22      | 0.0       
charges   188.3      | 360.0      | 303.47     | 288.09     | 266.9     
~~~~~~~~~~~~~~~~~~~~~~~~~~~~~~~~~~~~~~~~~~
     Drone (2):
          12         | 1          | 4          | 10         | 6         
s_times   51.7       | 223.4      | 337.75     | 354.11     | 374.32    
c_times   171.7      | 283.4      | 338.89     | 360.08     | 375.46    
travels   51.7       | 54.35      | 15.22      | 14.24      | 0.0       
charges   188.3      | 360.0      | 304.51     | 283.32     | 267.94    
~~~~~~~~~~~~~~~~~~~~~~~~~~~~~~~~~~~~~~~~~~
     Drone (3):
          7          | 2          | 12         | 8          | 3         
s_times   53.34      | 64.7       | 71.56      | 198.11     | 209.47    
c_times   56.13      | 68.06      | 191.56     | 200.9      | 212.83    
travels   8.57       | 3.5        | 6.55       | 8.57       | 0.0       
charges   303.87     | 291.94     | 168.44     | 159.1      | 147.17    
~~~~~~~~~~~~~~~~~~~~~~~~~~~~~~~~~~~~~~~~~~
