~~~~~~~~~~~~~~~~~~~ [3, 'SB', 5, 360] ~~~~~~~~~~~~~~~~~~~
     seed: 5140608609999180769
 Families: [[1], [2, 3], [4, 5, 6], [7, 8], [9, 10, 11], [12]]
  i_times: [30.0, 390.0, 210.0, 570.0]
Fam slots: [[6, 7], [2, 5, 6], [3, 5], [0, 2, 6]]
Ear_dates: [0, 1080.0, 1260.0, 360.0, 900.0, 1080.0, 540.0, 900.0, 0.0, 360.0, 1080.0, 0]
Due_dates: [1440, 1260.0, 1440.0, 540.0, 1080.0, 1260.0, 720.0, 1080.0, 180.0, 540.0, 1260.0, 1440]
Monitor_t: [60.0, 3.36, 3.36, 1.14, 1.14, 1.14, 2.79, 2.79, 5.97, 5.97, 5.97, 120.0]
~~~~~~~~~~~~~~~~~~~ Comparing the results ~~~~~~~~~~~~~~~~~~~
***** lp_Variables: 2792
***** lp_Constraints: 5094
***** lp_objective: 868.27
***** lp_Sol_time: 708.97
     Drone (1):
          12         | 1          | 11         | 6          | 2         
s_times   51.7       | 223.4      | 333.96     | 354.17     | 363.39    
c_times   171.7      | 283.4      | 339.93     | 355.31     | 366.75    
travels   51.7       | 50.56      | 14.24      | 8.08       | 0.0       
charges   188.3      | 360.0      | 303.47     | 288.09     | 276.65    
~~~~~~~~~~~~~~~~~~~~~~~~~~~~~~~~~~~~~~~~~~
     Drone (2):
          9          | 1          | 10         | 1          | 3         
s_times   50.56      | 112.58     | 223.14     | 285.16     | 391.73    
c_times   56.53      | 172.58     | 229.11     | 345.16     | 395.09    
travels   56.05      | 50.56      | 56.05      | 46.57      | 0.0       
charges   303.47     | 360.0      | 303.47     | 360.0      | 310.07    
~~~~~~~~~~~~~~~~~~~~~~~~~~~~~~~~~~~~~~~~~~
     Drone (3):
          7          | 4          | 0          | 8          | 5         
s_times   53.34      | 63.03      | 64.17      | 64.17      | 73.86     
c_times   56.13      | 64.17      | 64.17      | 66.96      | 75.0      
travels   6.9        | 3.21       | 6.55       | 6.9        | 0.0       
charges   303.87     | 295.83     | 295.83     | 293.04     | 285.0     
~~~~~~~~~~~~~~~~~~~~~~~~~~~~~~~~~~~~~~~~~~
***** nlp_Variables: 227
***** nlp_Constraints: 112
***** nlp_objective: 868.2699999130714
***** nlp_Sol_time: 390.599
     Drone (1):
          9          | 1          | 11         | 1          | 3         
s_times   50.56      | 112.58     | 223.14     | 285.16     | 391.73    
c_times   56.53      | 172.58     | 229.11     | 345.16     | 395.09    
travels   56.05      | 50.56      | 56.05      | 46.57      | 0.0       
charges   303.47     | 360.0      | 303.47     | 360.0      | 310.07    
~~~~~~~~~~~~~~~~~~~~~~~~~~~~~~~~~~~~~~~~~~
     Drone (2):
          4          | 1          | 12         | 8          | 2         
s_times   54.35      | 110.08     | 221.78     | 348.33     | 359.69    
c_times   55.49      | 170.08     | 341.78     | 351.12     | 363.05    
travels   54.59      | 51.7       | 6.55       | 8.57       | 0.0       
charges   304.51     | 360.0      | 188.3      | 178.96     | 167.03    
~~~~~~~~~~~~~~~~~~~~~~~~~~~~~~~~~~~~~~~~~~
     Drone (3):
          12         | 5          | 10         | 7          | 6         
s_times   51.7       | 175.33     | 191.69     | 215.87     | 225.56    
c_times   171.7      | 176.47     | 197.66     | 218.66     | 226.7     
travels   3.63       | 15.22      | 18.21      | 6.9        | 0.0       
charges   188.3      | 183.53     | 162.34     | 141.34     | 133.3     
~~~~~~~~~~~~~~~~~~~~~~~~~~~~~~~~~~~~~~~~~~
