~~~~~~~~~~~~~~~~~~~ [3, 'SB', 5, 360] ~~~~~~~~~~~~~~~~~~~
     seed: 130415612592808959
 Families: [[1], [2, 3], [4, 5, 6], [7, 8], [9, 10, 11], [12]]
  i_times: [750.0, 570.0, 570.0, 390.0]
Fam slots: [[1, 6], [1, 2, 6], [0, 4], [1, 4, 5]]
Ear_dates: [0, 180.0, 1080.0, 180.0, 360.0, 1080.0, 0.0, 720.0, 180.0, 720.0, 900.0, 0]
Due_dates: [1440, 360.0, 1260.0, 360.0, 540.0, 1260.0, 180.0, 900.0, 360.0, 900.0, 1080.0, 1440]
Monitor_t: [60.0, 3.36, 3.36, 1.14, 1.14, 1.14, 2.79, 2.79, 5.97, 5.97, 5.97, 120.0]
~~~~~~~~~~~~~~~~~~~ Comparing the results ~~~~~~~~~~~~~~~~~~~
***** lp_Variables: 2792
***** lp_Constraints: 5094
***** lp_objective: 619.2999999376847
***** lp_Sol_time: 180.046
     Drone (1):
          4          | 1          | 10         | 1          | 11        
s_times   54.35      | 110.08     | 220.64     | 282.66     | 393.22    
c_times   55.49      | 170.08     | 226.61     | 342.66     | 399.19    
travels   54.59      | 50.56      | 56.05      | 50.56      | 0.0       
charges   304.51     | 360.0      | 303.47     | 360.0      | 303.47    
~~~~~~~~~~~~~~~~~~~~~~~~~~~~~~~~~~~~~~~~~~
     Drone (2):
          12         | 1          | 12         | 3          | 6         
s_times   51.7       | 223.4      | 335.1      | 460.7      | 468.58    
c_times   171.7      | 283.4      | 455.1      | 464.06     | 469.72    
travels   51.7       | 51.7       | 5.6        | 4.52       | 0.0       
charges   188.3      | 360.0      | 188.3      | 179.34     | 173.68    
~~~~~~~~~~~~~~~~~~~~~~~~~~~~~~~~~~~~~~~~~~
     Drone (3):
          2          | 7          | 5          | 9          | 8         
s_times   46.57      | 54.65      | 64.34      | 80.7       | 104.88    
c_times   49.93      | 57.44      | 65.48      | 86.67      | 107.67    
travels   4.72       | 6.9        | 15.22      | 18.21      | 0.0       
charges   310.07     | 302.56     | 294.52     | 273.33     | 252.33    
~~~~~~~~~~~~~~~~~~~~~~~~~~~~~~~~~~~~~~~~~~
***** nlp_Variables: 227
***** nlp_Constraints: 112
***** nlp_objective: 619.2999999379613
***** nlp_Sol_time: 182.305
     Drone (1):
          2          | 1          | 5          | 1          | 11        
s_times   46.57      | 99.81      | 214.16     | 269.89     | 380.45    
c_times   49.93      | 159.81     | 215.3      | 329.89     | 386.42    
travels   49.88      | 54.35      | 54.59      | 50.56      | 0.0       
charges   310.07     | 360.0      | 304.51     | 360.0      | 303.47    
~~~~~~~~~~~~~~~~~~~~~~~~~~~~~~~~~~~~~~~~~~
     Drone (2):
          12         | 1          | 12         | 3          | 6         
s_times   51.7       | 223.4      | 335.1      | 460.7      | 468.58    
c_times   171.7      | 283.4      | 455.1      | 464.06     | 469.72    
travels   51.7       | 51.7       | 5.6        | 4.52       | 0.0       
charges   188.3      | 360.0      | 188.3      | 179.34     | 173.68    
~~~~~~~~~~~~~~~~~~~~~~~~~~~~~~~~~~~~~~~~~~
     Drone (3):
          7          | 9          | 8          | 10         | 4         
s_times   53.34      | 77.95      | 102.13     | 126.74     | 146.95    
c_times   56.13      | 83.92      | 104.92     | 132.71     | 148.09    
travels   21.82      | 18.21      | 21.82      | 14.24      | 0.0       
charges   303.87     | 276.08     | 255.08     | 227.29     | 211.91    
~~~~~~~~~~~~~~~~~~~~~~~~~~~~~~~~~~~~~~~~~~
