~~~~~~~~~~~~~~~~~~~ [3, 'SB', 5, 360] ~~~~~~~~~~~~~~~~~~~
     seed: 631212975606653980
 Families: [[1], [2, 3], [4, 5, 6], [7, 8], [9, 10, 11], [12]]
  i_times: [30.0, 30.0, 210.0, 570.0]
Fam slots: [[0, 1], [0, 1, 2], [0, 2], [0, 4, 5]]
Ear_dates: [0, 0.0, 180.0, 0.0, 180.0, 360.0, 0.0, 360.0, 0.0, 720.0, 900.0, 0]
Due_dates: [1440, 180.0, 360.0, 180.0, 360.0, 540.0, 180.0, 540.0, 180.0, 900.0, 1080.0, 1440]
Monitor_t: [60.0, 3.36, 3.36, 1.14, 1.14, 1.14, 2.79, 2.79, 5.97, 5.97, 5.97, 120.0]
~~~~~~~~~~~~~~~~~~~ Comparing the results ~~~~~~~~~~~~~~~~~~~
***** lp_Variables: 2792
***** lp_Constraints: 5094
***** lp_objective: 393.45999996055025
***** lp_Sol_time: 270.703
     Drone (1):
          0          | 9          | 3          | 8          | 6         
s_times   0.0        | 0.0        | 22.09      | 30.17      | 39.86     
c_times   0.0        | 5.97       | 25.45      | 32.96      | 41.0      
travels   13.0       | 16.12      | 4.72       | 6.9        | 0.0       
charges   360.0      | 354.03     | 334.55     | 327.04     | 319.0     
~~~~~~~~~~~~~~~~~~~~~~~~~~~~~~~~~~~~~~~~~~
     Drone (2):
          0          | 4          | 2          | 5          | 7         
s_times   0.0        | 0.0        | 9.22       | 17.1       | 23.49     
c_times   0.0        | 1.14       | 12.58      | 18.24      | 26.28     
travels   3.63       | 8.08       | 4.52       | 5.25       | 0.0       
charges   360.0      | 358.86     | 347.42     | 341.76     | 333.72    
~~~~~~~~~~~~~~~~~~~~~~~~~~~~~~~~~~~~~~~~~~
     Drone (3):
          12         | 1          | 10         | 1          | 11        
s_times   51.7       | 223.4      | 333.96     | 395.98     | 506.54    
c_times   171.7      | 283.4      | 339.93     | 455.98     | 512.51    
travels   51.7       | 50.56      | 56.05      | 50.56      | 0.0       
charges   188.3      | 360.0      | 303.47     | 360.0      | 303.47    
~~~~~~~~~~~~~~~~~~~~~~~~~~~~~~~~~~~~~~~~~~
***** nlp_Variables: 227
***** nlp_Constraints: 112
***** nlp_objective: 393.459999960554
***** nlp_Sol_time: 106.93
     Drone (1):
          12         | 1          | 10         | 1          | 11        
s_times   51.7       | 223.4      | 333.96     | 395.98     | 506.54    
c_times   171.7      | 283.4      | 339.93     | 455.98     | 512.51    
travels   51.7       | 50.56      | 56.05      | 50.56      | 0.0       
charges   188.3      | 360.0      | 303.47     | 360.0      | 303.47    
~~~~~~~~~~~~~~~~~~~~~~~~~~~~~~~~~~~~~~~~~~
     Drone (2):
          7          | 4          | 12         | 8          | 1         
s_times   53.34      | 63.03      | 67.38      | 193.93     | 249.21    
c_times   56.13      | 64.17      | 187.38     | 196.72     | 309.21    
travels   6.9        | 3.21       | 6.55       | 52.49      | 0.0       
charges   303.87     | 295.83     | 172.62     | 163.28     | 360.0     
~~~~~~~~~~~~~~~~~~~~~~~~~~~~~~~~~~~~~~~~~~
     Drone (3):
          9          | 5          | 2          | 6          | 3         
s_times   50.56      | 70.77      | 79.99      | 87.87      | 97.09     
c_times   56.53      | 71.91      | 83.35      | 89.01      | 100.45    
travels   14.24      | 8.08       | 4.52       | 8.08       | 0.0       
charges   303.47     | 288.09     | 276.65     | 270.99     | 259.55    
~~~~~~~~~~~~~~~~~~~~~~~~~~~~~~~~~~~~~~~~~~
