~~~~~~~~~~~~~~~~~~~ [3, 'SB', 5, 360] ~~~~~~~~~~~~~~~~~~~
     seed: 8542843540602815895
 Families: [[1], [2, 3], [4, 5, 6], [7, 8], [9, 10, 11], [12]]
  i_times: [210.0, 390.0, 30.0, 570.0]
Fam slots: [[1, 3], [1, 3, 6], [5, 6], [1, 3, 7]]
Ear_dates: [0, 180.0, 540.0, 180.0, 540.0, 1080.0, 900.0, 1080.0, 180.0, 540.0, 1260.0, 0]
Due_dates: [1440, 360.0, 720.0, 360.0, 720.0, 1260.0, 1080.0, 1260.0, 360.0, 720.0, 1440.0, 1440]
Monitor_t: [60.0, 3.36, 3.36, 1.14, 1.14, 1.14, 2.79, 2.79, 5.97, 5.97, 5.97, 120.0]
~~~~~~~~~~~~~~~~~~~ Comparing the results ~~~~~~~~~~~~~~~~~~~
***** lp_Variables: 2792
***** lp_Constraints: 5094
***** lp_objective: 753.4599999999975
***** lp_Sol_time: 82.154
     Drone (1):
          12         | 1          | 7          | 6          | 8         
s_times   51.7       | 223.4      | 336.74     | 346.43     | 352.82    
c_times   171.7      | 283.4      | 339.53     | 347.57     | 355.61    
travels   51.7       | 53.34      | 6.9        | 5.25       | 0.0       
charges   188.3      | 360.0      | 303.87     | 295.83     | 287.79    
~~~~~~~~~~~~~~~~~~~~~~~~~~~~~~~~~~~~~~~~~~
     Drone (2):
          9          | 1          | 12         | 1          | 11        
s_times   50.56      | 112.58     | 224.28     | 395.98     | 506.54    
c_times   56.53      | 172.58     | 344.28     | 455.98     | 512.51    
travels   56.05      | 51.7       | 51.7       | 50.56      | 0.0       
charges   303.47     | 360.0      | 188.3      | 360.0      | 303.47    
~~~~~~~~~~~~~~~~~~~~~~~~~~~~~~~~~~~~~~~~~~
     Drone (3):
          4          | 2          | 5          | 3          | 10        
s_times   54.35      | 63.57      | 71.45      | 80.67      | 99.69     
c_times   55.49      | 66.93      | 72.59      | 84.03      | 105.66    
travels   8.08       | 4.52       | 8.08       | 15.66      | 0.0       
charges   304.51     | 293.07     | 287.41     | 275.97     | 254.34    
~~~~~~~~~~~~~~~~~~~~~~~~~~~~~~~~~~~~~~~~~~
***** nlp_Variables: 227
***** nlp_Constraints: 112
***** nlp_objective: 753.4600000000008
***** nlp_Sol_time: 118.115
     Drone (1):
          12         | 1          | 10         | 1          | 11        
s_times   51.7       | 223.4      | 333.96     | 395.98     | 506.54    
c_times   171.7      | 283.4      | 339.93     | 455.98     | 512.51    
travels   51.7       | 50.56      | 56.05      | 50.56      | 0.0       
charges   188.3      | 360.0      | 303.47     | 360.0      | 303.47    
~~~~~~~~~~~~~~~~~~~~~~~~~~~~~~~~~~~~~~~~~~
     Drone (2):
          12         | 1          | 7          | 6          | 8         
s_times   51.7       | 223.4      | 336.74     | 346.43     | 352.82    
c_times   171.7      | 283.4      | 339.53     | 347.57     | 355.61    
travels   51.7       | 53.34      | 6.9        | 5.25       | 0.0       
charges   188.3      | 360.0      | 303.87     | 295.83     | 287.79    
~~~~~~~~~~~~~~~~~~~~~~~~~~~~~~~~~~~~~~~~~~
     Drone (3):
          4          | 2          | 5          | 9          | 3         
s_times   54.35      | 63.57      | 71.45      | 87.81      | 109.9     
c_times   55.49      | 66.93      | 72.59      | 93.78      | 113.26    
travels   8.08       | 4.52       | 15.22      | 16.12      | 0.0       
charges   304.51     | 293.07     | 287.41     | 266.22     | 246.74    
~~~~~~~~~~~~~~~~~~~~~~~~~~~~~~~~~~~~~~~~~~
