~~~~~~~~~~~~~~~~~~~ [3, 'SB', 5, 360] ~~~~~~~~~~~~~~~~~~~
     seed: 137928052779633266
 Families: [[1], [2, 3], [4, 5, 6], [7, 8], [9, 10, 11], [12]]
  i_times: [570.0, 750.0, 210.0, 390.0]
Fam slots: [[1, 5], [1, 2, 7], [5, 7], [0, 3, 4]]
Ear_dates: [0, 180.0, 900.0, 180.0, 360.0, 1260.0, 900.0, 1260.0, 0.0, 540.0, 720.0, 0]
Due_dates: [1440, 360.0, 1080.0, 360.0, 540.0, 1440.0, 1080.0, 1440.0, 180.0, 720.0, 900.0, 1440]
Monitor_t: [60.0, 3.36, 3.36, 1.14, 1.14, 1.14, 2.79, 2.79, 5.97, 5.97, 5.97, 120.0]
~~~~~~~~~~~~~~~~~~~ Comparing the results ~~~~~~~~~~~~~~~~~~~
***** lp_Variables: 2792
***** lp_Constraints: 5094
***** lp_objective: 798.3499999200644
***** lp_Sol_time: 187.361
     Drone (1):
          12         | 11         | 3          | 12         | 7         
s_times   51.7       | 184.7      | 206.79     | 213.65     | 340.2     
c_times   171.7      | 190.67     | 210.15     | 333.65     | 342.99    
travels   13.0       | 16.12      | 3.5        | 6.55       | 0.0       
charges   188.3      | 169.33     | 149.85     | 26.35      | 17.01     
~~~~~~~~~~~~~~~~~~~~~~~~~~~~~~~~~~~~~~~~~~
     Drone (2):
          12         | 1          | 12         | 8          | 6         
s_times   51.7       | 223.4      | 335.1      | 461.65     | 471.34    
c_times   171.7      | 283.4      | 455.1      | 464.44     | 472.48    
travels   51.7       | 51.7       | 6.55       | 6.9        | 0.0       
charges   188.3      | 360.0      | 188.3      | 178.96     | 170.92    
~~~~~~~~~~~~~~~~~~~~~~~~~~~~~~~~~~~~~~~~~~
     Drone (3):
          4          | 9          | 2          | 10         | 5         
s_times   54.35      | 70.71      | 92.8       | 111.82     | 132.03    
c_times   55.49      | 76.68      | 96.16      | 117.79     | 133.17    
travels   15.22      | 16.12      | 15.66      | 14.24      | 0.0       
charges   304.51     | 283.32     | 263.84     | 242.21     | 226.83    
~~~~~~~~~~~~~~~~~~~~~~~~~~~~~~~~~~~~~~~~~~
***** nlp_Variables: 227
***** nlp_Constraints: 112
***** nlp_objective: 798.3499999200637
***** nlp_Sol_time: 45.176
     Drone (1):
          4          | 9          | 2          | 10         | 3         
s_times   54.35      | 70.71      | 92.8       | 111.82     | 133.91    
c_times   55.49      | 76.68      | 96.16      | 117.79     | 137.27    
travels   15.22      | 16.12      | 15.66      | 16.12      | 0.0       
charges   304.51     | 283.32     | 263.84     | 242.21     | 222.73    
~~~~~~~~~~~~~~~~~~~~~~~~~~~~~~~~~~~~~~~~~~
     Drone (2):
          12         | 1          | 12         | 8          | 6         
s_times   51.7       | 223.4      | 335.1      | 461.65     | 471.34    
c_times   171.7      | 283.4      | 455.1      | 464.44     | 472.48    
travels   51.7       | 51.7       | 6.55       | 6.9        | 0.0       
charges   188.3      | 360.0      | 188.3      | 178.96     | 170.92    
~~~~~~~~~~~~~~~~~~~~~~~~~~~~~~~~~~~~~~~~~~
     Drone (3):
          12         | 11         | 5          | 12         | 7         
s_times   51.7       | 184.7      | 204.91     | 209.26     | 335.81    
c_times   171.7      | 190.67     | 206.05     | 329.26     | 338.6     
travels   13.0       | 14.24      | 3.21       | 6.55       | 0.0       
charges   188.3      | 169.33     | 153.95     | 30.74      | 21.4      
~~~~~~~~~~~~~~~~~~~~~~~~~~~~~~~~~~~~~~~~~~
