~~~~~~~~~~~~~~~~~~~ [3, 'SB', 5, 360] ~~~~~~~~~~~~~~~~~~~
     seed: 475498262099041328
 Families: [[1], [2, 3], [4, 5, 6], [7, 8], [9, 10, 11], [12]]
  i_times: [210.0, 210.0, 930.0, 750.0]
Fam slots: [[2, 4], [0, 2, 4], [1, 7], [1, 6, 7]]
Ear_dates: [0, 360.0, 720.0, 0.0, 360.0, 720.0, 180.0, 1260.0, 180.0, 1080.0, 1260.0, 0]
Due_dates: [1440, 540.0, 900.0, 180.0, 540.0, 900.0, 360.0, 1440.0, 360.0, 1260.0, 1440.0, 1440]
Monitor_t: [60.0, 3.36, 3.36, 1.14, 1.14, 1.14, 2.79, 2.79, 5.97, 5.97, 5.97, 120.0]
~~~~~~~~~~~~~~~~~~~ Comparing the results ~~~~~~~~~~~~~~~~~~~
***** lp_Variables: 2792
***** lp_Constraints: 5094
***** lp_objective: 791.8999999206878
***** lp_Sol_time: 114.821
     Drone (1):
          12         | 6          | 7          | 12         | 10        
s_times   51.7       | 175.33     | 181.72     | 193.45     | 326.45    
c_times   171.7      | 176.47     | 184.51     | 313.45     | 332.42    
travels   3.63       | 5.25       | 8.94       | 13.0       | 0.0       
charges   188.3      | 183.53     | 175.49     | 46.55      | 27.58     
~~~~~~~~~~~~~~~~~~~~~~~~~~~~~~~~~~~~~~~~~~
     Drone (2):
          9          | 4          | 2          | 5          | 3         
s_times   50.56      | 70.77      | 79.99      | 87.87      | 97.09     
c_times   56.53      | 71.91      | 83.35      | 89.01      | 100.45    
travels   14.24      | 8.08       | 4.52       | 8.08       | 0.0       
charges   303.47     | 288.09     | 276.65     | 270.99     | 259.55    
~~~~~~~~~~~~~~~~~~~~~~~~~~~~~~~~~~~~~~~~~~
     Drone (3):
          12         | 1          | 12         | 11         | 8         
s_times   51.7       | 223.4      | 335.1      | 468.1      | 492.28    
c_times   171.7      | 283.4      | 455.1      | 474.07     | 495.07    
travels   51.7       | 51.7       | 13.0       | 18.21      | 0.0       
charges   188.3      | 360.0      | 188.3      | 169.33     | 148.33    
~~~~~~~~~~~~~~~~~~~~~~~~~~~~~~~~~~~~~~~~~~
***** nlp_Variables: 227
***** nlp_Constraints: 112
***** nlp_objective: 791.8999999207094
***** nlp_Sol_time: 46.188
     Drone (1):
          12         | 5          | 1          | 6          | 10        
s_times   51.7       | 175.33     | 231.06     | 345.41     | 361.77    
c_times   171.7      | 176.47     | 291.06     | 346.55     | 367.74    
travels   3.63       | 54.59      | 54.35      | 15.22      | 0.0       
charges   188.3      | 183.53     | 360.0      | 304.51     | 283.32    
~~~~~~~~~~~~~~~~~~~~~~~~~~~~~~~~~~~~~~~~~~
     Drone (2):
          9          | 2          | 4          | 3          | 7         
s_times   50.56      | 72.65      | 80.53      | 89.75      | 97.83     
c_times   56.53      | 76.01      | 81.67      | 93.11      | 100.62    
travels   16.12      | 4.52       | 8.08       | 4.72       | 0.0       
charges   303.47     | 283.99     | 278.33     | 266.89     | 259.38    
~~~~~~~~~~~~~~~~~~~~~~~~~~~~~~~~~~~~~~~~~~
     Drone (3):
          12         | 1          | 12         | 11         | 8         
s_times   51.7       | 223.4      | 335.1      | 468.1      | 492.28    
c_times   171.7      | 283.4      | 455.1      | 474.07     | 495.07    
travels   51.7       | 51.7       | 13.0       | 18.21      | 0.0       
charges   188.3      | 360.0      | 188.3      | 169.33     | 148.33    
~~~~~~~~~~~~~~~~~~~~~~~~~~~~~~~~~~~~~~~~~~
