~~~~~~~~~~~~~~~~~~~ [3, 'SB', 5, 360] ~~~~~~~~~~~~~~~~~~~
     seed: 3338265492806890324
 Families: [[1], [2, 3], [4, 5, 6], [7, 8], [9, 10, 11], [12]]
  i_times: [210.0, 210.0, 210.0, 210.0]
Fam slots: [[4, 6], [2, 3, 5], [4, 6], [0, 1, 3]]
Ear_dates: [0, 720.0, 1080.0, 360.0, 540.0, 900.0, 720.0, 1080.0, 0.0, 180.0, 540.0, 0]
Due_dates: [1440, 900.0, 1260.0, 540.0, 720.0, 1080.0, 900.0, 1260.0, 180.0, 360.0, 720.0, 1440]
Monitor_t: [60.0, 3.36, 3.36, 1.14, 1.14, 1.14, 2.79, 2.79, 5.97, 5.97, 5.97, 120.0]
~~~~~~~~~~~~~~~~~~~ Comparing the results ~~~~~~~~~~~~~~~~~~~
***** lp_Variables: 2792
***** lp_Constraints: 5094
***** lp_objective: 618.3499999380649
***** lp_Sol_time: 176.662
     Drone (1):
          12         | 12         | 7          | 2          | 6         
s_times   51.7       | 171.7      | 298.25     | 309.61     | 317.49    
c_times   171.7      | 291.7      | 301.04     | 312.97     | 318.63    
travels   0.0        | 6.55       | 8.57       | 4.52       | 0.0       
charges   188.3      | 68.3       | 58.96      | 47.03      | 41.37     
~~~~~~~~~~~~~~~~~~~~~~~~~~~~~~~~~~~~~~~~~~
     Drone (2):
          9          | 4          | 10         | 5          | 11        
s_times   50.56      | 70.77      | 87.13      | 107.34     | 123.7     
c_times   56.53      | 71.91      | 93.1       | 108.48     | 129.67    
travels   14.24      | 15.22      | 14.24      | 15.22      | 0.0       
charges   303.47     | 288.09     | 266.9      | 251.52     | 230.33    
~~~~~~~~~~~~~~~~~~~~~~~~~~~~~~~~~~~~~~~~~~
     Drone (3):
          12         | 1          | 12         | 8          | 3         
s_times   51.7       | 223.4      | 335.1      | 461.65     | 473.01    
c_times   171.7      | 283.4      | 455.1      | 464.44     | 476.37    
travels   51.7       | 51.7       | 6.55       | 8.57       | 0.0       
charges   188.3      | 360.0      | 188.3      | 178.96     | 167.03    
~~~~~~~~~~~~~~~~~~~~~~~~~~~~~~~~~~~~~~~~~~
***** nlp_Variables: 227
***** nlp_Constraints: 112
***** nlp_objective: 618.35
***** nlp_Sol_time: 46.964
     Drone (1):
          9          | 4          | 10         | 5          | 11        
s_times   50.56      | 70.77      | 87.13      | 107.34     | 123.7     
c_times   56.53      | 71.91      | 93.1       | 108.48     | 129.67    
travels   14.24      | 15.22      | 14.24      | 15.22      | 0.0       
charges   303.47     | 288.09     | 266.9      | 251.52     | 230.33    
~~~~~~~~~~~~~~~~~~~~~~~~~~~~~~~~~~~~~~~~~~
     Drone (2):
          12         | 12         | 2          | 7          | 6         
s_times   51.7       | 171.7      | 297.3      | 305.38     | 315.07    
c_times   171.7      | 291.7      | 300.66     | 308.17     | 316.21    
travels   0.0        | 5.6        | 4.72       | 6.9        | 0.0       
charges   188.3      | 68.3       | 59.34      | 51.83      | 43.79     
~~~~~~~~~~~~~~~~~~~~~~~~~~~~~~~~~~~~~~~~~~
     Drone (3):
          12         | 1          | 12         | 8          | 3         
s_times   51.7       | 223.4      | 335.1      | 461.65     | 473.01    
c_times   171.7      | 283.4      | 455.1      | 464.44     | 476.37    
travels   51.7       | 51.7       | 6.55       | 8.57       | 0.0       
charges   188.3      | 360.0      | 188.3      | 178.96     | 167.03    
~~~~~~~~~~~~~~~~~~~~~~~~~~~~~~~~~~~~~~~~~~
