~~~~~~~~~~~~~~~~~~~ [3, 'SB', 4, 360] ~~~~~~~~~~~~~~~~~~~
     seed: 8466588787516917229
 Families: [[1], [2, 3], [4, 5, 6], [7, 8], [9, 10, 11], [12]]
  i_times: [420.0, 420.0, 240.0, 420.0]
Fam slots: [[1, 4], [2, 5, 7], [2, 4], [0, 3, 5]]
Ear_dates: [0, 180.0, 720.0, 360.0, 900.0, 1260.0, 360.0, 720.0, 0.0, 540.0, 900.0, 0]
Due_dates: [1440, 360.0, 900.0, 540.0, 1080.0, 1440.0, 540.0, 900.0, 180.0, 720.0, 1080.0, 1440]
Monitor_t: [60.0, 1.35, 1.35, 0.46, 0.46, 0.46, 1.12, 1.12, 2.39, 2.39, 2.39, 0.0]
~~~~~~~~~~~~~~~~~~~ Comparing the results ~~~~~~~~~~~~~~~~~~~
***** lp_Variables: 2234
***** lp_Constraints: 3906
***** lp_objective: 1122.26
***** lp_Sol_time: 3.129
     Drone (1):
          4          | 2          | 0          | 8         
s_times   21.74      | 25.43      | 26.78      | 26.78     
c_times   22.2       | 26.78      | 26.78      | 27.9      
travels   3.23       | 1.4        | 2.62       | 0.0       
charges   337.8      | 333.22     | 333.22     | 332.1     
~~~~~~~~~~~~~~~~~~~~~~~~~~~~~~~~~~~~~~~~~~
     Drone (2):
          7          | 10         | 1          | 6         
s_times   21.34      | 31.19      | 56.0       | 137.74    
c_times   22.46      | 33.58      | 116.0      | 138.2     
travels   8.73       | 22.42      | 21.74      | 0.0       
charges   337.54     | 326.42     | 360.0      | 337.8     
~~~~~~~~~~~~~~~~~~~~~~~~~~~~~~~~~~~~~~~~~~
     Drone (3):
          9          | 3          | 5          | 11        
s_times   20.22      | 29.06      | 32.22      | 38.77     
c_times   22.61      | 30.41      | 32.68      | 41.16     
travels   6.45       | 1.81       | 6.09       | 0.0       
charges   337.39     | 329.59     | 327.32     | 318.84    
~~~~~~~~~~~~~~~~~~~~~~~~~~~~~~~~~~~~~~~~~~
***** nlp_Variables: 182
***** nlp_Constraints: 94
***** nlp_objective: 1122.26
***** nlp_Sol_time: 18.191
     Drone (1):
          7          | 11         | 1          | 6         
s_times   21.34      | 31.19      | 56.0       | 137.74    
c_times   22.46      | 33.58      | 116.0      | 138.2     
travels   8.73       | 22.42      | 21.74      | 0.0       
charges   337.54     | 326.42     | 360.0      | 337.8     
~~~~~~~~~~~~~~~~~~~~~~~~~~~~~~~~~~~~~~~~~~
     Drone (2):
          2          | 10         | 4          | 8         
s_times   18.63      | 26.24      | 34.32      | 36.88     
c_times   19.98      | 28.63      | 34.78      | 38.0      
travels   6.26       | 5.69       | 2.1        | 0.0       
charges   340.02     | 331.37     | 325.22     | 322.0     
~~~~~~~~~~~~~~~~~~~~~~~~~~~~~~~~~~~~~~~~~~
     Drone (3):
          9          | 1          | 5          | 3         
s_times   20.22      | 45.03      | 126.77     | 130.46    
c_times   22.61      | 105.03     | 127.23     | 131.81    
travels   22.42      | 21.74      | 3.23       | 0.0       
charges   337.39     | 360.0      | 337.8      | 333.22    
~~~~~~~~~~~~~~~~~~~~~~~~~~~~~~~~~~~~~~~~~~
