~~~~~~~~~~~~~~~~~~~ [3, 'SB', 5, 120] ~~~~~~~~~~~~~~~~~~~
     seed: 3521775807566813241
 Families: [[1], [2, 3], [4, 5, 6], [7, 8], [9, 10, 11], [12]]
  i_times: [960.0, 600.0, 780.0, 600.0]
Fam slots: [[0, 6], [0, 4, 6], [0, 5], [0, 4, 7]]
Ear_dates: [0, 0.0, 1080.0, 0.0, 720.0, 1080.0, 0.0, 900.0, 0.0, 720.0, 1260.0, 0]
Due_dates: [1440, 180.0, 1260.0, 180.0, 900.0, 1260.0, 180.0, 1080.0, 180.0, 900.0, 1440.0, 1440]
Monitor_t: [60.0, 1.35, 1.35, 0.46, 0.46, 0.46, 1.12, 1.12, 2.39, 2.39, 2.39, 0.0]
~~~~~~~~~~~~~~~~~~~ Comparing the results ~~~~~~~~~~~~~~~~~~~
***** lp_Variables: 2792
***** lp_Constraints: 5094
***** lp_objective: 1029.719999999988
***** lp_Sol_time: 5.005
     Drone (1):
          0          | 4          | 1          | 6          | 3         
s_times   0.0        | 0.0        | 22.3       | 104.04     | 107.73    
c_times   0.0        | 0.46       | 82.3       | 104.5      | 109.08    
travels   1.45       | 21.84      | 21.74      | 3.23       | 0.0       
charges   120.0      | 119.54     | 120.0      | 97.8       | 93.22     
~~~~~~~~~~~~~~~~~~~~~~~~~~~~~~~~~~~~~~~~~~
     Drone (2):
          9          | 1          | 10         | 1          | 11        
s_times   20.22      | 45.03      | 125.25     | 150.06     | 230.28    
c_times   22.61      | 105.03     | 127.64     | 210.06     | 232.67    
travels   22.42      | 20.22      | 22.42      | 20.22      | 0.0       
charges   97.39      | 120.0      | 97.39      | 120.0      | 97.39     
~~~~~~~~~~~~~~~~~~~~~~~~~~~~~~~~~~~~~~~~~~
     Drone (3):
          0          | 7          | 2          | 8          | 5         
s_times   0.0        | 0.0        | 4.55       | 7.79       | 11.67     
c_times   0.0        | 1.12       | 5.9        | 8.91       | 12.13     
travels   2.62       | 3.43       | 1.89       | 2.76       | 0.0       
charges   120.0      | 118.88     | 114.1      | 111.09     | 107.87    
~~~~~~~~~~~~~~~~~~~~~~~~~~~~~~~~~~~~~~~~~~
***** nlp_Variables: 227
***** nlp_Constraints: 112
***** nlp_objective: 1029.720000000001
***** nlp_Sol_time: 7.691
     Drone (1):
          5          | 8          | 1          | 6          | 3         
s_times   21.74      | 24.3       | 46.42      | 128.16     | 131.85    
c_times   22.2       | 25.42      | 106.42     | 128.62     | 133.2     
travels   2.1        | 21.0       | 21.74      | 3.23       | 0.0       
charges   97.8       | 94.58      | 120.0      | 97.8       | 93.22     
~~~~~~~~~~~~~~~~~~~~~~~~~~~~~~~~~~~~~~~~~~
     Drone (2):
          0          | 4          | 2          | 7          | 1         
s_times   0.0        | 0.0        | 3.69       | 6.93       | 29.05     
c_times   0.0        | 0.46       | 5.04       | 8.05       | 89.05     
travels   1.45       | 3.23       | 1.89       | 21.0       | 0.0       
charges   120.0      | 119.54     | 114.96     | 111.95     | 120.0     
~~~~~~~~~~~~~~~~~~~~~~~~~~~~~~~~~~~~~~~~~~
     Drone (3):
          9          | 1          | 10         | 1          | 11        
s_times   20.22      | 45.03      | 125.25     | 150.06     | 230.28    
c_times   22.61      | 105.03     | 127.64     | 210.06     | 232.67    
travels   22.42      | 20.22      | 22.42      | 20.22      | 0.0       
charges   97.39      | 120.0      | 97.39      | 120.0      | 97.39     
~~~~~~~~~~~~~~~~~~~~~~~~~~~~~~~~~~~~~~~~~~
