~~~~~~~~~~~~~~~~~~~ [3, 'SB', 4, 360] ~~~~~~~~~~~~~~~~~~~
     seed: 3925465047589960536
 Families: [[1], [2, 3], [4, 5, 6], [7, 8], [9, 10, 11], [12]]
  i_times: [600.0, 420.0, 600.0, 780.0]
Fam slots: [[1, 5], [1, 3, 6], [2, 6], [1, 2, 7]]
Ear_dates: [0, 180.0, 900.0, 180.0, 540.0, 1080.0, 360.0, 1080.0, 180.0, 360.0, 1260.0, 0]
Due_dates: [1440, 360.0, 1080.0, 360.0, 720.0, 1260.0, 540.0, 1260.0, 360.0, 540.0, 1440.0, 1440]
Monitor_t: [60.0, 1.35, 1.35, 0.46, 0.46, 0.46, 1.12, 1.12, 2.39, 2.39, 2.39, 0.0]
~~~~~~~~~~~~~~~~~~~ Comparing the results ~~~~~~~~~~~~~~~~~~~
***** lp_Variables: 2234
***** lp_Constraints: 3906
***** lp_objective: 1123.78
***** lp_Sol_time: 22.152
     Drone (1):
          7          | 10         | 1          | 11        
s_times   21.34      | 31.19      | 56.0       | 136.22    
c_times   22.46      | 33.58      | 116.0      | 138.61    
travels   8.73       | 22.42      | 20.22      | 0.0       
charges   337.54     | 326.42     | 360.0      | 337.39    
~~~~~~~~~~~~~~~~~~~~~~~~~~~~~~~~~~~~~~~~~~
     Drone (2):
          2          | 9          | 6          | 3         
s_times   18.63      | 26.24      | 34.32      | 38.01     
c_times   19.98      | 28.63      | 34.78      | 39.36     
travels   6.26       | 5.69       | 3.23       | 0.0       
charges   340.02     | 331.37     | 325.22     | 320.64    
~~~~~~~~~~~~~~~~~~~~~~~~~~~~~~~~~~~~~~~~~~
     Drone (3):
          4          | 8          | 5          | 0         
s_times   21.74      | 24.3       | 28.18      | 28.64     
c_times   22.2       | 25.42      | 28.64      | 28.64     
travels   2.1        | 2.76       | 1.28       | 0.0       
charges   337.8      | 334.58     | 331.36     | 331.36    
~~~~~~~~~~~~~~~~~~~~~~~~~~~~~~~~~~~~~~~~~~
***** nlp_Variables: 182
***** nlp_Constraints: 94
***** nlp_objective: 1123.7799999999957
***** nlp_Sol_time: 14.203
     Drone (1):
          2          | 1          | 6          | 10        
s_times   18.63      | 39.93      | 121.67     | 128.22    
c_times   19.98      | 99.93      | 122.13     | 130.61    
travels   19.95      | 21.74      | 6.09       | 0.0       
charges   340.02     | 360.0      | 337.8      | 329.32    
~~~~~~~~~~~~~~~~~~~~~~~~~~~~~~~~~~~~~~~~~~
     Drone (2):
          9          | 1          | 8          | 11        
s_times   20.22      | 45.03      | 126.37     | 136.22    
c_times   22.61      | 105.03     | 127.49     | 138.61    
travels   22.42      | 21.34      | 8.73       | 0.0       
charges   337.39     | 360.0      | 337.54     | 326.42    
~~~~~~~~~~~~~~~~~~~~~~~~~~~~~~~~~~~~~~~~~~
     Drone (3):
          4          | 3          | 5          | 7         
s_times   21.74      | 25.43      | 28.59      | 31.15     
c_times   22.2       | 26.78      | 29.05      | 32.27     
travels   3.23       | 1.81       | 2.1        | 0.0       
charges   337.8      | 333.22     | 330.95     | 327.73    
~~~~~~~~~~~~~~~~~~~~~~~~~~~~~~~~~~~~~~~~~~
