~~~~~~~~~~~~~~~~~~~ [3, 'SB', 5, 120] ~~~~~~~~~~~~~~~~~~~
     seed: 294783262169012656
 Families: [[1], [2, 3], [4, 5, 6], [7, 8], [9, 10, 11], [12]]
  i_times: [600.0, 420.0, 420.0, 420.0]
Fam slots: [[3, 7], [1, 3, 6], [1, 4], [1, 2, 5]]
Ear_dates: [0, 540.0, 1260.0, 180.0, 540.0, 1080.0, 180.0, 720.0, 180.0, 360.0, 900.0, 0]
Due_dates: [1440, 720.0, 1440.0, 360.0, 720.0, 1260.0, 360.0, 900.0, 360.0, 540.0, 1080.0, 1440]
Monitor_t: [60.0, 1.35, 1.35, 0.46, 0.46, 0.46, 1.12, 1.12, 2.39, 2.39, 2.39, 0.0]
~~~~~~~~~~~~~~~~~~~ Comparing the results ~~~~~~~~~~~~~~~~~~~
***** lp_Variables: 2792
***** lp_Constraints: 5094
***** lp_objective: 1031.31
***** lp_Sol_time: 5.667
     Drone (1):
          8          | 5          | 1          | 6          | 11        
s_times   21.34      | 25.22      | 47.52      | 129.26     | 135.81    
c_times   22.46      | 25.68      | 107.52     | 129.72     | 138.2     
travels   2.76       | 21.84      | 21.74      | 6.09       | 0.0       
charges   97.54      | 94.32      | 120.0      | 97.8       | 89.32     
~~~~~~~~~~~~~~~~~~~~~~~~~~~~~~~~~~~~~~~~~~
     Drone (2):
          0          | 2          | 7          | 4          | 0         
s_times   0.0        | 0.0        | 3.24       | 7.12       | 7.58      
c_times   0.0        | 1.35       | 4.36       | 7.58       | 7.58      
travels   2.24       | 1.89       | 2.76       | 1.28       | 0.0       
charges   120.0      | 118.65     | 115.64     | 112.42     | 112.42    
~~~~~~~~~~~~~~~~~~~~~~~~~~~~~~~~~~~~~~~~~~
     Drone (3):
          9          | 1          | 10         | 1          | 3         
s_times   20.22      | 45.03      | 125.25     | 150.06     | 228.69    
c_times   22.61      | 105.03     | 127.64     | 210.06     | 230.04    
travels   22.42      | 20.22      | 22.42      | 18.63      | 0.0       
charges   97.39      | 120.0      | 97.39      | 120.0      | 100.02    
~~~~~~~~~~~~~~~~~~~~~~~~~~~~~~~~~~~~~~~~~~
***** nlp_Variables: 227
***** nlp_Constraints: 112
***** nlp_objective: 1031.31
***** nlp_Sol_time: 15.447
     Drone (1):
          9          | 1          | 11         | 1          | 3         
s_times   20.22      | 45.03      | 125.25     | 150.06     | 228.69    
c_times   22.61      | 105.03     | 127.64     | 210.06     | 230.04    
travels   22.42      | 20.22      | 22.42      | 18.63      | 0.0       
charges   97.39      | 120.0      | 97.39      | 120.0      | 100.02    
~~~~~~~~~~~~~~~~~~~~~~~~~~~~~~~~~~~~~~~~~~
     Drone (2):
          4          | 1          | 5          | 8          | 1         
s_times   21.74      | 44.04      | 125.78     | 128.34     | 150.46    
c_times   22.2       | 104.04     | 126.24     | 129.46     | 210.46    
travels   21.84      | 21.74      | 2.1        | 21.0       | 0.0       
charges   97.8       | 120.0      | 97.8       | 94.58      | 120.0     
~~~~~~~~~~~~~~~~~~~~~~~~~~~~~~~~~~~~~~~~~~
     Drone (3):
          7          | 10         | 1          | 6          | 2         
s_times   21.34      | 31.19      | 56.0       | 137.74     | 141.43    
c_times   22.46      | 33.58      | 116.0      | 138.2      | 142.78    
travels   8.73       | 22.42      | 21.74      | 3.23       | 0.0       
charges   97.54      | 86.42      | 120.0      | 97.8       | 93.22     
~~~~~~~~~~~~~~~~~~~~~~~~~~~~~~~~~~~~~~~~~~
