~~~~~~~~~~~~~~~~~~~ [3, 'SB', 4, 360] ~~~~~~~~~~~~~~~~~~~
     seed: 7355049983161008923
 Families: [[1], [2, 3], [4, 5, 6], [7, 8], [9, 10, 11], [12]]
  i_times: [600.0, 600.0, 240.0, 600.0]
Fam slots: [[1, 5], [0, 2, 6], [3, 5], [1, 3, 7]]
Ear_dates: [0, 180.0, 900.0, 0.0, 360.0, 1080.0, 540.0, 900.0, 180.0, 540.0, 1260.0, 0]
Due_dates: [1440, 360.0, 1080.0, 180.0, 540.0, 1260.0, 720.0, 1080.0, 360.0, 720.0, 1440.0, 1440]
Monitor_t: [60.0, 1.35, 1.35, 0.46, 0.46, 0.46, 1.12, 1.12, 2.39, 2.39, 2.39, 0.0]
~~~~~~~~~~~~~~~~~~~ Comparing the results ~~~~~~~~~~~~~~~~~~~
***** lp_Variables: 2234
***** lp_Constraints: 3906
***** lp_objective: 1123.779999999998
***** lp_Sol_time: 4.002
     Drone (1):
          0          | 9          | 4          | 2         
s_times   0.0        | 0.0        | 8.08       | 11.77     
c_times   0.0        | 2.39       | 8.54       | 13.12     
travels   5.2        | 5.69       | 3.23       | 0.0       
charges   360.0      | 357.61     | 351.46     | 346.88    
~~~~~~~~~~~~~~~~~~~~~~~~~~~~~~~~~~~~~~~~~~
     Drone (2):
          10         | 1          | 8          | 11        
s_times   20.22      | 45.03      | 126.37     | 136.22    
c_times   22.61      | 105.03     | 127.49     | 138.61    
travels   22.42      | 21.34      | 8.73       | 0.0       
charges   337.39     | 360.0      | 337.54     | 326.42    
~~~~~~~~~~~~~~~~~~~~~~~~~~~~~~~~~~~~~~~~~~
     Drone (3):
          3          | 5          | 7          | 6         
s_times   18.63      | 21.79      | 24.35      | 28.23     
c_times   19.98      | 22.25      | 25.47      | 28.69     
travels   1.81       | 2.1        | 2.76       | 0.0       
charges   340.02     | 337.75     | 334.53     | 331.31    
~~~~~~~~~~~~~~~~~~~~~~~~~~~~~~~~~~~~~~~~~~
***** nlp_Variables: 182
***** nlp_Constraints: 94
***** nlp_objective: 1123.78
***** nlp_Sol_time: 11.822
     Drone (1):
          4          | 3          | 5          | 8         
s_times   21.74      | 25.43      | 28.59      | 31.15     
c_times   22.2       | 26.78      | 29.05      | 32.27     
travels   3.23       | 1.81       | 2.1        | 0.0       
charges   337.8      | 333.22     | 330.95     | 327.73    
~~~~~~~~~~~~~~~~~~~~~~~~~~~~~~~~~~~~~~~~~~
     Drone (2):
          2          | 9          | 1          | 6         
s_times   18.63      | 26.24      | 51.05      | 132.79    
c_times   19.98      | 28.63      | 111.05     | 133.25    
travels   6.26       | 22.42      | 21.74      | 0.0       
charges   340.02     | 331.37     | 360.0      | 337.8     
~~~~~~~~~~~~~~~~~~~~~~~~~~~~~~~~~~~~~~~~~~
     Drone (3):
          7          | 10         | 1          | 11        
s_times   21.34      | 31.19      | 56.0       | 136.22    
c_times   22.46      | 33.58      | 116.0      | 138.61    
travels   8.73       | 22.42      | 20.22      | 0.0       
charges   337.54     | 326.42     | 360.0      | 337.39    
~~~~~~~~~~~~~~~~~~~~~~~~~~~~~~~~~~~~~~~~~~
