~~~~~~~~~~~~~~~~~~~ [3, 'SB', 6, 360] ~~~~~~~~~~~~~~~~~~~
     seed: 3521775807566813241
 Families: [[1], [2, 3], [4, 5, 6], [7, 8], [9, 10, 11], [12]]
  i_times: [960.0, 600.0, 780.0, 600.0]
Fam slots: [[0, 6], [0, 4, 6], [0, 5], [0, 4, 7]]
Ear_dates: [0, 0.0, 1080.0, 0.0, 720.0, 1080.0, 0.0, 900.0, 0.0, 720.0, 1260.0, 0]
Due_dates: [1440, 180.0, 1260.0, 180.0, 900.0, 1260.0, 180.0, 1080.0, 180.0, 900.0, 1440.0, 1440]
Monitor_t: [60.0, 1.35, 1.35, 0.46, 0.46, 0.46, 1.12, 1.12, 2.39, 2.39, 2.39, 0.0]
~~~~~~~~~~~~~~~~~~~ Comparing the results ~~~~~~~~~~~~~~~~~~~
***** lp_Variables: 3350
***** lp_Constraints: 6282
***** lp_objective: 1018.7499998980247
***** lp_Sol_time: 1329.6
     Drone (1):
          4          | 0          | 7          | 1          | 0          | 5         
s_times   21.74      | 22.2       | 22.2       | 44.32      | 104.32     | 104.32    
c_times   22.2       | 22.2       | 23.32      | 104.32     | 104.32     | 104.78    
travels   1.28       | 2.62       | 21.0       | 20.68      | 1.45       | 0.0       
charges   337.8      | 337.8      | 336.68     | 360.0      | 360.0      | 359.54    
~~~~~~~~~~~~~~~~~~~~~~~~~~~~~~~~~~~~~~~~~~
     Drone (2):
          2          | 1          | 3          | 6          | 0          | 0         
s_times   18.63      | 39.93      | 118.56     | 121.72     | 122.18     | 122.18    
c_times   19.98      | 99.93      | 119.91     | 122.18     | 122.18     | 122.18    
travels   19.95      | 18.63      | 1.81       | 1.28       | 0.0        | 0.0       
charges   340.02     | 360.0      | 340.02     | 337.75     | 337.75     | 337.75    
~~~~~~~~~~~~~~~~~~~~~~~~~~~~~~~~~~~~~~~~~~
     Drone (3):
          9          | 1          | 10         | 1          | 8          | 11        
s_times   20.22      | 45.03      | 125.25     | 150.06     | 231.4      | 241.25    
c_times   22.61      | 105.03     | 127.64     | 210.06     | 232.52     | 243.64    
travels   22.42      | 20.22      | 22.42      | 21.34      | 8.73       | 0.0       
charges   337.39     | 360.0      | 337.39     | 360.0      | 337.54     | 326.42    
~~~~~~~~~~~~~~~~~~~~~~~~~~~~~~~~~~~~~~~~~~
***** nlp_Variables: 272
***** nlp_Constraints: 130
***** nlp_objective: 1018.75
***** nlp_Sol_time: 11.889
     Drone (1):
          0          | 2          | 4          | 12         | 1          | 3         
s_times   0.0        | 0.0        | 3.16       | 4.9        | 25.58      | 104.21    
c_times   0.0        | 1.35       | 3.62       | 4.9        | 85.58      | 105.56    
travels   2.24       | 1.81       | 1.28       | 20.68      | 18.63      | 0.0       
charges   360.0      | 358.65     | 356.38     | 355.1      | 360.0      | 340.02    
~~~~~~~~~~~~~~~~~~~~~~~~~~~~~~~~~~~~~~~~~~
     Drone (2):
          7          | 5          | 12         | 12         | 1          | 6         
s_times   21.34      | 25.22      | 26.96      | 26.96      | 47.64      | 129.38    
c_times   22.46      | 25.68      | 26.96      | 26.96      | 107.64     | 129.84    
travels   2.76       | 1.28       | 0.0        | 20.68      | 21.74      | 0.0       
charges   337.54     | 334.32     | 333.04     | 333.04     | 360.0      | 337.8     
~~~~~~~~~~~~~~~~~~~~~~~~~~~~~~~~~~~~~~~~~~
     Drone (3):
          9          | 1          | 10         | 1          | 8          | 11        
s_times   20.22      | 45.03      | 125.25     | 150.06     | 231.4      | 241.25    
c_times   22.61      | 105.03     | 127.64     | 210.06     | 232.52     | 243.64    
travels   22.42      | 20.22      | 22.42      | 21.34      | 8.73       | 0.0       
charges   337.39     | 360.0      | 337.39     | 360.0      | 337.54     | 326.42    
~~~~~~~~~~~~~~~~~~~~~~~~~~~~~~~~~~~~~~~~~~
