~~~~~~~~~~~~~~~~~~~ [3, 'SB', 5, 360] ~~~~~~~~~~~~~~~~~~~
     seed: 8466588787516917229
 Families: [[1], [2, 3], [4, 5, 6], [7, 8], [9, 10, 11], [12]]
  i_times: [420.0, 420.0, 240.0, 420.0]
Fam slots: [[1, 4], [2, 5, 7], [2, 4], [0, 3, 5]]
Ear_dates: [0, 180.0, 720.0, 360.0, 900.0, 1260.0, 360.0, 720.0, 0.0, 540.0, 900.0, 0]
Due_dates: [1440, 360.0, 900.0, 540.0, 1080.0, 1440.0, 540.0, 900.0, 180.0, 720.0, 1080.0, 1440]
Monitor_t: [60.0, 1.35, 1.35, 0.46, 0.46, 0.46, 1.12, 1.12, 2.39, 2.39, 2.39, 0.0]
~~~~~~~~~~~~~~~~~~~ Comparing the results ~~~~~~~~~~~~~~~~~~~
***** lp_Variables: 2792
***** lp_Constraints: 5094
***** lp_objective: 1028.2
***** lp_Sol_time: 11.556
     Drone (1):
          7          | 0          | 8          | 10         | 4         
s_times   21.34      | 22.46      | 22.46      | 32.31      | 40.39     
c_times   22.46      | 22.46      | 23.58      | 34.7       | 40.85     
travels   3.57       | 2.62       | 8.73       | 5.69       | 0.0       
charges   337.54     | 337.54     | 336.42     | 325.3      | 319.15    
~~~~~~~~~~~~~~~~~~~~~~~~~~~~~~~~~~~~~~~~~~
     Drone (2):
          2          | 1          | 0          | 5          | 3         
s_times   18.63      | 39.93      | 99.93      | 99.93      | 103.62    
c_times   19.98      | 99.93      | 99.93      | 100.39     | 104.97    
travels   19.95      | 20.68      | 1.45       | 3.23       | 0.0       
charges   340.02     | 360.0      | 360.0      | 359.54     | 354.96    
~~~~~~~~~~~~~~~~~~~~~~~~~~~~~~~~~~~~~~~~~~
     Drone (3):
          9          | 1          | 11         | 1          | 6         
s_times   20.22      | 45.03      | 125.25     | 150.06     | 231.8     
c_times   22.61      | 105.03     | 127.64     | 210.06     | 232.26    
travels   22.42      | 20.22      | 22.42      | 21.74      | 0.0       
charges   337.39     | 360.0      | 337.39     | 360.0      | 337.8     
~~~~~~~~~~~~~~~~~~~~~~~~~~~~~~~~~~~~~~~~~~
***** nlp_Variables: 227
***** nlp_Constraints: 112
***** nlp_objective: 1028.2
***** nlp_Sol_time: 6.888
     Drone (1):
          7          | 5          | 8          | 10         | 3         
s_times   21.34      | 25.22      | 27.78      | 37.63      | 46.47     
c_times   22.46      | 25.68      | 28.9       | 40.02      | 47.82     
travels   2.76       | 2.1        | 8.73       | 6.45       | 0.0       
charges   337.54     | 334.32     | 331.1      | 319.98     | 312.18    
~~~~~~~~~~~~~~~~~~~~~~~~~~~~~~~~~~~~~~~~~~
     Drone (2):
          0          | 0          | 0          | 2          | 4         
s_times   0.0        | 0.0        | 0.0        | 0.0        | 3.16      
c_times   0.0        | 0.0        | 0.0        | 1.35       | 3.62      
travels   0.0        | 0.0        | 2.24       | 1.81       | 0.0       
charges   360.0      | 360.0      | 360.0      | 358.65     | 356.38    
~~~~~~~~~~~~~~~~~~~~~~~~~~~~~~~~~~~~~~~~~~
     Drone (3):
          9          | 1          | 11         | 1          | 6         
s_times   20.22      | 45.03      | 125.25     | 150.06     | 231.8     
c_times   22.61      | 105.03     | 127.64     | 210.06     | 232.26    
travels   22.42      | 20.22      | 22.42      | 21.74      | 0.0       
charges   337.39     | 360.0      | 337.39     | 360.0      | 337.8     
~~~~~~~~~~~~~~~~~~~~~~~~~~~~~~~~~~~~~~~~~~
