~~~~~~~~~~~~~~~~~~~ [3, 'SB', 5, 360] ~~~~~~~~~~~~~~~~~~~
     seed: 6739884464658267805
 Families: [[1], [2, 3], [4, 5, 6], [7, 8], [9, 10, 11], [12]]
  i_times: [600.0, 240.0, 60.0, 780.0]
Fam slots: [[1, 5], [1, 3, 4], [1, 2], [0, 1, 6]]
Ear_dates: [0, 180.0, 900.0, 180.0, 540.0, 720.0, 180.0, 360.0, 0.0, 180.0, 1080.0, 0]
Due_dates: [1440, 360.0, 1080.0, 360.0, 720.0, 900.0, 360.0, 540.0, 180.0, 360.0, 1260.0, 1440]
Monitor_t: [60.0, 1.35, 1.35, 0.46, 0.46, 0.46, 1.12, 1.12, 2.39, 2.39, 2.39, 0.0]
~~~~~~~~~~~~~~~~~~~ Comparing the results ~~~~~~~~~~~~~~~~~~~
***** lp_Variables: 2792
***** lp_Constraints: 5094
***** lp_objective: 849.7199999149279
***** lp_Sol_time: 25.29
     Drone (1):
          6          | 1          | 7          | 3          | 8         
s_times   21.74      | 44.04      | 125.38     | 129.93     | 133.17    
c_times   22.2       | 104.04     | 126.5      | 131.28     | 134.29    
travels   21.84      | 21.34      | 3.43       | 1.89       | 0.0       
charges   337.8      | 360.0      | 337.54     | 332.76     | 329.75    
~~~~~~~~~~~~~~~~~~~~~~~~~~~~~~~~~~~~~~~~~~
     Drone (2):
          9          | 1          | 10         | 1          | 11        
s_times   20.22      | 45.03      | 125.25     | 150.06     | 230.28    
c_times   22.61      | 105.03     | 127.64     | 210.06     | 232.67    
travels   22.42      | 20.22      | 22.42      | 20.22      | 0.0       
charges   337.39     | 360.0      | 337.39     | 360.0      | 337.39    
~~~~~~~~~~~~~~~~~~~~~~~~~~~~~~~~~~~~~~~~~~
     Drone (3):
          0          | 4          | 0          | 5          | 2         
s_times   0.0        | 0.0        | 0.46       | 0.46       | 4.15      
c_times   0.0        | 0.46       | 0.46       | 0.92       | 5.5       
travels   1.45       | 1.28       | 1.45       | 3.23       | 0.0       
charges   360.0      | 359.54     | 359.54     | 359.08     | 354.5     
~~~~~~~~~~~~~~~~~~~~~~~~~~~~~~~~~~~~~~~~~~
***** nlp_Variables: 227
***** nlp_Constraints: 112
***** nlp_objective: 849.72
***** nlp_Sol_time: 5.783
     Drone (1):
          0          | 7          | 2          | 4          | 8         
s_times   0.0        | 0.0        | 4.55       | 7.71       | 10.27     
c_times   0.0        | 1.12       | 5.9        | 8.17       | 11.39     
travels   2.62       | 3.43       | 1.81       | 2.1        | 0.0       
charges   360.0      | 358.88     | 354.1      | 351.83     | 348.61    
~~~~~~~~~~~~~~~~~~~~~~~~~~~~~~~~~~~~~~~~~~
     Drone (2):
          9          | 1          | 10         | 1          | 11        
s_times   20.22      | 45.03      | 125.25     | 150.06     | 230.28    
c_times   22.61      | 105.03     | 127.64     | 210.06     | 232.67    
travels   22.42      | 20.22      | 22.42      | 20.22      | 0.0       
charges   337.39     | 360.0      | 337.39     | 360.0      | 337.39    
~~~~~~~~~~~~~~~~~~~~~~~~~~~~~~~~~~~~~~~~~~
     Drone (3):
          5          | 1          | 6          | 1          | 3         
s_times   21.74      | 44.04      | 125.78     | 148.08     | 226.71    
c_times   22.2       | 104.04     | 126.24     | 208.08     | 228.06    
travels   21.84      | 21.74      | 21.84      | 18.63      | 0.0       
charges   337.8      | 360.0      | 337.8      | 360.0      | 340.02    
~~~~~~~~~~~~~~~~~~~~~~~~~~~~~~~~~~~~~~~~~~
