~~~~~~~~~~~~~~~~~~~ [3, 'SB', 6, 360] ~~~~~~~~~~~~~~~~~~~
     seed: 5434789834338051980
 Families: [[1], [2, 3], [4, 5, 6], [7, 8], [9, 10, 11], [12]]
  i_times: [60.0, 420.0, 780.0, 780.0]
Fam slots: [[0, 1], [2, 4, 7], [1, 6], [0, 5, 7]]
Ear_dates: [0, 0.0, 180.0, 360.0, 720.0, 1260.0, 180.0, 1080.0, 0.0, 900.0, 1260.0, 0]
Due_dates: [1440, 180.0, 360.0, 540.0, 900.0, 1440.0, 360.0, 1260.0, 180.0, 1080.0, 1440.0, 1440]
Monitor_t: [60.0, 1.35, 1.35, 0.46, 0.46, 0.46, 1.12, 1.12, 2.39, 2.39, 2.39, 0.0]
~~~~~~~~~~~~~~~~~~~ Comparing the results ~~~~~~~~~~~~~~~~~~~
***** lp_Variables: 3350
***** lp_Constraints: 6282
***** lp_objective: 1019.7399998979249
***** lp_Sol_time: 387.142
     Drone (1):
          7          | 9          | 1          | 5          | 1          | 6         
s_times   21.34      | 31.19      | 56.0       | 137.74     | 160.04     | 241.78    
c_times   22.46      | 33.58      | 116.0      | 138.2      | 220.04     | 242.24    
travels   8.73       | 22.42      | 21.74      | 21.84      | 21.74      | 0.0       
charges   337.54     | 326.42     | 360.0      | 337.8      | 360.0      | 337.8     
~~~~~~~~~~~~~~~~~~~~~~~~~~~~~~~~~~~~~~~~~~
     Drone (2):
          4          | 1          | 10         | 1          | 8          | 11        
s_times   21.74      | 44.04      | 124.26     | 149.07     | 230.41     | 240.26    
c_times   22.2       | 104.04     | 126.65     | 209.07     | 231.53     | 242.65    
travels   21.84      | 20.22      | 22.42      | 21.34      | 8.73       | 0.0       
charges   337.8      | 360.0      | 337.39     | 360.0      | 337.54     | 326.42    
~~~~~~~~~~~~~~~~~~~~~~~~~~~~~~~~~~~~~~~~~~
     Drone (3):
          0          | 2          | 0          | 3          | 0          | 0         
s_times   0.0        | 0.0        | 1.35       | 1.35       | 2.7        | 2.7       
c_times   0.0        | 1.35       | 1.35       | 2.7        | 2.7        | 2.7       
travels   2.24       | 1.4        | 2.24       | 1.4        | 0.0        | 0.0       
charges   360.0      | 358.65     | 358.65     | 357.3      | 357.3      | 357.3     
~~~~~~~~~~~~~~~~~~~~~~~~~~~~~~~~~~~~~~~~~~
***** nlp_Variables: 272
***** nlp_Constraints: 130
***** nlp_objective: 1019.74
***** nlp_Sol_time: 55.195
     Drone (1):
          0          | 0          | 0          | 2          | 12         | 3         
s_times   0.0        | 0.0        | 0.0        | 0.0        | 2.75       | 4.99      
c_times   0.0        | 0.0        | 0.0        | 1.35       | 2.75       | 6.34      
travels   0.0        | 0.0        | 2.24       | 1.4        | 2.24       | 0.0       
charges   360.0      | 360.0      | 360.0      | 358.65     | 357.25     | 353.66    
~~~~~~~~~~~~~~~~~~~~~~~~~~~~~~~~~~~~~~~~~~
     Drone (2):
          4          | 1          | 7          | 10         | 1          | 6         
s_times   21.74      | 44.04      | 125.38     | 135.23     | 160.04     | 241.78    
c_times   22.2       | 104.04     | 126.5      | 137.62     | 220.04     | 242.24    
travels   21.84      | 21.34      | 8.73       | 22.42      | 21.74      | 0.0       
charges   337.8      | 360.0      | 337.54     | 326.42     | 360.0      | 337.8     
~~~~~~~~~~~~~~~~~~~~~~~~~~~~~~~~~~~~~~~~~~
     Drone (3):
          9          | 1          | 5          | 1          | 8          | 11        
s_times   20.22      | 45.03      | 126.77     | 149.07     | 230.41     | 240.26    
c_times   22.61      | 105.03     | 127.23     | 209.07     | 231.53     | 242.65    
travels   22.42      | 21.74      | 21.84      | 21.34      | 8.73       | 0.0       
charges   337.39     | 360.0      | 337.8      | 360.0      | 337.54     | 326.42    
~~~~~~~~~~~~~~~~~~~~~~~~~~~~~~~~~~~~~~~~~~
