~~~~~~~~~~~~~~~~~~~ [3, 'SB', 5, 120] ~~~~~~~~~~~~~~~~~~~
     seed: 6739884464658267805
 Families: [[1], [2, 3], [4, 5, 6], [7, 8], [9, 10, 11], [12]]
  i_times: [600.0, 240.0, 60.0, 780.0]
Fam slots: [[1, 5], [1, 3, 4], [1, 2], [0, 1, 6]]
Ear_dates: [0, 180.0, 900.0, 180.0, 540.0, 720.0, 180.0, 360.0, 0.0, 180.0, 1080.0, 0]
Due_dates: [1440, 360.0, 1080.0, 360.0, 720.0, 900.0, 360.0, 540.0, 180.0, 360.0, 1260.0, 1440]
Monitor_t: [60.0, 1.35, 1.35, 0.46, 0.46, 0.46, 1.12, 1.12, 2.39, 2.39, 2.39, 0.0]
~~~~~~~~~~~~~~~~~~~ Comparing the results ~~~~~~~~~~~~~~~~~~~
***** lp_Variables: 2792
***** lp_Constraints: 5094
***** lp_objective: 849.7199999999997
***** lp_Sol_time: 8.005
     Drone (1):
          4          | 8          | 6          | 0          | 2         
s_times   21.74      | 24.3       | 28.18      | 28.64      | 28.64     
c_times   22.2       | 25.42      | 28.64      | 28.64      | 29.99     
travels   2.1        | 2.76       | 1.28       | 2.24       | 0.0       
charges   97.8       | 94.58      | 91.36      | 91.36      | 90.01     
~~~~~~~~~~~~~~~~~~~~~~~~~~~~~~~~~~~~~~~~~~
     Drone (2):
          7          | 12         | 5          | 1          | 3         
s_times   21.34      | 26.03      | 27.48      | 49.78      | 128.41    
c_times   22.46      | 26.03      | 27.94      | 109.78     | 129.76    
travels   3.57       | 1.45       | 21.84      | 18.63      | 0.0       
charges   97.54      | 93.97      | 92.06      | 120.0      | 100.02    
~~~~~~~~~~~~~~~~~~~~~~~~~~~~~~~~~~~~~~~~~~
     Drone (3):
          9          | 1          | 10         | 1          | 11        
s_times   20.22      | 45.03      | 125.25     | 150.06     | 230.28    
c_times   22.61      | 105.03     | 127.64     | 210.06     | 232.67    
travels   22.42      | 20.22      | 22.42      | 20.22      | 0.0       
charges   97.39      | 120.0      | 97.39      | 120.0      | 97.39     
~~~~~~~~~~~~~~~~~~~~~~~~~~~~~~~~~~~~~~~~~~
***** nlp_Variables: 227
***** nlp_Constraints: 112
***** nlp_objective: 849.72
***** nlp_Sol_time: 7.301
     Drone (1):
          2          | 7          | 5          | 1          | 3         
s_times   18.63      | 21.87      | 25.75      | 48.05      | 126.68    
c_times   19.98      | 22.99      | 26.21      | 108.05     | 128.03    
travels   1.89       | 2.76       | 21.84      | 18.63      | 0.0       
charges   100.02     | 97.01      | 93.79      | 120.0      | 100.02    
~~~~~~~~~~~~~~~~~~~~~~~~~~~~~~~~~~~~~~~~~~
     Drone (2):
          9          | 1          | 10         | 1          | 11        
s_times   20.22      | 45.03      | 125.25     | 150.06     | 230.28    
c_times   22.61      | 105.03     | 127.64     | 210.06     | 232.67    
travels   22.42      | 20.22      | 22.42      | 20.22      | 0.0       
charges   97.39      | 120.0      | 97.39      | 120.0      | 97.39     
~~~~~~~~~~~~~~~~~~~~~~~~~~~~~~~~~~~~~~~~~~
     Drone (3):
          4          | 8          | 6          | 12         | 1         
s_times   21.74      | 24.3       | 28.18      | 29.92      | 50.6      
c_times   22.2       | 25.42      | 28.64      | 29.92      | 110.6     
travels   2.1        | 2.76       | 1.28       | 20.68      | 0.0       
charges   97.8       | 94.58      | 91.36      | 90.08      | 120.0     
~~~~~~~~~~~~~~~~~~~~~~~~~~~~~~~~~~~~~~~~~~
