~~~~~~~~~~~~~~~~~~~ [3, 'SB', 5, 360] ~~~~~~~~~~~~~~~~~~~
     seed: 5842917579678469337
 Families: [[1], [2, 3], [4, 5, 6], [7, 8], [9, 10, 11], [12]]
  i_times: [240.0, 420.0, 960.0, 780.0]
Fam slots: [[3, 5], [1, 4, 6], [1, 7], [1, 6, 7]]
Ear_dates: [0, 540.0, 900.0, 180.0, 720.0, 1080.0, 180.0, 1260.0, 180.0, 1080.0, 1260.0, 0]
Due_dates: [1440, 720.0, 1080.0, 360.0, 900.0, 1260.0, 360.0, 1440.0, 360.0, 1260.0, 1440.0, 1440]
Monitor_t: [60.0, 1.35, 1.35, 0.46, 0.46, 0.46, 1.12, 1.12, 2.39, 2.39, 2.39, 0.0]
~~~~~~~~~~~~~~~~~~~ Comparing the results ~~~~~~~~~~~~~~~~~~~
***** lp_Variables: 2792
***** lp_Constraints: 5094
***** lp_objective: 1030.58
***** lp_Sol_time: 16.958
     Drone (1):
          9          | 1          | 10         | 1          | 11        
s_times   20.22      | 45.03      | 125.25     | 150.06     | 230.28    
c_times   22.61      | 105.03     | 127.64     | 210.06     | 232.67    
travels   22.42      | 20.22      | 22.42      | 20.22      | 0.0       
charges   337.39     | 360.0      | 337.39     | 360.0      | 337.39    
~~~~~~~~~~~~~~~~~~~~~~~~~~~~~~~~~~~~~~~~~~
     Drone (2):
          4          | 1          | 6          | 1          | 8         
s_times   21.74      | 44.04      | 125.78     | 148.08     | 229.42    
c_times   22.2       | 104.04     | 126.24     | 208.08     | 230.54    
travels   21.84      | 21.74      | 21.84      | 21.34      | 0.0       
charges   337.8      | 360.0      | 337.8      | 360.0      | 337.54    
~~~~~~~~~~~~~~~~~~~~~~~~~~~~~~~~~~~~~~~~~~
     Drone (3):
          2          | 0          | 3          | 7          | 5         
s_times   18.63      | 19.98      | 19.98      | 23.22      | 27.1      
c_times   19.98      | 19.98      | 21.33      | 24.34      | 27.56     
travels   1.4        | 2.24       | 1.89       | 2.76       | 0.0       
charges   340.02     | 340.02     | 338.67     | 335.66     | 332.44    
~~~~~~~~~~~~~~~~~~~~~~~~~~~~~~~~~~~~~~~~~~
***** nlp_Variables: 227
***** nlp_Constraints: 112
***** nlp_objective: 1030.5799999999863
***** nlp_Sol_time: 30.032
     Drone (1):
          9          | 1          | 10         | 1          | 11        
s_times   20.22      | 45.03      | 125.25     | 150.06     | 230.28    
c_times   22.61      | 105.03     | 127.64     | 210.06     | 232.67    
travels   22.42      | 20.22      | 22.42      | 20.22      | 0.0       
charges   337.39     | 360.0      | 337.39     | 360.0      | 337.39    
~~~~~~~~~~~~~~~~~~~~~~~~~~~~~~~~~~~~~~~~~~
     Drone (2):
          7          | 2          | 1          | 6          | 3         
s_times   21.34      | 25.89      | 47.19      | 128.93     | 132.62    
c_times   22.46      | 27.24      | 107.19     | 129.39     | 133.97    
travels   3.43       | 19.95      | 21.74      | 3.23       | 0.0       
charges   337.54     | 332.76     | 360.0      | 337.8      | 333.22    
~~~~~~~~~~~~~~~~~~~~~~~~~~~~~~~~~~~~~~~~~~
     Drone (3):
          4          | 1          | 5          | 1          | 8         
s_times   21.74      | 44.04      | 125.78     | 148.08     | 229.42    
c_times   22.2       | 104.04     | 126.24     | 208.08     | 230.54    
travels   21.84      | 21.74      | 21.84      | 21.34      | 0.0       
charges   337.8      | 360.0      | 337.8      | 360.0      | 337.54    
~~~~~~~~~~~~~~~~~~~~~~~~~~~~~~~~~~~~~~~~~~
