~~~~~~~~~~~~~~~~~~~ [3, 'SB', 5, 360] ~~~~~~~~~~~~~~~~~~~
     seed: 1756212420844415999
 Families: [[1], [2, 3], [4, 5, 6], [7, 8], [9, 10, 11], [12]]
  i_times: [1140.0, 780.0, 60.0, 420.0]
Fam slots: [[0, 7], [0, 5, 7], [0, 1], [2, 5, 7]]
Ear_dates: [0, 0.0, 1260.0, 0.0, 900.0, 1260.0, 0.0, 180.0, 360.0, 900.0, 1260.0, 0]
Due_dates: [1440, 180.0, 1440.0, 180.0, 1080.0, 1440.0, 180.0, 360.0, 540.0, 1080.0, 1440.0, 1440]
Monitor_t: [60.0, 1.35, 1.35, 0.46, 0.46, 0.46, 1.12, 1.12, 2.39, 2.39, 2.39, 0.0]
~~~~~~~~~~~~~~~~~~~ Comparing the results ~~~~~~~~~~~~~~~~~~~
***** lp_Variables: 2792
***** lp_Constraints: 5094
***** lp_objective: 1113.7099999999994
***** lp_Sol_time: 107.633
     Drone (1):
          7          | 1          | 5          | 1          | 11        
s_times   21.34      | 43.46      | 125.2      | 147.5      | 227.72    
c_times   22.46      | 103.46     | 125.66     | 207.5      | 230.11    
travels   21.0       | 21.74      | 21.84      | 20.22      | 0.0       
charges   337.54     | 360.0      | 337.8      | 360.0      | 337.39    
~~~~~~~~~~~~~~~~~~~~~~~~~~~~~~~~~~~~~~~~~~
     Drone (2):
          4          | 1          | 2          | 1          | 3         
s_times   21.74      | 44.04      | 122.67     | 143.97     | 222.6     
c_times   22.2       | 104.04     | 124.02     | 203.97     | 223.95    
travels   21.84      | 18.63      | 19.95      | 18.63      | 0.0       
charges   337.8      | 360.0      | 340.02     | 360.0      | 340.02    
~~~~~~~~~~~~~~~~~~~~~~~~~~~~~~~~~~~~~~~~~~
     Drone (3):
          9          | 8          | 10         | 1          | 6         
s_times   20.22      | 29.89      | 39.74      | 64.55      | 146.29    
c_times   22.61      | 31.01      | 42.13      | 124.55     | 146.75    
travels   7.28       | 8.73       | 22.42      | 21.74      | 0.0       
charges   337.39     | 328.99     | 317.87     | 360.0      | 337.8     
~~~~~~~~~~~~~~~~~~~~~~~~~~~~~~~~~~~~~~~~~~
***** nlp_Variables: 227
***** nlp_Constraints: 112
***** nlp_objective: 1113.71
***** nlp_Sol_time: 33.382
     Drone (1):
          4          | 1          | 2          | 1          | 3         
s_times   21.74      | 44.04      | 122.67     | 143.97     | 222.6     
c_times   22.2       | 104.04     | 124.02     | 203.97     | 223.95    
travels   21.84      | 18.63      | 19.95      | 18.63      | 0.0       
charges   337.8      | 360.0      | 340.02     | 360.0      | 340.02    
~~~~~~~~~~~~~~~~~~~~~~~~~~~~~~~~~~~~~~~~~~
     Drone (2):
          9          | 8          | 10         | 1          | 6         
s_times   20.22      | 29.89      | 39.74      | 64.55      | 146.29    
c_times   22.61      | 31.01      | 42.13      | 124.55     | 146.75    
travels   7.28       | 8.73       | 22.42      | 21.74      | 0.0       
charges   337.39     | 328.99     | 317.87     | 360.0      | 337.8     
~~~~~~~~~~~~~~~~~~~~~~~~~~~~~~~~~~~~~~~~~~
     Drone (3):
          7          | 1          | 5          | 1          | 11        
s_times   21.34      | 43.46      | 125.2      | 147.5      | 227.72    
c_times   22.46      | 103.46     | 125.66     | 207.5      | 230.11    
travels   21.0       | 21.74      | 21.84      | 20.22      | 0.0       
charges   337.54     | 360.0      | 337.8      | 360.0      | 337.39    
~~~~~~~~~~~~~~~~~~~~~~~~~~~~~~~~~~~~~~~~~~
