~~~~~~~~~~~~~~~~~~~ [3, 'SB', 5, 360] ~~~~~~~~~~~~~~~~~~~
     seed: 3925465047589960536
 Families: [[1], [2, 3], [4, 5, 6], [7, 8], [9, 10, 11], [12]]
  i_times: [600.0, 420.0, 600.0, 780.0]
Fam slots: [[1, 5], [1, 3, 6], [2, 6], [1, 2, 7]]
Ear_dates: [0, 180.0, 900.0, 180.0, 540.0, 1080.0, 360.0, 1080.0, 180.0, 360.0, 1260.0, 0]
Due_dates: [1440, 360.0, 1080.0, 360.0, 720.0, 1260.0, 540.0, 1260.0, 360.0, 540.0, 1440.0, 1440]
Monitor_t: [60.0, 1.35, 1.35, 0.46, 0.46, 0.46, 1.12, 1.12, 2.39, 2.39, 2.39, 0.0]
~~~~~~~~~~~~~~~~~~~ Comparing the results ~~~~~~~~~~~~~~~~~~~
***** lp_Variables: 2792
***** lp_Constraints: 5094
***** lp_objective: 1029.72
***** lp_Sol_time: 8.099
     Drone (1):
          4          | 1          | 7          | 3          | 6         
s_times   21.74      | 44.04      | 125.38     | 129.93     | 133.09    
c_times   22.2       | 104.04     | 126.5      | 131.28     | 133.55    
travels   21.84      | 21.34      | 3.43       | 1.81       | 0.0       
charges   337.8      | 360.0      | 337.54     | 332.76     | 330.49    
~~~~~~~~~~~~~~~~~~~~~~~~~~~~~~~~~~~~~~~~~~
     Drone (2):
          9          | 1          | 10         | 1          | 11        
s_times   20.22      | 45.03      | 125.25     | 150.06     | 230.28    
c_times   22.61      | 105.03     | 127.64     | 210.06     | 232.67    
travels   22.42      | 20.22      | 22.42      | 20.22      | 0.0       
charges   337.39     | 360.0      | 337.39     | 360.0      | 337.39    
~~~~~~~~~~~~~~~~~~~~~~~~~~~~~~~~~~~~~~~~~~
     Drone (3):
          2          | 1          | 5          | 1          | 8         
s_times   18.63      | 39.93      | 121.67     | 143.97     | 225.31    
c_times   19.98      | 99.93      | 122.13     | 203.97     | 226.43    
travels   19.95      | 21.74      | 21.84      | 21.34      | 0.0       
charges   340.02     | 360.0      | 337.8      | 360.0      | 337.54    
~~~~~~~~~~~~~~~~~~~~~~~~~~~~~~~~~~~~~~~~~~
***** nlp_Variables: 227
***** nlp_Constraints: 112
***** nlp_objective: 1029.72
***** nlp_Sol_time: 6.453
     Drone (1):
          7          | 1          | 2          | 5          | 1         
s_times   21.34      | 43.46      | 122.09     | 125.25     | 147.55    
c_times   22.46      | 103.46     | 123.44     | 125.71     | 207.55    
travels   21.0       | 18.63      | 1.81       | 21.84      | 0.0       
charges   337.54     | 360.0      | 340.02     | 337.75     | 360.0     
~~~~~~~~~~~~~~~~~~~~~~~~~~~~~~~~~~~~~~~~~~
     Drone (2):
          4          | 1          | 8          | 3          | 6         
s_times   21.74      | 44.04      | 125.38     | 129.93     | 133.09    
c_times   22.2       | 104.04     | 126.5      | 131.28     | 133.55    
travels   21.84      | 21.34      | 3.43       | 1.81       | 0.0       
charges   337.8      | 360.0      | 337.54     | 332.76     | 330.49    
~~~~~~~~~~~~~~~~~~~~~~~~~~~~~~~~~~~~~~~~~~
     Drone (3):
          9          | 1          | 10         | 1          | 11        
s_times   20.22      | 45.03      | 125.25     | 150.06     | 230.28    
c_times   22.61      | 105.03     | 127.64     | 210.06     | 232.67    
travels   22.42      | 20.22      | 22.42      | 20.22      | 0.0       
charges   337.39     | 360.0      | 337.39     | 360.0      | 337.39    
~~~~~~~~~~~~~~~~~~~~~~~~~~~~~~~~~~~~~~~~~~
