~~~~~~~~~~~~~~~~~~~ [3, 'SB', 6, 360] ~~~~~~~~~~~~~~~~~~~
     seed: 5842917579678469337
 Families: [[1], [2, 3], [4, 5, 6], [7, 8], [9, 10, 11], [12]]
  i_times: [240.0, 420.0, 960.0, 780.0]
Fam slots: [[3, 5], [1, 4, 6], [1, 7], [1, 6, 7]]
Ear_dates: [0, 540.0, 900.0, 180.0, 720.0, 1080.0, 180.0, 1260.0, 180.0, 1080.0, 1260.0, 0]
Due_dates: [1440, 720.0, 1080.0, 360.0, 900.0, 1260.0, 360.0, 1440.0, 360.0, 1260.0, 1440.0, 1440]
Monitor_t: [60.0, 1.35, 1.35, 0.46, 0.46, 0.46, 1.12, 1.12, 2.39, 2.39, 2.39, 0.0]
~~~~~~~~~~~~~~~~~~~ Comparing the results ~~~~~~~~~~~~~~~~~~~
***** lp_Variables: 3350
***** lp_Constraints: 6282
***** lp_objective: 1020.7299999999997
***** lp_Sol_time: 179.353
     Drone (1):
          2          | 0          | 3          | 0          | 0          | 0         
s_times   18.63      | 19.98      | 19.98      | 21.33      | 21.33      | 21.33     
c_times   19.98      | 19.98      | 21.33      | 21.33      | 21.33      | 21.33     
travels   1.4        | 2.24       | 1.4        | 0.0        | 0.0        | 0.0       
charges   340.02     | 340.02     | 338.67     | 338.67     | 338.67     | 338.67    
~~~~~~~~~~~~~~~~~~~~~~~~~~~~~~~~~~~~~~~~~~
     Drone (2):
          4          | 1          | 5          | 1          | 7          | 11        
s_times   21.74      | 44.04      | 125.78     | 148.08     | 229.42     | 239.27    
c_times   22.2       | 104.04     | 126.24     | 208.08     | 230.54     | 241.66    
travels   21.84      | 21.74      | 21.84      | 21.34      | 8.73       | 0.0       
charges   337.8      | 360.0      | 337.8      | 360.0      | 337.54     | 326.42    
~~~~~~~~~~~~~~~~~~~~~~~~~~~~~~~~~~~~~~~~~~
     Drone (3):
          9          | 1          | 6          | 10         | 1          | 8         
s_times   20.22      | 45.03      | 126.77     | 133.32     | 158.13     | 239.47    
c_times   22.61      | 105.03     | 127.23     | 135.71     | 218.13     | 240.59    
travels   22.42      | 21.74      | 6.09       | 22.42      | 21.34      | 0.0       
charges   337.39     | 360.0      | 337.8      | 329.32     | 360.0      | 337.54    
~~~~~~~~~~~~~~~~~~~~~~~~~~~~~~~~~~~~~~~~~~
***** nlp_Variables: 272
***** nlp_Constraints: 130
***** nlp_objective: 1020.73
***** nlp_Sol_time: 286.539
     Drone (1):
          4          | 1          | 5          | 1          | 7          | 11        
s_times   21.74      | 44.04      | 125.78     | 148.08     | 229.42     | 239.27    
c_times   22.2       | 104.04     | 126.24     | 208.08     | 230.54     | 241.66    
travels   21.84      | 21.74      | 21.84      | 21.34      | 8.73       | 0.0       
charges   337.8      | 360.0      | 337.8      | 360.0      | 337.54     | 326.42    
~~~~~~~~~~~~~~~~~~~~~~~~~~~~~~~~~~~~~~~~~~
     Drone (2):
          0          | 0          | 2          | 12         | 3          | 12        
s_times   0.0        | 0.0        | 0.0        | 2.75       | 4.99       | 7.74      
c_times   0.0        | 0.0        | 1.35       | 2.75       | 6.34       | 7.74      
travels   0.0        | 2.24       | 1.4        | 2.24       | 1.4        | 0.0       
charges   360.0      | 360.0      | 358.65     | 357.25     | 353.66     | 352.26    
~~~~~~~~~~~~~~~~~~~~~~~~~~~~~~~~~~~~~~~~~~
     Drone (3):
          9          | 1          | 6          | 10         | 1          | 8         
s_times   20.22      | 45.03      | 126.77     | 133.32     | 158.13     | 239.47    
c_times   22.61      | 105.03     | 127.23     | 135.71     | 218.13     | 240.59    
travels   22.42      | 21.74      | 6.09       | 22.42      | 21.34      | 0.0       
charges   337.39     | 360.0      | 337.8      | 329.32     | 360.0      | 337.54    
~~~~~~~~~~~~~~~~~~~~~~~~~~~~~~~~~~~~~~~~~~
