~~~~~~~~~~~~~~~~~~~ [3, 'SB', 4, 360] ~~~~~~~~~~~~~~~~~~~
     seed: 3521775807566813241
 Families: [[1], [2, 3], [4, 5, 6], [7, 8], [9, 10, 11], [12]]
  i_times: [960.0, 600.0, 780.0, 600.0]
Fam slots: [[0, 6], [0, 4, 6], [0, 5], [0, 4, 7]]
Ear_dates: [0, 0.0, 1080.0, 0.0, 720.0, 1080.0, 0.0, 900.0, 0.0, 720.0, 1260.0, 0]
Due_dates: [1440, 180.0, 1260.0, 180.0, 900.0, 1260.0, 180.0, 1080.0, 180.0, 900.0, 1440.0, 1440]
Monitor_t: [60.0, 1.35, 1.35, 0.46, 0.46, 0.46, 1.12, 1.12, 2.39, 2.39, 2.39, 0.0]
~~~~~~~~~~~~~~~~~~~ Comparing the results ~~~~~~~~~~~~~~~~~~~
***** lp_Variables: 2234
***** lp_Constraints: 3906
***** lp_objective: 1123.78
***** lp_Sol_time: 3.558
     Drone (1):
          4          | 0          | 5          | 3         
s_times   21.74      | 22.2       | 22.2       | 25.89     
c_times   22.2       | 22.2       | 22.66      | 27.24     
travels   1.28       | 1.45       | 3.23       | 0.0       
charges   337.8      | 337.8      | 337.34     | 332.76    
~~~~~~~~~~~~~~~~~~~~~~~~~~~~~~~~~~~~~~~~~~
     Drone (2):
          2          | 7          | 10         | 6         
s_times   18.63      | 21.87      | 31.72      | 39.8      
c_times   19.98      | 22.99      | 34.11      | 40.26     
travels   1.89       | 8.73       | 5.69       | 0.0       
charges   340.02     | 337.01     | 325.89     | 319.74    
~~~~~~~~~~~~~~~~~~~~~~~~~~~~~~~~~~~~~~~~~~
     Drone (3):
          9          | 1          | 8          | 11        
s_times   20.22      | 45.03      | 126.37     | 136.22    
c_times   22.61      | 105.03     | 127.49     | 138.61    
travels   22.42      | 21.34      | 8.73       | 0.0       
charges   337.39     | 360.0      | 337.54     | 326.42    
~~~~~~~~~~~~~~~~~~~~~~~~~~~~~~~~~~~~~~~~~~
***** nlp_Variables: 182
***** nlp_Constraints: 94
***** nlp_objective: 1123.78
***** nlp_Sol_time: 9.112
     Drone (1):
          0          | 2          | 4          | 9         
s_times   0.0        | 0.0        | 3.16       | 9.71      
c_times   0.0        | 1.35       | 3.62       | 12.1      
travels   2.24       | 1.81       | 6.09       | 0.0       
charges   360.0      | 358.65     | 356.38     | 347.9     
~~~~~~~~~~~~~~~~~~~~~~~~~~~~~~~~~~~~~~~~~~
     Drone (2):
          7          | 5          | 3          | 6         
s_times   21.34      | 25.22      | 28.91      | 32.07     
c_times   22.46      | 25.68      | 30.26      | 32.53     
travels   2.76       | 3.23       | 1.81       | 0.0       
charges   337.54     | 334.32     | 329.74     | 327.47    
~~~~~~~~~~~~~~~~~~~~~~~~~~~~~~~~~~~~~~~~~~
     Drone (3):
          10         | 1          | 8          | 11        
s_times   20.22      | 45.03      | 126.37     | 136.22    
c_times   22.61      | 105.03     | 127.49     | 138.61    
travels   22.42      | 21.34      | 8.73       | 0.0       
charges   337.39     | 360.0      | 337.54     | 326.42    
~~~~~~~~~~~~~~~~~~~~~~~~~~~~~~~~~~~~~~~~~~
