~~~~~~~~~~~~~~~~~~~ [3, 'SB', 5, 240] ~~~~~~~~~~~~~~~~~~~
     seed: 3521775807566813241
 Families: [[1], [2, 3], [4, 5, 6], [7, 8], [9, 10, 11], [12]]
  i_times: [960.0, 600.0, 780.0, 600.0]
Fam slots: [[0, 6], [0, 4, 6], [0, 5], [0, 4, 7]]
Ear_dates: [0, 0.0, 1080.0, 0.0, 720.0, 1080.0, 0.0, 900.0, 0.0, 720.0, 1260.0, 0]
Due_dates: [1440, 180.0, 1260.0, 180.0, 900.0, 1260.0, 180.0, 1080.0, 180.0, 900.0, 1440.0, 1440]
Monitor_t: [60.0, 1.35, 1.35, 0.46, 0.46, 0.46, 1.12, 1.12, 2.39, 2.39, 2.39, 0.0]
~~~~~~~~~~~~~~~~~~~ Comparing the results ~~~~~~~~~~~~~~~~~~~
***** lp_Variables: 2792
***** lp_Constraints: 5094
***** lp_objective: 1029.7199999999998
***** lp_Sol_time: 6.867
     Drone (1):
          0          | 4          | 7          | 5          | 2         
s_times   0.0        | 0.0        | 2.56       | 6.44       | 10.13     
c_times   0.0        | 0.46       | 3.68       | 6.9        | 11.48     
travels   1.45       | 2.1        | 2.76       | 3.23       | 0.0       
charges   240.0      | 239.54     | 236.32     | 233.1      | 228.52    
~~~~~~~~~~~~~~~~~~~~~~~~~~~~~~~~~~~~~~~~~~
     Drone (2):
          9          | 1          | 10         | 1          | 11        
s_times   20.22      | 45.03      | 125.25     | 150.06     | 230.28    
c_times   22.61      | 105.03     | 127.64     | 210.06     | 232.67    
travels   22.42      | 20.22      | 22.42      | 20.22      | 0.0       
charges   217.39     | 240.0      | 217.39     | 240.0      | 217.39    
~~~~~~~~~~~~~~~~~~~~~~~~~~~~~~~~~~~~~~~~~~
     Drone (3):
          8          | 1          | 6          | 0          | 3         
s_times   21.34      | 43.46      | 125.2      | 125.66     | 125.66    
c_times   22.46      | 103.46     | 125.66     | 125.66     | 127.01    
travels   21.0       | 21.74      | 1.28       | 2.24       | 0.0       
charges   217.54     | 240.0      | 217.8      | 217.8      | 216.45    
~~~~~~~~~~~~~~~~~~~~~~~~~~~~~~~~~~~~~~~~~~
***** nlp_Variables: 227
***** nlp_Constraints: 112
***** nlp_objective: 1029.719999999995
***** nlp_Sol_time: 12.669
     Drone (1):
          5          | 1          | 8          | 3          | 6         
s_times   21.74      | 44.04      | 125.38     | 129.93     | 133.09    
c_times   22.2       | 104.04     | 126.5      | 131.28     | 133.55    
travels   21.84      | 21.34      | 3.43       | 1.81       | 0.0       
charges   217.8      | 240.0      | 217.54     | 212.76     | 210.49    
~~~~~~~~~~~~~~~~~~~~~~~~~~~~~~~~~~~~~~~~~~
     Drone (2):
          9          | 1          | 10         | 1          | 11        
s_times   20.22      | 45.03      | 125.25     | 150.06     | 230.28    
c_times   22.61      | 105.03     | 127.64     | 210.06     | 232.67    
travels   22.42      | 20.22      | 22.42      | 20.22      | 0.0       
charges   217.39     | 240.0      | 217.39     | 240.0      | 217.39    
~~~~~~~~~~~~~~~~~~~~~~~~~~~~~~~~~~~~~~~~~~
     Drone (3):
          0          | 0          | 7          | 4          | 2         
s_times   0.0        | 0.0        | 0.0        | 3.88       | 7.57      
c_times   0.0        | 0.0        | 1.12       | 4.34       | 8.92      
travels   0.0        | 2.62       | 2.76       | 3.23       | 0.0       
charges   240.0      | 240.0      | 238.88     | 235.66     | 231.08    
~~~~~~~~~~~~~~~~~~~~~~~~~~~~~~~~~~~~~~~~~~
