~~~~~~~~~~~~~~~~~~~ [3, 'SB', 5, 120] ~~~~~~~~~~~~~~~~~~~
     seed: 3925465047589960536
 Families: [[1], [2, 3], [4, 5, 6], [7, 8], [9, 10, 11], [12]]
  i_times: [600.0, 420.0, 600.0, 780.0]
Fam slots: [[1, 5], [1, 3, 6], [2, 6], [1, 2, 7]]
Ear_dates: [0, 180.0, 900.0, 180.0, 540.0, 1080.0, 360.0, 1080.0, 180.0, 360.0, 1260.0, 0]
Due_dates: [1440, 360.0, 1080.0, 360.0, 720.0, 1260.0, 540.0, 1260.0, 360.0, 540.0, 1440.0, 1440]
Monitor_t: [60.0, 1.35, 1.35, 0.46, 0.46, 0.46, 1.12, 1.12, 2.39, 2.39, 2.39, 0.0]
~~~~~~~~~~~~~~~~~~~ Comparing the results ~~~~~~~~~~~~~~~~~~~
***** lp_Variables: 2792
***** lp_Constraints: 5094
***** lp_objective: 1029.72
***** lp_Sol_time: 5.114
     Drone (1):
          9          | 1          | 10         | 1          | 11        
s_times   20.22      | 45.03      | 125.25     | 150.06     | 230.28    
c_times   22.61      | 105.03     | 127.64     | 210.06     | 232.67    
travels   22.42      | 20.22      | 22.42      | 20.22      | 0.0       
charges   97.39      | 120.0      | 97.39      | 120.0      | 97.39     
~~~~~~~~~~~~~~~~~~~~~~~~~~~~~~~~~~~~~~~~~~
     Drone (2):
          0          | 4          | 7          | 1          | 3         
s_times   0.0        | 0.0        | 2.56       | 24.68      | 103.31    
c_times   0.0        | 0.46       | 3.68       | 84.68      | 104.66    
travels   1.45       | 2.1        | 21.0       | 18.63      | 0.0       
charges   120.0      | 119.54     | 116.32     | 120.0      | 100.02    
~~~~~~~~~~~~~~~~~~~~~~~~~~~~~~~~~~~~~~~~~~
     Drone (3):
          2          | 1          | 5          | 8          | 6         
s_times   18.63      | 39.93      | 121.67     | 124.23     | 128.11    
c_times   19.98      | 99.93      | 122.13     | 125.35     | 128.57    
travels   19.95      | 21.74      | 2.1        | 2.76       | 0.0       
charges   100.02     | 120.0      | 97.8       | 94.58      | 91.36     
~~~~~~~~~~~~~~~~~~~~~~~~~~~~~~~~~~~~~~~~~~
***** nlp_Variables: 227
***** nlp_Constraints: 112
***** nlp_objective: 1029.72
***** nlp_Sol_time: 15.84
     Drone (1):
          7          | 1          | 5          | 1          | 3         
s_times   21.34      | 43.46      | 125.2      | 147.5      | 226.13    
c_times   22.46      | 103.46     | 125.66     | 207.5      | 227.48    
travels   21.0       | 21.74      | 21.84      | 18.63      | 0.0       
charges   97.54      | 120.0      | 97.8       | 120.0      | 100.02    
~~~~~~~~~~~~~~~~~~~~~~~~~~~~~~~~~~~~~~~~~~
     Drone (2):
          9          | 1          | 10         | 1          | 11        
s_times   20.22      | 45.03      | 125.25     | 150.06     | 230.28    
c_times   22.61      | 105.03     | 127.64     | 210.06     | 232.67    
travels   22.42      | 20.22      | 22.42      | 20.22      | 0.0       
charges   97.39      | 120.0      | 97.39      | 120.0      | 97.39     
~~~~~~~~~~~~~~~~~~~~~~~~~~~~~~~~~~~~~~~~~~
     Drone (3):
          2          | 1          | 4          | 8          | 6         
s_times   18.63      | 39.93      | 121.67     | 124.23     | 128.11    
c_times   19.98      | 99.93      | 122.13     | 125.35     | 128.57    
travels   19.95      | 21.74      | 2.1        | 2.76       | 0.0       
charges   100.02     | 120.0      | 97.8       | 94.58      | 91.36     
~~~~~~~~~~~~~~~~~~~~~~~~~~~~~~~~~~~~~~~~~~
