~~~~~~~~~~~~~~~~~~~ [3, 'SB', 5, 360] ~~~~~~~~~~~~~~~~~~~
     seed: 946622183561993134
 Families: [[1], [2, 3], [4, 5, 6], [7, 8], [9, 10, 11], [12]]
  i_times: [240.0, 60.0, 240.0, 240.0]
Fam slots: [[5, 7], [5, 6, 7], [5, 7], [0, 1, 3]]
Ear_dates: [0, 900.0, 1260.0, 900.0, 1080.0, 1260.0, 900.0, 1260.0, 0.0, 180.0, 540.0, 0]
Due_dates: [1440, 1080.0, 1440.0, 1080.0, 1260.0, 1440.0, 1080.0, 1440.0, 180.0, 360.0, 720.0, 1440]
Monitor_t: [60.0, 1.35, 1.35, 0.46, 0.46, 0.46, 1.12, 1.12, 2.39, 2.39, 2.39, 0.0]
~~~~~~~~~~~~~~~~~~~ Comparing the results ~~~~~~~~~~~~~~~~~~~
***** lp_Variables: 2792
***** lp_Constraints: 5094
***** lp_objective: 1115.7
***** lp_Sol_time: 96.384
     Drone (1):
          7          | 10         | 1          | 11         | 6         
s_times   21.34      | 31.19      | 56.0       | 136.22     | 144.3     
c_times   22.46      | 33.58      | 116.0      | 138.61     | 144.76    
travels   8.73       | 22.42      | 20.22      | 5.69       | 0.0       
charges   337.54     | 326.42     | 360.0      | 337.39     | 331.24    
~~~~~~~~~~~~~~~~~~~~~~~~~~~~~~~~~~~~~~~~~~
     Drone (2):
          2          | 1          | 4          | 1          | 8         
s_times   18.63      | 39.93      | 121.67     | 143.97     | 225.31    
c_times   19.98      | 99.93      | 122.13     | 203.97     | 226.43    
travels   19.95      | 21.74      | 21.84      | 21.34      | 0.0       
charges   340.02     | 360.0      | 337.8      | 360.0      | 337.54    
~~~~~~~~~~~~~~~~~~~~~~~~~~~~~~~~~~~~~~~~~~
     Drone (3):
          9          | 1          | 5          | 1          | 3         
s_times   20.22      | 45.03      | 126.77     | 149.07     | 227.7     
c_times   22.61      | 105.03     | 127.23     | 209.07     | 229.05    
travels   22.42      | 21.74      | 21.84      | 18.63      | 0.0       
charges   337.39     | 360.0      | 337.8      | 360.0      | 340.02    
~~~~~~~~~~~~~~~~~~~~~~~~~~~~~~~~~~~~~~~~~~
***** nlp_Variables: 227
***** nlp_Constraints: 112
***** nlp_objective: 1115.7
***** nlp_Sol_time: 74.952
     Drone (1):
          7          | 10         | 1          | 11         | 6         
s_times   21.34      | 31.19      | 56.0       | 136.22     | 144.3     
c_times   22.46      | 33.58      | 116.0      | 138.61     | 144.76    
travels   8.73       | 22.42      | 20.22      | 5.69       | 0.0       
charges   337.54     | 326.42     | 360.0      | 337.39     | 331.24    
~~~~~~~~~~~~~~~~~~~~~~~~~~~~~~~~~~~~~~~~~~
     Drone (2):
          9          | 1          | 5          | 1          | 8         
s_times   20.22      | 45.03      | 126.77     | 149.07     | 230.41    
c_times   22.61      | 105.03     | 127.23     | 209.07     | 231.53    
travels   22.42      | 21.74      | 21.84      | 21.34      | 0.0       
charges   337.39     | 360.0      | 337.8      | 360.0      | 337.54    
~~~~~~~~~~~~~~~~~~~~~~~~~~~~~~~~~~~~~~~~~~
     Drone (3):
          2          | 1          | 4          | 1          | 3         
s_times   18.63      | 39.93      | 121.67     | 143.97     | 222.6     
c_times   19.98      | 99.93      | 122.13     | 203.97     | 223.95    
travels   19.95      | 21.74      | 21.84      | 18.63      | 0.0       
charges   340.02     | 360.0      | 337.8      | 360.0      | 340.02    
~~~~~~~~~~~~~~~~~~~~~~~~~~~~~~~~~~~~~~~~~~
