~~~~~~~~~~~~~~~~~~~ [3, 'SB', 6, 360] ~~~~~~~~~~~~~~~~~~~
     seed: 1756212420844415999
 Families: [[1], [2, 3], [4, 5, 6], [7, 8], [9, 10, 11], [12]]
  i_times: [1140.0, 780.0, 60.0, 420.0]
Fam slots: [[0, 7], [0, 5, 7], [0, 1], [2, 5, 7]]
Ear_dates: [0, 0.0, 1260.0, 0.0, 900.0, 1260.0, 0.0, 180.0, 360.0, 900.0, 1260.0, 0]
Due_dates: [1440, 180.0, 1440.0, 180.0, 1080.0, 1440.0, 180.0, 360.0, 540.0, 1080.0, 1440.0, 1440]
Monitor_t: [60.0, 1.35, 1.35, 0.46, 0.46, 0.46, 1.12, 1.12, 2.39, 2.39, 2.39, 0.0]
~~~~~~~~~~~~~~~~~~~ Comparing the results ~~~~~~~~~~~~~~~~~~~
***** lp_Variables: 3350
***** lp_Constraints: 6282
***** lp_objective: 1025.85
***** lp_Sol_time: 459.806
     Drone (1):
          2          | 9          | 1          | 12         | 1          | 6         
s_times   18.63      | 26.24      | 51.05      | 131.73     | 152.41     | 234.15    
c_times   19.98      | 28.63      | 111.05     | 131.73     | 212.41     | 234.61    
travels   6.26       | 22.42      | 20.68      | 20.68      | 21.74      | 0.0       
charges   340.02     | 331.37     | 360.0      | 339.32     | 360.0      | 337.8     
~~~~~~~~~~~~~~~~~~~~~~~~~~~~~~~~~~~~~~~~~~
     Drone (2):
          12         | 1          | 7          | 10         | 1          | 3         
s_times   20.68      | 41.36      | 122.7      | 132.55     | 157.36     | 235.99    
c_times   20.68      | 101.36     | 123.82     | 134.94     | 217.36     | 237.34    
travels   20.68      | 21.34      | 8.73       | 22.42      | 18.63      | 0.0       
charges   339.32     | 360.0      | 337.54     | 326.42     | 360.0      | 340.02    
~~~~~~~~~~~~~~~~~~~~~~~~~~~~~~~~~~~~~~~~~~
     Drone (3):
          4          | 1          | 8          | 1          | 5          | 11        
s_times   21.74      | 44.04      | 125.38     | 147.5      | 229.24     | 235.79    
c_times   22.2       | 104.04     | 126.5      | 207.5      | 229.7      | 238.18    
travels   21.84      | 21.34      | 21.0       | 21.74      | 6.09       | 0.0       
charges   337.8      | 360.0      | 337.54     | 360.0      | 337.8      | 329.32    
~~~~~~~~~~~~~~~~~~~~~~~~~~~~~~~~~~~~~~~~~~
***** nlp_Variables: 272
***** nlp_Constraints: 130
***** nlp_objective: 1025.85
***** nlp_Sol_time: 336.502
     Drone (1):
          4          | 1          | 8          | 1          | 5          | 11        
s_times   21.74      | 44.04      | 125.38     | 147.5      | 229.24     | 235.79    
c_times   22.2       | 104.04     | 126.5      | 207.5      | 229.7      | 238.18    
travels   21.84      | 21.34      | 21.0       | 21.74      | 6.09       | 0.0       
charges   337.8      | 360.0      | 337.54     | 360.0      | 337.8      | 329.32    
~~~~~~~~~~~~~~~~~~~~~~~~~~~~~~~~~~~~~~~~~~
     Drone (2):
          12         | 1          | 7          | 10         | 1          | 3         
s_times   20.68      | 41.36      | 122.7      | 132.55     | 157.36     | 235.99    
c_times   20.68      | 101.36     | 123.82     | 134.94     | 217.36     | 237.34    
travels   20.68      | 21.34      | 8.73       | 22.42      | 18.63      | 0.0       
charges   339.32     | 360.0      | 337.54     | 326.42     | 360.0      | 340.02    
~~~~~~~~~~~~~~~~~~~~~~~~~~~~~~~~~~~~~~~~~~
     Drone (3):
          2          | 9          | 1          | 12         | 1          | 6         
s_times   18.63      | 26.24      | 51.05      | 131.73     | 152.41     | 234.15    
c_times   19.98      | 28.63      | 111.05     | 131.73     | 212.41     | 234.61    
travels   6.26       | 22.42      | 20.68      | 20.68      | 21.74      | 0.0       
charges   340.02     | 331.37     | 360.0      | 339.32     | 360.0      | 337.8     
~~~~~~~~~~~~~~~~~~~~~~~~~~~~~~~~~~~~~~~~~~
