~~~~~~~~~~~~~~~~~~~ [3, 'SB', 6, 360] ~~~~~~~~~~~~~~~~~~~
     seed: 946622183561993134
 Families: [[1], [2, 3], [4, 5, 6], [7, 8], [9, 10, 11], [12]]
  i_times: [240.0, 60.0, 240.0, 240.0]
Fam slots: [[5, 7], [5, 6, 7], [5, 7], [0, 1, 3]]
Ear_dates: [0, 900.0, 1260.0, 900.0, 1080.0, 1260.0, 900.0, 1260.0, 0.0, 180.0, 540.0, 0]
Due_dates: [1440, 1080.0, 1440.0, 1080.0, 1260.0, 1440.0, 1080.0, 1440.0, 180.0, 360.0, 720.0, 1440]
Monitor_t: [60.0, 1.35, 1.35, 0.46, 0.46, 0.46, 1.12, 1.12, 2.39, 2.39, 2.39, 0.0]
~~~~~~~~~~~~~~~~~~~ Comparing the results ~~~~~~~~~~~~~~~~~~~
***** lp_Variables: 3350
***** lp_Constraints: 6282
***** lp_objective: 1028.179999999998
***** lp_Sol_time: 59.173
     Drone (1):
          2          | 10         | 1          | 12         | 1          | 6         
s_times   18.63      | 26.24      | 51.05      | 131.73     | 152.41     | 234.15    
c_times   19.98      | 28.63      | 111.05     | 131.73     | 212.41     | 234.61    
travels   6.26       | 22.42      | 20.68      | 20.68      | 21.74      | 0.0       
charges   340.02     | 331.37     | 360.0      | 339.32     | 360.0      | 337.8     
~~~~~~~~~~~~~~~~~~~~~~~~~~~~~~~~~~~~~~~~~~
     Drone (2):
          9          | 1          | 7          | 1          | 5          | 8         
s_times   20.22      | 45.03      | 126.37     | 148.49     | 230.23     | 232.79    
c_times   22.61      | 105.03     | 127.49     | 208.49     | 230.69     | 233.91    
travels   22.42      | 21.34      | 21.0       | 21.74      | 2.1        | 0.0       
charges   337.39     | 360.0      | 337.54     | 360.0      | 337.8      | 334.58    
~~~~~~~~~~~~~~~~~~~~~~~~~~~~~~~~~~~~~~~~~~
     Drone (3):
          12         | 1          | 11         | 1          | 4          | 3         
s_times   20.68      | 41.36      | 121.58     | 146.39     | 228.13     | 231.82    
c_times   20.68      | 101.36     | 123.97     | 206.39     | 228.59     | 233.17    
travels   20.68      | 20.22      | 22.42      | 21.74      | 3.23       | 0.0       
charges   339.32     | 360.0      | 337.39     | 360.0      | 337.8      | 333.22    
~~~~~~~~~~~~~~~~~~~~~~~~~~~~~~~~~~~~~~~~~~
***** nlp_Variables: 272
***** nlp_Constraints: 130
***** nlp_objective: 1028.1799999999992
***** nlp_Sol_time: 52.663
     Drone (1):
          9          | 1          | 12         | 1          | 4          | 3         
s_times   20.22      | 45.03      | 125.71     | 146.39     | 228.13     | 231.82    
c_times   22.61      | 105.03     | 125.71     | 206.39     | 228.59     | 233.17    
travels   22.42      | 20.68      | 20.68      | 21.74      | 3.23       | 0.0       
charges   337.39     | 360.0      | 339.32     | 360.0      | 337.8      | 333.22    
~~~~~~~~~~~~~~~~~~~~~~~~~~~~~~~~~~~~~~~~~~
     Drone (2):
          2          | 10         | 1          | 12         | 1          | 6         
s_times   18.63      | 26.24      | 51.05      | 131.73     | 152.41     | 234.15    
c_times   19.98      | 28.63      | 111.05     | 131.73     | 212.41     | 234.61    
travels   6.26       | 22.42      | 20.68      | 20.68      | 21.74      | 0.0       
charges   340.02     | 331.37     | 360.0      | 339.32     | 360.0      | 337.8     
~~~~~~~~~~~~~~~~~~~~~~~~~~~~~~~~~~~~~~~~~~
     Drone (3):
          7          | 1          | 11         | 1          | 5          | 8         
s_times   21.34      | 43.46      | 123.68     | 148.49     | 230.23     | 232.79    
c_times   22.46      | 103.46     | 126.07     | 208.49     | 230.69     | 233.91    
travels   21.0       | 20.22      | 22.42      | 21.74      | 2.1        | 0.0       
charges   337.54     | 360.0      | 337.39     | 360.0      | 337.8      | 334.58    
~~~~~~~~~~~~~~~~~~~~~~~~~~~~~~~~~~~~~~~~~~
