~~~~~~~~~~~~~~~~~~~ [3, 'SB', 5, 360] ~~~~~~~~~~~~~~~~~~~
     seed: 294783262169012656
 Families: [[1], [2, 3], [4, 5, 6], [7, 8], [9, 10, 11], [12]]
  i_times: [600.0, 420.0, 420.0, 420.0]
Fam slots: [[3, 7], [1, 3, 6], [1, 4], [1, 2, 5]]
Ear_dates: [0, 540.0, 1260.0, 180.0, 540.0, 1080.0, 180.0, 720.0, 180.0, 360.0, 900.0, 0]
Due_dates: [1440, 720.0, 1440.0, 360.0, 720.0, 1260.0, 360.0, 900.0, 360.0, 540.0, 1080.0, 1440]
Monitor_t: [60.0, 1.35, 1.35, 0.46, 0.46, 0.46, 1.12, 1.12, 2.39, 2.39, 2.39, 0.0]
~~~~~~~~~~~~~~~~~~~ Comparing the results ~~~~~~~~~~~~~~~~~~~
***** lp_Variables: 2792
***** lp_Constraints: 5094
***** lp_objective: 1031.31
***** lp_Sol_time: 11.428
     Drone (1):
          9          | 1          | 10         | 1          | 3         
s_times   20.22      | 45.03      | 125.25     | 150.06     | 228.69    
c_times   22.61      | 105.03     | 127.64     | 210.06     | 230.04    
travels   22.42      | 20.22      | 22.42      | 18.63      | 0.0       
charges   337.39     | 360.0      | 337.39     | 360.0      | 340.02    
~~~~~~~~~~~~~~~~~~~~~~~~~~~~~~~~~~~~~~~~~~
     Drone (2):
          7          | 5          | 1          | 2          | 6         
s_times   21.34      | 25.22      | 47.52      | 126.15     | 129.31    
c_times   22.46      | 25.68      | 107.52     | 127.5      | 129.77    
travels   2.76       | 21.84      | 18.63      | 1.81       | 0.0       
charges   337.54     | 334.32     | 360.0      | 340.02     | 337.75    
~~~~~~~~~~~~~~~~~~~~~~~~~~~~~~~~~~~~~~~~~~
     Drone (3):
          4          | 1          | 8          | 11         | 0         
s_times   21.74      | 44.04      | 125.38     | 135.23     | 137.62    
c_times   22.2       | 104.04     | 126.5      | 137.62     | 137.62    
travels   21.84      | 21.34      | 8.73       | 4.84       | 0.0       
charges   337.8      | 360.0      | 337.54     | 326.42     | 326.42    
~~~~~~~~~~~~~~~~~~~~~~~~~~~~~~~~~~~~~~~~~~
***** nlp_Variables: 227
***** nlp_Constraints: 112
***** nlp_objective: 1031.31
***** nlp_Sol_time: 14.524
     Drone (1):
          4          | 1          | 8          | 2          | 11        
s_times   21.74      | 44.04      | 125.38     | 129.93     | 137.54    
c_times   22.2       | 104.04     | 126.5      | 131.28     | 139.93    
travels   21.84      | 21.34      | 3.43       | 6.26       | 0.0       
charges   337.8      | 360.0      | 337.54     | 332.76     | 324.11    
~~~~~~~~~~~~~~~~~~~~~~~~~~~~~~~~~~~~~~~~~~
     Drone (2):
          9          | 1          | 10         | 1          | 3         
s_times   20.22      | 45.03      | 125.25     | 150.06     | 228.69    
c_times   22.61      | 105.03     | 127.64     | 210.06     | 230.04    
travels   22.42      | 20.22      | 22.42      | 18.63      | 0.0       
charges   337.39     | 360.0      | 337.39     | 360.0      | 340.02    
~~~~~~~~~~~~~~~~~~~~~~~~~~~~~~~~~~~~~~~~~~
     Drone (3):
          0          | 1          | 5          | 7          | 6         
s_times   0.0        | 0.0        | 81.74      | 84.3       | 88.18     
c_times   0.0        | 60.0       | 82.2       | 85.42      | 88.64     
travels   20.68      | 21.74      | 2.1        | 2.76       | 0.0       
charges   360.0      | 360.0      | 337.8      | 334.58     | 331.36    
~~~~~~~~~~~~~~~~~~~~~~~~~~~~~~~~~~~~~~~~~~
