~~~~~~~~~~~~~~~~~~~ [3, 'SB', 6, 360] ~~~~~~~~~~~~~~~~~~~
     seed: 294783262169012656
 Families: [[1], [2, 3], [4, 5, 6], [7, 8], [9, 10, 11], [12]]
  i_times: [600.0, 420.0, 420.0, 420.0]
Fam slots: [[3, 7], [1, 3, 6], [1, 4], [1, 2, 5]]
Ear_dates: [0, 540.0, 1260.0, 180.0, 540.0, 1080.0, 180.0, 720.0, 180.0, 360.0, 900.0, 0]
Due_dates: [1440, 720.0, 1440.0, 360.0, 720.0, 1260.0, 360.0, 900.0, 360.0, 540.0, 1080.0, 1440]
Monitor_t: [60.0, 1.35, 1.35, 0.46, 0.46, 0.46, 1.12, 1.12, 2.39, 2.39, 2.39, 0.0]
~~~~~~~~~~~~~~~~~~~ Comparing the results ~~~~~~~~~~~~~~~~~~~
***** lp_Variables: 3350
***** lp_Constraints: 6282
***** lp_objective: 1020.3399999999996
***** lp_Sol_time: 57.064
     Drone (1):
          0          | 1          | 4          | 8          | 5          | 0         
s_times   0.0        | 0.0        | 81.74      | 84.3       | 88.18      | 88.64     
c_times   0.0        | 60.0       | 82.2       | 85.42      | 88.64      | 88.64     
travels   20.68      | 21.74      | 2.1        | 2.76       | 1.28       | 0.0       
charges   360.0      | 360.0      | 337.8      | 334.58     | 331.36     | 331.36    
~~~~~~~~~~~~~~~~~~~~~~~~~~~~~~~~~~~~~~~~~~
     Drone (2):
          2          | 1          | 0          | 1          | 11         | 6         
s_times   18.63      | 39.93      | 99.93      | 99.93      | 180.15     | 188.23    
c_times   19.98      | 99.93      | 99.93      | 159.93     | 182.54     | 188.69    
travels   19.95      | 20.68      | 20.68      | 20.22      | 5.69       | 0.0       
charges   340.02     | 360.0      | 360.0      | 360.0      | 337.39     | 331.24    
~~~~~~~~~~~~~~~~~~~~~~~~~~~~~~~~~~~~~~~~~~
     Drone (3):
          7          | 9          | 1          | 10         | 1          | 3         
s_times   21.34      | 31.19      | 56.0       | 136.22     | 161.03     | 239.66    
c_times   22.46      | 33.58      | 116.0      | 138.61     | 221.03     | 241.01    
travels   8.73       | 22.42      | 20.22      | 22.42      | 18.63      | 0.0       
charges   337.54     | 326.42     | 360.0      | 337.39     | 360.0      | 340.02    
~~~~~~~~~~~~~~~~~~~~~~~~~~~~~~~~~~~~~~~~~~
***** nlp_Variables: 272
***** nlp_Constraints: 130
***** nlp_objective: 1020.3400000000012
***** nlp_Sol_time: 41.781
     Drone (1):
          0          | 1          | 4          | 1          | 2          | 6         
s_times   0.0        | 0.0        | 81.74      | 104.04     | 182.67     | 185.83    
c_times   0.0        | 60.0       | 82.2       | 164.04     | 184.02     | 186.29    
travels   20.68      | 21.74      | 21.84      | 18.63      | 1.81       | 0.0       
charges   360.0      | 360.0      | 337.8      | 360.0      | 340.02     | 337.75    
~~~~~~~~~~~~~~~~~~~~~~~~~~~~~~~~~~~~~~~~~~
     Drone (2):
          12         | 1          | 5          | 1          | 8          | 11        
s_times   20.68      | 41.36      | 123.1      | 145.4      | 226.74     | 236.59    
c_times   20.68      | 101.36     | 123.56     | 205.4      | 227.86     | 238.98    
travels   20.68      | 21.74      | 21.84      | 21.34      | 8.73       | 0.0       
charges   339.32     | 360.0      | 337.8      | 360.0      | 337.54     | 326.42    
~~~~~~~~~~~~~~~~~~~~~~~~~~~~~~~~~~~~~~~~~~
     Drone (3):
          9          | 1          | 7          | 10         | 1          | 3         
s_times   20.22      | 45.03      | 126.37     | 136.22     | 161.03     | 239.66    
c_times   22.61      | 105.03     | 127.49     | 138.61     | 221.03     | 241.01    
travels   22.42      | 21.34      | 8.73       | 22.42      | 18.63      | 0.0       
charges   337.39     | 360.0      | 337.54     | 326.42     | 360.0      | 340.02    
~~~~~~~~~~~~~~~~~~~~~~~~~~~~~~~~~~~~~~~~~~
