~~~~~~~~~~~~~~~~~~~ [3, 'SB', 4, 360] ~~~~~~~~~~~~~~~~~~~
     seed: 5434789834338051980
 Families: [[1], [2, 3], [4, 5, 6], [7, 8], [9, 10, 11], [12]]
  i_times: [60.0, 420.0, 780.0, 780.0]
Fam slots: [[0, 1], [2, 4, 7], [1, 6], [0, 5, 7]]
Ear_dates: [0, 0.0, 180.0, 360.0, 720.0, 1260.0, 180.0, 1080.0, 0.0, 900.0, 1260.0, 0]
Due_dates: [1440, 180.0, 360.0, 540.0, 900.0, 1440.0, 360.0, 1260.0, 180.0, 1080.0, 1440.0, 1440]
Monitor_t: [60.0, 1.35, 1.35, 0.46, 0.46, 0.46, 1.12, 1.12, 2.39, 2.39, 2.39, 0.0]
~~~~~~~~~~~~~~~~~~~ Comparing the results ~~~~~~~~~~~~~~~~~~~
***** lp_Variables: 2234
***** lp_Constraints: 3906
***** lp_objective: 1123.7799999999995
***** lp_Sol_time: 15.014
     Drone (1):
          4          | 2          | 5          | 3         
s_times   21.74      | 25.43      | 28.59      | 32.28     
c_times   22.2       | 26.78      | 29.05      | 33.63     
travels   3.23       | 1.81       | 3.23       | 0.0       
charges   337.8      | 333.22     | 330.95     | 326.37    
~~~~~~~~~~~~~~~~~~~~~~~~~~~~~~~~~~~~~~~~~~
     Drone (2):
          7          | 10         | 1          | 6         
s_times   21.34      | 31.19      | 56.0       | 137.74    
c_times   22.46      | 33.58      | 116.0      | 138.2     
travels   8.73       | 22.42      | 21.74      | 0.0       
charges   337.54     | 326.42     | 360.0      | 337.8     
~~~~~~~~~~~~~~~~~~~~~~~~~~~~~~~~~~~~~~~~~~
     Drone (3):
          9          | 1          | 8          | 11        
s_times   20.22      | 45.03      | 126.37     | 136.22    
c_times   22.61      | 105.03     | 127.49     | 138.61    
travels   22.42      | 21.34      | 8.73       | 0.0       
charges   337.39     | 360.0      | 337.54     | 326.42    
~~~~~~~~~~~~~~~~~~~~~~~~~~~~~~~~~~~~~~~~~~
***** nlp_Variables: 182
***** nlp_Constraints: 94
***** nlp_objective: 1123.78
***** nlp_Sol_time: 12.889
     Drone (1):
          7          | 10         | 1          | 6         
s_times   21.34      | 31.19      | 56.0       | 137.74    
c_times   22.46      | 33.58      | 116.0      | 138.2     
travels   8.73       | 22.42      | 21.74      | 0.0       
charges   337.54     | 326.42     | 360.0      | 337.8     
~~~~~~~~~~~~~~~~~~~~~~~~~~~~~~~~~~~~~~~~~~
     Drone (2):
          2          | 4          | 3          | 5         
s_times   18.63      | 21.79      | 25.48      | 28.64     
c_times   19.98      | 22.25      | 26.83      | 29.1      
travels   1.81       | 3.23       | 1.81       | 0.0       
charges   340.02     | 337.75     | 333.17     | 330.9     
~~~~~~~~~~~~~~~~~~~~~~~~~~~~~~~~~~~~~~~~~~
     Drone (3):
          9          | 1          | 8          | 11        
s_times   20.22      | 45.03      | 126.37     | 136.22    
c_times   22.61      | 105.03     | 127.49     | 138.61    
travels   22.42      | 21.34      | 8.73       | 0.0       
charges   337.39     | 360.0      | 337.54     | 326.42    
~~~~~~~~~~~~~~~~~~~~~~~~~~~~~~~~~~~~~~~~~~
