~~~~~~~~~~~~~~~~~~~ [3, 'SB', 5, 120] ~~~~~~~~~~~~~~~~~~~
     seed: 7355049983161008923
 Families: [[1], [2, 3], [4, 5, 6], [7, 8], [9, 10, 11], [12]]
  i_times: [600.0, 600.0, 240.0, 600.0]
Fam slots: [[1, 5], [0, 2, 6], [3, 5], [1, 3, 7]]
Ear_dates: [0, 180.0, 900.0, 0.0, 360.0, 1080.0, 540.0, 900.0, 180.0, 540.0, 1260.0, 0]
Due_dates: [1440, 360.0, 1080.0, 180.0, 540.0, 1260.0, 720.0, 1080.0, 360.0, 720.0, 1440.0, 1440]
Monitor_t: [60.0, 1.35, 1.35, 0.46, 0.46, 0.46, 1.12, 1.12, 2.39, 2.39, 2.39, 0.0]
~~~~~~~~~~~~~~~~~~~ Comparing the results ~~~~~~~~~~~~~~~~~~~
***** lp_Variables: 2792
***** lp_Constraints: 5094
***** lp_objective: 1029.7199999999996
***** lp_Sol_time: 6.104
     Drone (1):
          5          | 2          | 0          | 8          | 3         
s_times   21.74      | 25.43      | 26.78      | 26.78      | 31.33     
c_times   22.2       | 26.78      | 26.78      | 27.9       | 32.68     
travels   3.23       | 1.4        | 2.62       | 3.43       | 0.0       
charges   97.8       | 93.22      | 93.22      | 92.1       | 87.32     
~~~~~~~~~~~~~~~~~~~~~~~~~~~~~~~~~~~~~~~~~~
     Drone (2):
          0          | 7          | 4          | 1          | 6         
s_times   0.0        | 0.0        | 3.88       | 26.18      | 107.92    
c_times   0.0        | 1.12       | 4.34       | 86.18      | 108.38    
travels   2.62       | 2.76       | 21.84      | 21.74      | 0.0       
charges   120.0      | 118.88     | 115.66     | 120.0      | 97.8      
~~~~~~~~~~~~~~~~~~~~~~~~~~~~~~~~~~~~~~~~~~
     Drone (3):
          9          | 1          | 10         | 1          | 11        
s_times   20.22      | 45.03      | 125.25     | 150.06     | 230.28    
c_times   22.61      | 105.03     | 127.64     | 210.06     | 232.67    
travels   22.42      | 20.22      | 22.42      | 20.22      | 0.0       
charges   97.39      | 120.0      | 97.39      | 120.0      | 97.39     
~~~~~~~~~~~~~~~~~~~~~~~~~~~~~~~~~~~~~~~~~~
***** nlp_Variables: 227
***** nlp_Constraints: 112
***** nlp_objective: 1029.7199999999923
***** nlp_Sol_time: 5.881
     Drone (1):
          0          | 1          | 6          | 8          | 3         
s_times   0.0        | 0.0        | 81.74      | 84.3       | 88.85     
c_times   0.0        | 60.0       | 82.2       | 85.42      | 90.2      
travels   20.68      | 21.74      | 2.1        | 3.43       | 0.0       
charges   120.0      | 120.0      | 97.8       | 94.58      | 89.8      
~~~~~~~~~~~~~~~~~~~~~~~~~~~~~~~~~~~~~~~~~~
     Drone (2):
          4          | 7          | 2          | 5          | 1         
s_times   21.74      | 24.3       | 28.85      | 32.01      | 54.31     
c_times   22.2       | 25.42      | 30.2       | 32.47      | 114.31    
travels   2.1        | 3.43       | 1.81       | 21.84      | 0.0       
charges   97.8       | 94.58      | 89.8       | 87.53      | 120.0     
~~~~~~~~~~~~~~~~~~~~~~~~~~~~~~~~~~~~~~~~~~
     Drone (3):
          9          | 1          | 10         | 1          | 11        
s_times   20.22      | 45.03      | 125.25     | 150.06     | 230.28    
c_times   22.61      | 105.03     | 127.64     | 210.06     | 232.67    
travels   22.42      | 20.22      | 22.42      | 20.22      | 0.0       
charges   97.39      | 120.0      | 97.39      | 120.0      | 97.39     
~~~~~~~~~~~~~~~~~~~~~~~~~~~~~~~~~~~~~~~~~~
