~~~~~~~~~~~~~~~~~~~ [3, 'SB', 4, 360] ~~~~~~~~~~~~~~~~~~~
     seed: 946622183561993134
 Families: [[1], [2, 3], [4, 5, 6], [7, 8], [9, 10, 11], [12]]
  i_times: [240.0, 60.0, 240.0, 240.0]
Fam slots: [[5, 7], [5, 6, 7], [5, 7], [0, 1, 3]]
Ear_dates: [0, 900.0, 1260.0, 900.0, 1080.0, 1260.0, 900.0, 1260.0, 0.0, 180.0, 540.0, 0]
Due_dates: [1440, 1080.0, 1440.0, 1080.0, 1260.0, 1440.0, 1080.0, 1440.0, 180.0, 360.0, 720.0, 1440]
Monitor_t: [60.0, 1.35, 1.35, 0.46, 0.46, 0.46, 1.12, 1.12, 2.39, 2.39, 2.39, 0.0]
~~~~~~~~~~~~~~~~~~~ Comparing the results ~~~~~~~~~~~~~~~~~~~
***** lp_Variables: 2234
***** lp_Constraints: 3906
***** lp_objective: 1210.5899999999997
***** lp_Sol_time: 320.804
     Drone (1):
          4          | 2          | 5          | 10        
s_times   21.74      | 25.43      | 28.59      | 35.14     
c_times   22.2       | 26.78      | 29.05      | 37.53     
travels   3.23       | 1.81       | 6.09       | 0.0       
charges   337.8      | 333.22     | 330.95     | 322.47    
~~~~~~~~~~~~~~~~~~~~~~~~~~~~~~~~~~~~~~~~~~
     Drone (2):
          0          | 1          | 6          | 3         
s_times   0.0        | 0.0        | 81.74      | 85.43     
c_times   0.0        | 60.0       | 82.2       | 86.78     
travels   20.68      | 21.74      | 3.23       | 0.0       
charges   360.0      | 360.0      | 337.8      | 333.22    
~~~~~~~~~~~~~~~~~~~~~~~~~~~~~~~~~~~~~~~~~~
     Drone (3):
          9          | 7          | 11         | 8         
s_times   20.22      | 29.89      | 39.74      | 49.41     
c_times   22.61      | 31.01      | 42.13      | 50.53     
travels   7.28       | 8.73       | 7.28       | 0.0       
charges   337.39     | 328.99     | 317.87     | 309.47    
~~~~~~~~~~~~~~~~~~~~~~~~~~~~~~~~~~~~~~~~~~
***** nlp_Variables: 182
***** nlp_Constraints: 94
***** nlp_objective: 1210.5899999999988
***** nlp_Sol_time: 98.888
     Drone (1):
          0          | 1          | 3          | 6         
s_times   0.0        | 0.0        | 78.63      | 81.79     
c_times   0.0        | 60.0       | 79.98      | 82.25     
travels   20.68      | 18.63      | 1.81       | 0.0       
charges   360.0      | 360.0      | 340.02     | 337.75    
~~~~~~~~~~~~~~~~~~~~~~~~~~~~~~~~~~~~~~~~~~
     Drone (2):
          4          | 10         | 2          | 5         
s_times   21.74      | 28.29      | 37.13      | 40.29     
c_times   22.2       | 30.68      | 38.48      | 40.75     
travels   6.09       | 6.45       | 1.81       | 0.0       
charges   337.8      | 329.32     | 321.52     | 319.25    
~~~~~~~~~~~~~~~~~~~~~~~~~~~~~~~~~~~~~~~~~~
     Drone (3):
          9          | 7          | 11         | 8         
s_times   20.22      | 29.89      | 39.74      | 49.41     
c_times   22.61      | 31.01      | 42.13      | 50.53     
travels   7.28       | 8.73       | 7.28       | 0.0       
charges   337.39     | 328.99     | 317.87     | 309.47    
~~~~~~~~~~~~~~~~~~~~~~~~~~~~~~~~~~~~~~~~~~
