~~~~~~~~~~~~~~~~~~~ [3, 'SB', 6, 360] ~~~~~~~~~~~~~~~~~~~
     seed: 8466588787516917229
 Families: [[1], [2, 3], [4, 5, 6], [7, 8], [9, 10, 11], [12]]
  i_times: [420.0, 420.0, 240.0, 420.0]
Fam slots: [[1, 4], [2, 5, 7], [2, 4], [0, 3, 5]]
Ear_dates: [0, 180.0, 720.0, 360.0, 900.0, 1260.0, 360.0, 720.0, 0.0, 540.0, 900.0, 0]
Due_dates: [1440, 360.0, 900.0, 540.0, 1080.0, 1440.0, 540.0, 900.0, 180.0, 720.0, 1080.0, 1440]
Monitor_t: [60.0, 1.35, 1.35, 0.46, 0.46, 0.46, 1.12, 1.12, 2.39, 2.39, 2.39, 0.0]
~~~~~~~~~~~~~~~~~~~ Comparing the results ~~~~~~~~~~~~~~~~~~~
***** lp_Variables: 3350
***** lp_Constraints: 6282
***** lp_objective: 1017.2299998981761
***** lp_Sol_time: 578.334
     Drone (1):
          0          | 2          | 0          | 3          | 0          | 4         
s_times   0.0        | 0.0        | 1.35       | 1.35       | 2.7        | 2.7       
c_times   0.0        | 1.35       | 1.35       | 2.7        | 2.7        | 3.16      
travels   2.24       | 1.4        | 2.24       | 1.4        | 1.45       | 0.0       
charges   360.0      | 358.65     | 358.65     | 357.3      | 357.3      | 356.84    
~~~~~~~~~~~~~~~~~~~~~~~~~~~~~~~~~~~~~~~~~~
     Drone (2):
          8          | 10         | 1          | 11         | 1          | 6         
s_times   21.34      | 31.19      | 56.0       | 136.22     | 161.03     | 242.77    
c_times   22.46      | 33.58      | 116.0      | 138.61     | 221.03     | 243.23    
travels   8.73       | 22.42      | 20.22      | 22.42      | 21.74      | 0.0       
charges   337.54     | 326.42     | 360.0      | 337.39     | 360.0      | 337.8     
~~~~~~~~~~~~~~~~~~~~~~~~~~~~~~~~~~~~~~~~~~
     Drone (3):
          0          | 7          | 0          | 9          | 0          | 5         
s_times   0.0        | 0.0        | 1.12       | 1.12       | 3.51       | 3.51      
c_times   0.0        | 1.12       | 1.12       | 3.51       | 3.51       | 3.97      
travels   2.62       | 3.57       | 5.2        | 4.84       | 1.45       | 0.0       
charges   360.0      | 358.88     | 358.88     | 356.49     | 356.49     | 356.03    
~~~~~~~~~~~~~~~~~~~~~~~~~~~~~~~~~~~~~~~~~~
***** nlp_Variables: 272
***** nlp_Constraints: 130
***** nlp_objective: 1017.2299999999994
***** nlp_Sol_time: 22.961
     Drone (1):
          9          | 1          | 8          | 11         | 1          | 6         
s_times   20.22      | 45.03      | 126.37     | 136.22     | 161.03     | 242.77    
c_times   22.61      | 105.03     | 127.49     | 138.61     | 221.03     | 243.23    
travels   22.42      | 21.34      | 8.73       | 22.42      | 21.74      | 0.0       
charges   337.39     | 360.0      | 337.54     | 326.42     | 360.0      | 337.8     
~~~~~~~~~~~~~~~~~~~~~~~~~~~~~~~~~~~~~~~~~~
     Drone (2):
          0          | 4          | 1          | 3          | 5          | 1         
s_times   0.0        | 0.0        | 22.3       | 100.93     | 104.09     | 126.39    
c_times   0.0        | 0.46       | 82.3       | 102.28     | 104.55     | 186.39    
travels   1.45       | 21.84      | 18.63      | 1.81       | 21.84      | 0.0       
charges   360.0      | 359.54     | 360.0      | 340.02     | 337.75     | 360.0     
~~~~~~~~~~~~~~~~~~~~~~~~~~~~~~~~~~~~~~~~~~
     Drone (3):
          7          | 10         | 2          | 1          | 12         | 1         
s_times   21.34      | 31.19      | 40.03      | 61.33      | 142.01     | 162.69    
c_times   22.46      | 33.58      | 41.38      | 121.33     | 142.01     | 222.69    
travels   8.73       | 6.45       | 19.95      | 20.68      | 20.68      | 0.0       
charges   337.54     | 326.42     | 318.62     | 360.0      | 339.32     | 360.0     
~~~~~~~~~~~~~~~~~~~~~~~~~~~~~~~~~~~~~~~~~~
