~~~~~~~~~~~~~~~~~~~ [3, 'SB', 5, 240] ~~~~~~~~~~~~~~~~~~~
     seed: 3925465047589960536
 Families: [[1], [2, 3], [4, 5, 6], [7, 8], [9, 10, 11], [12]]
  i_times: [600.0, 420.0, 600.0, 780.0]
Fam slots: [[1, 5], [1, 3, 6], [2, 6], [1, 2, 7]]
Ear_dates: [0, 180.0, 900.0, 180.0, 540.0, 1080.0, 360.0, 1080.0, 180.0, 360.0, 1260.0, 0]
Due_dates: [1440, 360.0, 1080.0, 360.0, 720.0, 1260.0, 540.0, 1260.0, 360.0, 540.0, 1440.0, 1440]
Monitor_t: [60.0, 1.35, 1.35, 0.46, 0.46, 0.46, 1.12, 1.12, 2.39, 2.39, 2.39, 0.0]
~~~~~~~~~~~~~~~~~~~ Comparing the results ~~~~~~~~~~~~~~~~~~~
***** lp_Variables: 2792
***** lp_Constraints: 5094
***** lp_objective: 1029.72
***** lp_Sol_time: 5.129
     Drone (1):
          9          | 1          | 10         | 1          | 11        
s_times   20.22      | 45.03      | 125.25     | 150.06     | 230.28    
c_times   22.61      | 105.03     | 127.64     | 210.06     | 232.67    
travels   22.42      | 20.22      | 22.42      | 20.22      | 0.0       
charges   217.39     | 240.0      | 217.39     | 240.0      | 217.39    
~~~~~~~~~~~~~~~~~~~~~~~~~~~~~~~~~~~~~~~~~~
     Drone (2):
          4          | 2          | 0          | 3          | 5         
s_times   21.74      | 25.43      | 26.78      | 26.78      | 29.94     
c_times   22.2       | 26.78      | 26.78      | 28.13      | 30.4      
travels   3.23       | 1.4        | 2.24       | 1.81       | 0.0       
charges   217.8      | 213.22     | 213.22     | 211.87     | 209.6     
~~~~~~~~~~~~~~~~~~~~~~~~~~~~~~~~~~~~~~~~~~
     Drone (3):
          7          | 1          | 8          | 0          | 6         
s_times   21.34      | 43.46      | 124.8      | 125.92     | 125.92    
c_times   22.46      | 103.46     | 125.92     | 125.92     | 126.38    
travels   21.0       | 21.34      | 3.57       | 1.45       | 0.0       
charges   217.54     | 240.0      | 217.54     | 217.54     | 217.08    
~~~~~~~~~~~~~~~~~~~~~~~~~~~~~~~~~~~~~~~~~~
***** nlp_Variables: 227
***** nlp_Constraints: 112
***** nlp_objective: 1029.7199999999982
***** nlp_Sol_time: 12.839
     Drone (1):
          9          | 1          | 10         | 1          | 11        
s_times   20.22      | 45.03      | 125.25     | 150.06     | 230.28    
c_times   22.61      | 105.03     | 127.64     | 210.06     | 232.67    
travels   22.42      | 20.22      | 22.42      | 20.22      | 0.0       
charges   217.39     | 240.0      | 217.39     | 240.0      | 217.39    
~~~~~~~~~~~~~~~~~~~~~~~~~~~~~~~~~~~~~~~~~~
     Drone (2):
          7          | 1          | 8          | 6          | 3         
s_times   21.34      | 43.46      | 124.8      | 128.68     | 132.37    
c_times   22.46      | 103.46     | 125.92     | 129.14     | 133.72    
travels   21.0       | 21.34      | 2.76       | 3.23       | 0.0       
charges   217.54     | 240.0      | 217.54     | 214.32     | 209.74    
~~~~~~~~~~~~~~~~~~~~~~~~~~~~~~~~~~~~~~~~~~
     Drone (3):
          0          | 0          | 4          | 2          | 5         
s_times   0.0        | 0.0        | 0.0        | 3.69       | 6.85      
c_times   0.0        | 0.0        | 0.46       | 5.04       | 7.31      
travels   0.0        | 1.45       | 3.23       | 1.81       | 0.0       
charges   240.0      | 240.0      | 239.54     | 234.96     | 232.69    
~~~~~~~~~~~~~~~~~~~~~~~~~~~~~~~~~~~~~~~~~~
