~~~~~~~~~~~~~~~~~~~ [3, 'SB', 4, 360] ~~~~~~~~~~~~~~~~~~~
     seed: 6739884464658267805
 Families: [[1], [2, 3], [4, 5, 6], [7, 8], [9, 10, 11], [12]]
  i_times: [600.0, 240.0, 60.0, 780.0]
Fam slots: [[1, 5], [1, 3, 4], [1, 2], [0, 1, 6]]
Ear_dates: [0, 180.0, 900.0, 180.0, 540.0, 720.0, 180.0, 360.0, 0.0, 180.0, 1080.0, 0]
Due_dates: [1440, 360.0, 1080.0, 360.0, 720.0, 900.0, 360.0, 540.0, 180.0, 360.0, 1260.0, 1440]
Monitor_t: [60.0, 1.35, 1.35, 0.46, 0.46, 0.46, 1.12, 1.12, 2.39, 2.39, 2.39, 0.0]
~~~~~~~~~~~~~~~~~~~ Comparing the results ~~~~~~~~~~~~~~~~~~~
***** lp_Variables: 2234
***** lp_Constraints: 3906
***** lp_objective: 943.7799999999929
***** lp_Sol_time: 3.681
     Drone (1):
          0          | 2          | 9          | 4         
s_times   0.0        | 0.0        | 7.61       | 15.69     
c_times   0.0        | 1.35       | 10.0       | 16.15     
travels   2.24       | 6.26       | 5.69       | 0.0       
charges   360.0      | 358.65     | 350.0      | 343.85    
~~~~~~~~~~~~~~~~~~~~~~~~~~~~~~~~~~~~~~~~~~
     Drone (2):
          5          | 8          | 6          | 3         
s_times   21.74      | 24.3       | 28.18      | 31.87     
c_times   22.2       | 25.42      | 28.64      | 33.22     
travels   2.1        | 2.76       | 3.23       | 0.0       
charges   337.8      | 334.58     | 331.36     | 326.78    
~~~~~~~~~~~~~~~~~~~~~~~~~~~~~~~~~~~~~~~~~~
     Drone (3):
          7          | 10         | 1          | 11        
s_times   21.34      | 31.19      | 56.0       | 136.22    
c_times   22.46      | 33.58      | 116.0      | 138.61    
travels   8.73       | 22.42      | 20.22      | 0.0       
charges   337.54     | 326.42     | 360.0      | 337.39    
~~~~~~~~~~~~~~~~~~~~~~~~~~~~~~~~~~~~~~~~~~
***** nlp_Variables: 182
***** nlp_Constraints: 94
***** nlp_objective: 943.7800000000035
***** nlp_Sol_time: 11.677
     Drone (1):
          9          | 1          | 8          | 11        
s_times   20.22      | 45.03      | 126.37     | 136.22    
c_times   22.61      | 105.03     | 127.49     | 138.61    
travels   22.42      | 21.34      | 8.73       | 0.0       
charges   337.39     | 360.0      | 337.54     | 326.42    
~~~~~~~~~~~~~~~~~~~~~~~~~~~~~~~~~~~~~~~~~~
     Drone (2):
          4          | 3          | 5          | 10        
s_times   21.74      | 25.43      | 28.59      | 35.14     
c_times   22.2       | 26.78      | 29.05      | 37.53     
travels   3.23       | 1.81       | 6.09       | 0.0       
charges   337.8      | 333.22     | 330.95     | 322.47    
~~~~~~~~~~~~~~~~~~~~~~~~~~~~~~~~~~~~~~~~~~
     Drone (3):
          2          | 1          | 6          | 7         
s_times   18.63      | 39.93      | 121.67     | 124.23    
c_times   19.98      | 99.93      | 122.13     | 125.35    
travels   19.95      | 21.74      | 2.1        | 0.0       
charges   340.02     | 360.0      | 337.8      | 334.58    
~~~~~~~~~~~~~~~~~~~~~~~~~~~~~~~~~~~~~~~~~~
