~~~~~~~~~~~~~~~~~~~ [3, 'SB', 5, 240] ~~~~~~~~~~~~~~~~~~~
     seed: 294783262169012656
 Families: [[1], [2, 3], [4, 5, 6], [7, 8], [9, 10, 11], [12]]
  i_times: [600.0, 420.0, 420.0, 420.0]
Fam slots: [[3, 7], [1, 3, 6], [1, 4], [1, 2, 5]]
Ear_dates: [0, 540.0, 1260.0, 180.0, 540.0, 1080.0, 180.0, 720.0, 180.0, 360.0, 900.0, 0]
Due_dates: [1440, 720.0, 1440.0, 360.0, 720.0, 1260.0, 360.0, 900.0, 360.0, 540.0, 1080.0, 1440]
Monitor_t: [60.0, 1.35, 1.35, 0.46, 0.46, 0.46, 1.12, 1.12, 2.39, 2.39, 2.39, 0.0]
~~~~~~~~~~~~~~~~~~~ Comparing the results ~~~~~~~~~~~~~~~~~~~
***** lp_Variables: 2792
***** lp_Constraints: 5094
***** lp_objective: 1031.31
***** lp_Sol_time: 8.54
     Drone (1):
          4          | 0          | 2          | 8          | 0         
s_times   21.74      | 22.2       | 22.2       | 25.44      | 26.56     
c_times   22.2       | 22.2       | 23.55      | 26.56      | 26.56     
travels   1.28       | 2.24       | 1.89       | 3.57       | 0.0       
charges   217.8      | 217.8      | 216.45     | 213.44     | 213.44    
~~~~~~~~~~~~~~~~~~~~~~~~~~~~~~~~~~~~~~~~~~
     Drone (2):
          7          | 5          | 1          | 6          | 11        
s_times   21.34      | 25.22      | 47.52      | 129.26     | 135.81    
c_times   22.46      | 25.68      | 107.52     | 129.72     | 138.2     
travels   2.76       | 21.84      | 21.74      | 6.09       | 0.0       
charges   217.54     | 214.32     | 240.0      | 217.8      | 209.32    
~~~~~~~~~~~~~~~~~~~~~~~~~~~~~~~~~~~~~~~~~~
     Drone (3):
          9          | 1          | 10         | 1          | 3         
s_times   20.22      | 45.03      | 125.25     | 150.06     | 228.69    
c_times   22.61      | 105.03     | 127.64     | 210.06     | 230.04    
travels   22.42      | 20.22      | 22.42      | 18.63      | 0.0       
charges   217.39     | 240.0      | 217.39     | 240.0      | 220.02    
~~~~~~~~~~~~~~~~~~~~~~~~~~~~~~~~~~~~~~~~~~
***** nlp_Variables: 227
***** nlp_Constraints: 112
***** nlp_objective: 1031.31
***** nlp_Sol_time: 12.99
     Drone (1):
          5          | 1          | 8          | 11         | 6         
s_times   21.74      | 44.04      | 125.38     | 135.23     | 143.31    
c_times   22.2       | 104.04     | 126.5      | 137.62     | 143.77    
travels   21.84      | 21.34      | 8.73       | 5.69       | 0.0       
charges   217.8      | 240.0      | 217.54     | 206.42     | 200.27    
~~~~~~~~~~~~~~~~~~~~~~~~~~~~~~~~~~~~~~~~~~
     Drone (2):
          9          | 1          | 10         | 1          | 3         
s_times   20.22      | 45.03      | 125.25     | 150.06     | 228.69    
c_times   22.61      | 105.03     | 127.64     | 210.06     | 230.04    
travels   22.42      | 20.22      | 22.42      | 18.63      | 0.0       
charges   217.39     | 240.0      | 217.39     | 240.0      | 220.02    
~~~~~~~~~~~~~~~~~~~~~~~~~~~~~~~~~~~~~~~~~~
     Drone (3):
          0          | 0          | 7          | 2          | 4         
s_times   0.0        | 0.0        | 0.0        | 4.55       | 7.71      
c_times   0.0        | 0.0        | 1.12       | 5.9        | 8.17      
travels   0.0        | 2.62       | 3.43       | 1.81       | 0.0       
charges   240.0      | 240.0      | 238.88     | 234.1      | 231.83    
~~~~~~~~~~~~~~~~~~~~~~~~~~~~~~~~~~~~~~~~~~
