~~~~~~~~~~~~~~~~~~~ [3, 'SB', 5, 360] ~~~~~~~~~~~~~~~~~~~
     seed: 7355049983161008923
 Families: [[1], [2, 3], [4, 5, 6], [7, 8], [9, 10, 11], [12]]
  i_times: [600.0, 600.0, 240.0, 600.0]
Fam slots: [[1, 5], [0, 2, 6], [3, 5], [1, 3, 7]]
Ear_dates: [0, 180.0, 900.0, 0.0, 360.0, 1080.0, 540.0, 900.0, 180.0, 540.0, 1260.0, 0]
Due_dates: [1440, 360.0, 1080.0, 180.0, 540.0, 1260.0, 720.0, 1080.0, 360.0, 720.0, 1440.0, 1440]
Monitor_t: [60.0, 1.35, 1.35, 0.46, 0.46, 0.46, 1.12, 1.12, 2.39, 2.39, 2.39, 0.0]
~~~~~~~~~~~~~~~~~~~ Comparing the results ~~~~~~~~~~~~~~~~~~~
***** lp_Variables: 2792
***** lp_Constraints: 5094
***** lp_objective: 1029.72
***** lp_Sol_time: 10.004
     Drone (1):
          9          | 1          | 10         | 1          | 11        
s_times   20.22      | 45.03      | 125.25     | 150.06     | 230.28    
c_times   22.61      | 105.03     | 127.64     | 210.06     | 232.67    
travels   22.42      | 20.22      | 22.42      | 20.22      | 0.0       
charges   337.39     | 360.0      | 337.39     | 360.0      | 337.39    
~~~~~~~~~~~~~~~~~~~~~~~~~~~~~~~~~~~~~~~~~~
     Drone (2):
          4          | 1          | 3          | 6          | 8         
s_times   21.74      | 44.04      | 122.67     | 125.83     | 128.39    
c_times   22.2       | 104.04     | 124.02     | 126.29     | 129.51    
travels   21.84      | 18.63      | 1.81       | 2.1        | 0.0       
charges   337.8      | 360.0      | 340.02     | 337.75     | 334.53    
~~~~~~~~~~~~~~~~~~~~~~~~~~~~~~~~~~~~~~~~~~
     Drone (3):
          7          | 2          | 5          | 0          | 0         
s_times   21.34      | 25.89      | 29.05      | 29.51      | 29.51     
c_times   22.46      | 27.24      | 29.51      | 29.51      | 29.51     
travels   3.43       | 1.81       | 1.28       | 0.0        | 0.0       
charges   337.54     | 332.76     | 330.49     | 330.49     | 330.49    
~~~~~~~~~~~~~~~~~~~~~~~~~~~~~~~~~~~~~~~~~~
***** nlp_Variables: 227
***** nlp_Constraints: 112
***** nlp_objective: 1029.7199999999605
***** nlp_Sol_time: 15.631
     Drone (1):
          0          | 2          | 1          | 6          | 8         
s_times   0.0        | 0.0        | 21.3       | 103.04     | 105.6     
c_times   0.0        | 1.35       | 81.3       | 103.5      | 106.72    
travels   2.24       | 19.95      | 21.74      | 2.1        | 0.0       
charges   360.0      | 358.65     | 360.0      | 337.8      | 334.58    
~~~~~~~~~~~~~~~~~~~~~~~~~~~~~~~~~~~~~~~~~~
     Drone (2):
          0          | 7          | 4          | 3          | 5         
s_times   0.0        | 0.0        | 3.88       | 7.57       | 10.73     
c_times   0.0        | 1.12       | 4.34       | 8.92       | 11.19     
travels   2.62       | 2.76       | 3.23       | 1.81       | 0.0       
charges   360.0      | 358.88     | 355.66     | 351.08     | 348.81    
~~~~~~~~~~~~~~~~~~~~~~~~~~~~~~~~~~~~~~~~~~
     Drone (3):
          9          | 1          | 10         | 1          | 11        
s_times   20.22      | 45.03      | 125.25     | 150.06     | 230.28    
c_times   22.61      | 105.03     | 127.64     | 210.06     | 232.67    
travels   22.42      | 20.22      | 22.42      | 20.22      | 0.0       
charges   337.39     | 360.0      | 337.39     | 360.0      | 337.39    
~~~~~~~~~~~~~~~~~~~~~~~~~~~~~~~~~~~~~~~~~~
