~~~~~~~~~~~~~~~~~~~ [3, 'SB', 6, 360] ~~~~~~~~~~~~~~~~~~~
     seed: 3925465047589960536
 Families: [[1], [2, 3], [4, 5, 6], [7, 8], [9, 10, 11], [12]]
  i_times: [600.0, 420.0, 600.0, 780.0]
Fam slots: [[1, 5], [1, 3, 6], [2, 6], [1, 2, 7]]
Ear_dates: [0, 180.0, 900.0, 180.0, 540.0, 1080.0, 360.0, 1080.0, 180.0, 360.0, 1260.0, 0]
Due_dates: [1440, 360.0, 1080.0, 360.0, 720.0, 1260.0, 540.0, 1260.0, 360.0, 540.0, 1440.0, 1440]
Monitor_t: [60.0, 1.35, 1.35, 0.46, 0.46, 0.46, 1.12, 1.12, 2.39, 2.39, 2.39, 0.0]
~~~~~~~~~~~~~~~~~~~ Comparing the results ~~~~~~~~~~~~~~~~~~~
***** lp_Variables: 3350
***** lp_Constraints: 6282
***** lp_objective: 1018.75
***** lp_Sol_time: 935.577
     Drone (1):
          4          | 0          | 5          | 0          | 0          | 3         
s_times   21.74      | 22.2       | 22.2       | 22.66      | 22.66      | 22.66     
c_times   22.2       | 22.2       | 22.66      | 22.66      | 22.66      | 24.01     
travels   1.28       | 1.45       | 1.28       | 0.0        | 2.24       | 0.0       
charges   337.8      | 337.8      | 337.34     | 337.34     | 337.34     | 335.99    
~~~~~~~~~~~~~~~~~~~~~~~~~~~~~~~~~~~~~~~~~~
     Drone (2):
          2          | 0          | 0          | 7          | 1          | 6         
s_times   18.63      | 19.98      | 19.98      | 19.98      | 42.1       | 123.84    
c_times   19.98      | 19.98      | 19.98      | 21.1       | 102.1      | 124.3     
travels   1.4        | 0.0        | 2.62       | 21.0       | 21.74      | 0.0       
charges   340.02     | 340.02     | 340.02     | 338.9      | 360.0      | 337.8     
~~~~~~~~~~~~~~~~~~~~~~~~~~~~~~~~~~~~~~~~~~
     Drone (3):
          9          | 1          | 10         | 1          | 8          | 11        
s_times   20.22      | 45.03      | 125.25     | 150.06     | 231.4      | 241.25    
c_times   22.61      | 105.03     | 127.64     | 210.06     | 232.52     | 243.64    
travels   22.42      | 20.22      | 22.42      | 21.34      | 8.73       | 0.0       
charges   337.39     | 360.0      | 337.39     | 360.0      | 337.54     | 326.42    
~~~~~~~~~~~~~~~~~~~~~~~~~~~~~~~~~~~~~~~~~~
***** nlp_Variables: 272
***** nlp_Constraints: 130
***** nlp_objective: 1018.75
***** nlp_Sol_time: 12.741
     Drone (1):
          0          | 0          | 0          | 1          | 5          | 1         
s_times   0.0        | 0.0        | 0.0        | 0.0        | 81.74      | 104.04    
c_times   0.0        | 0.0        | 0.0        | 60.0       | 82.2       | 164.04    
travels   0.0        | 0.0        | 20.68      | 21.74      | 21.84      | 0.0       
charges   360.0      | 360.0      | 360.0      | 360.0      | 337.8      | 360.0     
~~~~~~~~~~~~~~~~~~~~~~~~~~~~~~~~~~~~~~~~~~
     Drone (2):
          9          | 1          | 10         | 1          | 8          | 11        
s_times   20.22      | 45.03      | 125.25     | 150.06     | 231.4      | 241.25    
c_times   22.61      | 105.03     | 127.64     | 210.06     | 232.52     | 243.64    
travels   22.42      | 20.22      | 22.42      | 21.34      | 8.73       | 0.0       
charges   337.39     | 360.0      | 337.39     | 360.0      | 337.54     | 326.42    
~~~~~~~~~~~~~~~~~~~~~~~~~~~~~~~~~~~~~~~~~~
     Drone (3):
          2          | 4          | 1          | 3          | 7          | 6         
s_times   18.63      | 21.79      | 44.09      | 122.72     | 125.96     | 129.84    
c_times   19.98      | 22.25      | 104.09     | 124.07     | 127.08     | 130.3     
travels   1.81       | 21.84      | 18.63      | 1.89       | 2.76       | 0.0       
charges   340.02     | 337.75     | 360.0      | 340.02     | 337.01     | 333.79    
~~~~~~~~~~~~~~~~~~~~~~~~~~~~~~~~~~~~~~~~~~
