~~~~~~~~~~~~~~~~~~~ [3, 'SB', 5, 240] ~~~~~~~~~~~~~~~~~~~
     seed: 6739884464658267805
 Families: [[1], [2, 3], [4, 5, 6], [7, 8], [9, 10, 11], [12]]
  i_times: [600.0, 240.0, 60.0, 780.0]
Fam slots: [[1, 5], [1, 3, 4], [1, 2], [0, 1, 6]]
Ear_dates: [0, 180.0, 900.0, 180.0, 540.0, 720.0, 180.0, 360.0, 0.0, 180.0, 1080.0, 0]
Due_dates: [1440, 360.0, 1080.0, 360.0, 720.0, 900.0, 360.0, 540.0, 180.0, 360.0, 1260.0, 1440]
Monitor_t: [60.0, 1.35, 1.35, 0.46, 0.46, 0.46, 1.12, 1.12, 2.39, 2.39, 2.39, 0.0]
~~~~~~~~~~~~~~~~~~~ Comparing the results ~~~~~~~~~~~~~~~~~~~
***** lp_Variables: 2792
***** lp_Constraints: 5094
***** lp_objective: 849.7199999149277
***** lp_Sol_time: 8.077
     Drone (1):
          2          | 0          | 4          | 12         | 8         
s_times   18.63      | 19.98      | 19.98      | 21.72      | 24.34     
c_times   19.98      | 19.98      | 20.44      | 21.72      | 25.46     
travels   1.4        | 1.45       | 1.28       | 2.62       | 0.0       
charges   220.02     | 220.02     | 219.56     | 218.28     | 214.54    
~~~~~~~~~~~~~~~~~~~~~~~~~~~~~~~~~~~~~~~~~~
     Drone (2):
          7          | 1          | 5          | 3          | 6         
s_times   21.34      | 43.46      | 125.2      | 128.89     | 132.05    
c_times   22.46      | 103.46     | 125.66     | 130.24     | 132.51    
travels   21.0       | 21.74      | 3.23       | 1.81       | 0.0       
charges   217.54     | 240.0      | 217.8      | 213.22     | 210.95    
~~~~~~~~~~~~~~~~~~~~~~~~~~~~~~~~~~~~~~~~~~
     Drone (3):
          9          | 1          | 10         | 1          | 11        
s_times   20.22      | 45.03      | 125.25     | 150.06     | 230.28    
c_times   22.61      | 105.03     | 127.64     | 210.06     | 232.67    
travels   22.42      | 20.22      | 22.42      | 20.22      | 0.0       
charges   217.39     | 240.0      | 217.39     | 240.0      | 217.39    
~~~~~~~~~~~~~~~~~~~~~~~~~~~~~~~~~~~~~~~~~~
***** nlp_Variables: 227
***** nlp_Constraints: 112
***** nlp_objective: 849.7200000000007
***** nlp_Sol_time: 15.066
     Drone (1):
          4          | 8          | 1          | 6          | 3         
s_times   21.74      | 24.3       | 46.42      | 128.16     | 131.85    
c_times   22.2       | 25.42      | 106.42     | 128.62     | 133.2     
travels   2.1        | 21.0       | 21.74      | 3.23       | 0.0       
charges   217.8      | 214.58     | 240.0      | 217.8      | 213.22    
~~~~~~~~~~~~~~~~~~~~~~~~~~~~~~~~~~~~~~~~~~
     Drone (2):
          7          | 5          | 1          | 2          | 1         
s_times   21.34      | 25.22      | 47.52      | 126.15     | 147.45    
c_times   22.46      | 25.68      | 107.52     | 127.5      | 207.45    
travels   2.76       | 21.84      | 18.63      | 19.95      | 0.0       
charges   217.54     | 214.32     | 240.0      | 220.02     | 240.0     
~~~~~~~~~~~~~~~~~~~~~~~~~~~~~~~~~~~~~~~~~~
     Drone (3):
          9          | 1          | 10         | 1          | 11        
s_times   20.22      | 45.03      | 125.25     | 150.06     | 230.28    
c_times   22.61      | 105.03     | 127.64     | 210.06     | 232.67    
travels   22.42      | 20.22      | 22.42      | 20.22      | 0.0       
charges   217.39     | 240.0      | 217.39     | 240.0      | 217.39    
~~~~~~~~~~~~~~~~~~~~~~~~~~~~~~~~~~~~~~~~~~
