~~~~~~~~~~~~~~~~~~~ [3, 'SB', 4, 360] ~~~~~~~~~~~~~~~~~~~
     seed: 1756212420844415999
 Families: [[1], [2, 3], [4, 5, 6], [7, 8], [9, 10, 11], [12]]
  i_times: [1140.0, 780.0, 60.0, 420.0]
Fam slots: [[0, 7], [0, 5, 7], [0, 1], [2, 5, 7]]
Ear_dates: [0, 0.0, 1260.0, 0.0, 900.0, 1260.0, 0.0, 180.0, 360.0, 900.0, 1260.0, 0]
Due_dates: [1440, 180.0, 1440.0, 180.0, 1080.0, 1440.0, 180.0, 360.0, 540.0, 1080.0, 1440.0, 1440]
Monitor_t: [60.0, 1.35, 1.35, 0.46, 0.46, 0.46, 1.12, 1.12, 2.39, 2.39, 2.39, 0.0]
~~~~~~~~~~~~~~~~~~~ Comparing the results ~~~~~~~~~~~~~~~~~~~
***** lp_Variables: 2234
***** lp_Constraints: 3906
***** lp_objective: 1133.23
***** lp_Sol_time: 9.718
     Drone (1):
          4          | 10         | 1          | 3         
s_times   21.74      | 28.29      | 53.1       | 131.73    
c_times   22.2       | 30.68      | 113.1      | 133.08    
travels   6.09       | 22.42      | 18.63      | 0.0       
charges   337.8      | 329.32     | 360.0      | 340.02    
~~~~~~~~~~~~~~~~~~~~~~~~~~~~~~~~~~~~~~~~~~
     Drone (2):
          7          | 5          | 8          | 2         
s_times   21.34      | 25.22      | 27.78      | 32.33     
c_times   22.46      | 25.68      | 28.9       | 33.68     
travels   2.76       | 2.1        | 3.43       | 0.0       
charges   337.54     | 334.32     | 331.1      | 326.32    
~~~~~~~~~~~~~~~~~~~~~~~~~~~~~~~~~~~~~~~~~~
     Drone (3):
          9          | 1          | 6          | 11        
s_times   20.22      | 45.03      | 126.77     | 133.32    
c_times   22.61      | 105.03     | 127.23     | 135.71    
travels   22.42      | 21.74      | 6.09       | 0.0       
charges   337.39     | 360.0      | 337.8      | 329.32    
~~~~~~~~~~~~~~~~~~~~~~~~~~~~~~~~~~~~~~~~~~
***** nlp_Variables: 182
***** nlp_Constraints: 94
***** nlp_objective: 1133.23
***** nlp_Sol_time: 9.531
     Drone (1):
          9          | 1          | 6          | 3         
s_times   20.22      | 45.03      | 126.77     | 130.46    
c_times   22.61      | 105.03     | 127.23     | 131.81    
travels   22.42      | 21.74      | 3.23       | 0.0       
charges   337.39     | 360.0      | 337.8      | 333.22    
~~~~~~~~~~~~~~~~~~~~~~~~~~~~~~~~~~~~~~~~~~
     Drone (2):
          7          | 5          | 1          | 11        
s_times   21.34      | 25.22      | 47.52      | 127.74    
c_times   22.46      | 25.68      | 107.52     | 130.13    
travels   2.76       | 21.84      | 20.22      | 0.0       
charges   337.54     | 334.32     | 360.0      | 337.39    
~~~~~~~~~~~~~~~~~~~~~~~~~~~~~~~~~~~~~~~~~~
     Drone (3):
          4          | 8          | 10         | 2         
s_times   21.74      | 24.3       | 34.15      | 42.99     
c_times   22.2       | 25.42      | 36.54      | 44.34     
travels   2.1        | 8.73       | 6.45       | 0.0       
charges   337.8      | 334.58     | 323.46     | 315.66    
~~~~~~~~~~~~~~~~~~~~~~~~~~~~~~~~~~~~~~~~~~
