~~~~~~~~~~~~~~~~~~~ [3, 'SB', 4, 360] ~~~~~~~~~~~~~~~~~~~
     seed: 294783262169012656
 Families: [[1], [2, 3], [4, 5, 6], [7, 8], [9, 10, 11], [12]]
  i_times: [600.0, 420.0, 420.0, 420.0]
Fam slots: [[3, 7], [1, 3, 6], [1, 4], [1, 2, 5]]
Ear_dates: [0, 540.0, 1260.0, 180.0, 540.0, 1080.0, 180.0, 720.0, 180.0, 360.0, 900.0, 0]
Due_dates: [1440, 720.0, 1440.0, 360.0, 720.0, 1260.0, 360.0, 900.0, 360.0, 540.0, 1080.0, 1440]
Monitor_t: [60.0, 1.35, 1.35, 0.46, 0.46, 0.46, 1.12, 1.12, 2.39, 2.39, 2.39, 0.0]
~~~~~~~~~~~~~~~~~~~ Comparing the results ~~~~~~~~~~~~~~~~~~~
***** lp_Variables: 2234
***** lp_Constraints: 3906
***** lp_objective: 1125.37
***** lp_Sol_time: 30.31
     Drone (1):
          7          | 11         | 1          | 3         
s_times   21.34      | 31.19      | 56.0       | 134.63    
c_times   22.46      | 33.58      | 116.0      | 135.98    
travels   8.73       | 22.42      | 18.63      | 0.0       
charges   337.54     | 326.42     | 360.0      | 340.02    
~~~~~~~~~~~~~~~~~~~~~~~~~~~~~~~~~~~~~~~~~~
     Drone (2):
          4          | 10         | 0          | 5         
s_times   21.74      | 28.29      | 30.68      | 30.68     
c_times   22.2       | 30.68      | 30.68      | 31.14     
travels   6.09       | 4.84       | 1.45       | 0.0       
charges   337.8      | 329.32     | 329.32     | 328.86    
~~~~~~~~~~~~~~~~~~~~~~~~~~~~~~~~~~~~~~~~~~
     Drone (3):
          9          | 2          | 6          | 8         
s_times   20.22      | 29.06      | 32.22      | 34.78     
c_times   22.61      | 30.41      | 32.68      | 35.9      
travels   6.45       | 1.81       | 2.1        | 0.0       
charges   337.39     | 329.59     | 327.32     | 324.1     
~~~~~~~~~~~~~~~~~~~~~~~~~~~~~~~~~~~~~~~~~~
***** nlp_Variables: 182
***** nlp_Constraints: 94
***** nlp_objective: 1125.36999999999
***** nlp_Sol_time: 10.443
     Drone (1):
          9          | 8          | 5          | 2         
s_times   20.22      | 29.89      | 33.77      | 37.46     
c_times   22.61      | 31.01      | 34.23      | 38.81     
travels   7.28       | 2.76       | 3.23       | 0.0       
charges   337.39     | 328.99     | 325.77     | 321.19    
~~~~~~~~~~~~~~~~~~~~~~~~~~~~~~~~~~~~~~~~~~
     Drone (2):
          7          | 11         | 1          | 3         
s_times   21.34      | 31.19      | 56.0       | 134.63    
c_times   22.46      | 33.58      | 116.0      | 135.98    
travels   8.73       | 22.42      | 18.63      | 0.0       
charges   337.54     | 326.42     | 360.0      | 340.02    
~~~~~~~~~~~~~~~~~~~~~~~~~~~~~~~~~~~~~~~~~~
     Drone (3):
          4          | 10         | 6          | 1         
s_times   21.74      | 28.29      | 36.37      | 58.67     
c_times   22.2       | 30.68      | 36.83      | 118.67    
travels   6.09       | 5.69       | 21.84      | 0.0       
charges   337.8      | 329.32     | 323.17     | 360.0     
~~~~~~~~~~~~~~~~~~~~~~~~~~~~~~~~~~~~~~~~~~
