~~~~~~~~~~~~~~~~~~~ [3, 'SB', 5, 240] ~~~~~~~~~~~~~~~~~~~
     seed: 8466588787516917229
 Families: [[1], [2, 3], [4, 5, 6], [7, 8], [9, 10, 11], [12]]
  i_times: [420.0, 420.0, 240.0, 420.0]
Fam slots: [[1, 4], [2, 5, 7], [2, 4], [0, 3, 5]]
Ear_dates: [0, 180.0, 720.0, 360.0, 900.0, 1260.0, 360.0, 720.0, 0.0, 540.0, 900.0, 0]
Due_dates: [1440, 360.0, 900.0, 540.0, 1080.0, 1440.0, 540.0, 900.0, 180.0, 720.0, 1080.0, 1440]
Monitor_t: [60.0, 1.35, 1.35, 0.46, 0.46, 0.46, 1.12, 1.12, 2.39, 2.39, 2.39, 0.0]
~~~~~~~~~~~~~~~~~~~ Comparing the results ~~~~~~~~~~~~~~~~~~~
***** lp_Variables: 2792
***** lp_Constraints: 5094
***** lp_objective: 1028.2
***** lp_Sol_time: 5.326
     Drone (1):
          4          | 2          | 0          | 10         | 8         
s_times   21.74      | 25.43      | 26.78      | 26.78      | 36.45     
c_times   22.2       | 26.78      | 26.78      | 29.17      | 37.57     
travels   3.23       | 1.4        | 5.2        | 7.28       | 0.0       
charges   217.8      | 213.22     | 213.22     | 210.83     | 202.43    
~~~~~~~~~~~~~~~~~~~~~~~~~~~~~~~~~~~~~~~~~~
     Drone (2):
          9          | 1          | 11         | 1          | 6         
s_times   20.22      | 45.03      | 125.25     | 150.06     | 231.8     
c_times   22.61      | 105.03     | 127.64     | 210.06     | 232.26    
travels   22.42      | 20.22      | 22.42      | 21.74      | 0.0       
charges   217.39     | 240.0      | 217.39     | 240.0      | 217.8     
~~~~~~~~~~~~~~~~~~~~~~~~~~~~~~~~~~~~~~~~~~
     Drone (3):
          7          | 1          | 3          | 0          | 5         
s_times   21.34      | 43.46      | 122.09     | 123.44     | 123.44    
c_times   22.46      | 103.46     | 123.44     | 123.44     | 123.9     
travels   21.0       | 18.63      | 1.4        | 1.45       | 0.0       
charges   217.54     | 240.0      | 220.02     | 220.02     | 219.56    
~~~~~~~~~~~~~~~~~~~~~~~~~~~~~~~~~~~~~~~~~~
***** nlp_Variables: 227
***** nlp_Constraints: 112
***** nlp_objective: 1028.2
***** nlp_Sol_time: 6.774
     Drone (1):
          9          | 1          | 11         | 1          | 6         
s_times   20.22      | 45.03      | 125.25     | 150.06     | 231.8     
c_times   22.61      | 105.03     | 127.64     | 210.06     | 232.26    
travels   22.42      | 20.22      | 22.42      | 21.74      | 0.0       
charges   217.39     | 240.0      | 217.39     | 240.0      | 217.8     
~~~~~~~~~~~~~~~~~~~~~~~~~~~~~~~~~~~~~~~~~~
     Drone (2):
          4          | 8          | 10         | 2          | 5         
s_times   21.74      | 24.3       | 34.15      | 42.99      | 46.15     
c_times   22.2       | 25.42      | 36.54      | 44.34      | 46.61     
travels   2.1        | 8.73       | 6.45       | 1.81       | 0.0       
charges   217.8      | 214.58     | 203.46     | 195.66     | 193.39    
~~~~~~~~~~~~~~~~~~~~~~~~~~~~~~~~~~~~~~~~~~
     Drone (3):
          7          | 1          | 3          | 1          | 12        
s_times   21.34      | 43.46      | 122.09     | 143.39     | 224.07    
c_times   22.46      | 103.46     | 123.44     | 203.39     | 224.07    
travels   21.0       | 18.63      | 19.95      | 20.68      | 0.0       
charges   217.54     | 240.0      | 220.02     | 240.0      | 219.32    
~~~~~~~~~~~~~~~~~~~~~~~~~~~~~~~~~~~~~~~~~~
