~~~~~~~~~~~~~~~~~~~ [3, 'SB', 6, 360] ~~~~~~~~~~~~~~~~~~~
     seed: 7355049983161008923
 Families: [[1], [2, 3], [4, 5, 6], [7, 8], [9, 10, 11], [12]]
  i_times: [600.0, 600.0, 240.0, 600.0]
Fam slots: [[1, 5], [0, 2, 6], [3, 5], [1, 3, 7]]
Ear_dates: [0, 180.0, 900.0, 0.0, 360.0, 1080.0, 540.0, 900.0, 180.0, 540.0, 1260.0, 0]
Due_dates: [1440, 360.0, 1080.0, 180.0, 540.0, 1260.0, 720.0, 1080.0, 360.0, 720.0, 1440.0, 1440]
Monitor_t: [60.0, 1.35, 1.35, 0.46, 0.46, 0.46, 1.12, 1.12, 2.39, 2.39, 2.39, 0.0]
~~~~~~~~~~~~~~~~~~~ Comparing the results ~~~~~~~~~~~~~~~~~~~
***** lp_Variables: 3350
***** lp_Constraints: 6282
***** lp_objective: 1018.75
***** lp_Sol_time: 1039.547
     Drone (1):
          4          | 0          | 1          | 3          | 0          | 5         
s_times   21.74      | 22.2       | 22.2       | 100.83     | 102.18     | 102.18    
c_times   22.2       | 22.2       | 82.2       | 102.18     | 102.18     | 102.64    
travels   1.28       | 20.68      | 18.63      | 1.4        | 1.45       | 0.0       
charges   337.8      | 337.8      | 360.0      | 340.02     | 340.02     | 339.56    
~~~~~~~~~~~~~~~~~~~~~~~~~~~~~~~~~~~~~~~~~~
     Drone (2):
          9          | 1          | 10         | 1          | 8          | 11        
s_times   20.22      | 45.03      | 125.25     | 150.06     | 231.4      | 241.25    
c_times   22.61      | 105.03     | 127.64     | 210.06     | 232.52     | 243.64    
travels   22.42      | 20.22      | 22.42      | 21.34      | 8.73       | 0.0       
charges   337.39     | 360.0      | 337.39     | 360.0      | 337.54     | 326.42    
~~~~~~~~~~~~~~~~~~~~~~~~~~~~~~~~~~~~~~~~~~
     Drone (3):
          7          | 2          | 0          | 0          | 1          | 6         
s_times   21.34      | 25.89      | 27.24      | 27.24      | 27.24      | 108.98    
c_times   22.46      | 27.24      | 27.24      | 27.24      | 87.24      | 109.44    
travels   3.43       | 1.4        | 0.0        | 20.68      | 21.74      | 0.0       
charges   337.54     | 332.76     | 332.76     | 332.76     | 360.0      | 337.8     
~~~~~~~~~~~~~~~~~~~~~~~~~~~~~~~~~~~~~~~~~~
***** nlp_Variables: 272
***** nlp_Constraints: 130
***** nlp_objective: 1018.75
***** nlp_Sol_time: 23.995
     Drone (1):
          12         | 7          | 5          | 1          | 2          | 6         
s_times   20.68      | 23.3       | 27.18      | 49.48      | 128.11     | 131.27    
c_times   20.68      | 24.42      | 27.64      | 109.48     | 129.46     | 131.73    
travels   2.62       | 2.76       | 21.84      | 18.63      | 1.81       | 0.0       
charges   339.32     | 335.58     | 332.36     | 360.0      | 340.02     | 337.75    
~~~~~~~~~~~~~~~~~~~~~~~~~~~~~~~~~~~~~~~~~~
     Drone (2):
          4          | 1          | 12         | 1          | 3          | 1         
s_times   21.74      | 44.04      | 124.72     | 145.4      | 224.03     | 245.33    
c_times   22.2       | 104.04     | 124.72     | 205.4      | 225.38     | 305.33    
travels   21.84      | 20.68      | 20.68      | 18.63      | 19.95      | 0.0       
charges   337.8      | 360.0      | 339.32     | 360.0      | 340.02     | 360.0     
~~~~~~~~~~~~~~~~~~~~~~~~~~~~~~~~~~~~~~~~~~
     Drone (3):
          9          | 1          | 10         | 1          | 8          | 11        
s_times   20.22      | 45.03      | 125.25     | 150.06     | 231.4      | 241.25    
c_times   22.61      | 105.03     | 127.64     | 210.06     | 232.52     | 243.64    
travels   22.42      | 20.22      | 22.42      | 21.34      | 8.73       | 0.0       
charges   337.39     | 360.0      | 337.39     | 360.0      | 337.54     | 326.42    
~~~~~~~~~~~~~~~~~~~~~~~~~~~~~~~~~~~~~~~~~~
