~~~~~~~~~~~~~~~~~~~ [3, 'SB', 5, 240] ~~~~~~~~~~~~~~~~~~~
     seed: 5842917579678469337
 Families: [[1], [2, 3], [4, 5, 6], [7, 8], [9, 10, 11], [12]]
  i_times: [240.0, 420.0, 960.0, 780.0]
Fam slots: [[3, 5], [1, 4, 6], [1, 7], [1, 6, 7]]
Ear_dates: [0, 540.0, 900.0, 180.0, 720.0, 1080.0, 180.0, 1260.0, 180.0, 1080.0, 1260.0, 0]
Due_dates: [1440, 720.0, 1080.0, 360.0, 900.0, 1260.0, 360.0, 1440.0, 360.0, 1260.0, 1440.0, 1440]
Monitor_t: [60.0, 1.35, 1.35, 0.46, 0.46, 0.46, 1.12, 1.12, 2.39, 2.39, 2.39, 0.0]
~~~~~~~~~~~~~~~~~~~ Comparing the results ~~~~~~~~~~~~~~~~~~~
***** lp_Variables: 2792
***** lp_Constraints: 5094
***** lp_objective: 1030.5799999999995
***** lp_Sol_time: 31.237
     Drone (1):
          9          | 1          | 10         | 1          | 11        
s_times   20.22      | 45.03      | 125.25     | 150.06     | 230.28    
c_times   22.61      | 105.03     | 127.64     | 210.06     | 232.67    
travels   22.42      | 20.22      | 22.42      | 20.22      | 0.0       
charges   217.39     | 240.0      | 217.39     | 240.0      | 217.39    
~~~~~~~~~~~~~~~~~~~~~~~~~~~~~~~~~~~~~~~~~~
     Drone (2):
          4          | 1          | 6          | 1          | 8         
s_times   21.74      | 44.04      | 125.78     | 148.08     | 229.42    
c_times   22.2       | 104.04     | 126.24     | 208.08     | 230.54    
travels   21.84      | 21.74      | 21.84      | 21.34      | 0.0       
charges   217.8      | 240.0      | 217.8      | 240.0      | 217.54    
~~~~~~~~~~~~~~~~~~~~~~~~~~~~~~~~~~~~~~~~~~
     Drone (3):
          2          | 7          | 5          | 3          | 0         
s_times   18.63      | 21.87      | 25.75      | 29.44      | 30.79     
c_times   19.98      | 22.99      | 26.21      | 30.79      | 30.79     
travels   1.89       | 2.76       | 3.23       | 1.4        | 0.0       
charges   220.02     | 217.01     | 213.79     | 209.21     | 209.21    
~~~~~~~~~~~~~~~~~~~~~~~~~~~~~~~~~~~~~~~~~~
***** nlp_Variables: 227
***** nlp_Constraints: 112
***** nlp_objective: 1030.5799999999854
***** nlp_Sol_time: 23.462
     Drone (1):
          9          | 1          | 10         | 1          | 11        
s_times   20.22      | 45.03      | 125.25     | 150.06     | 230.28    
c_times   22.61      | 105.03     | 127.64     | 210.06     | 232.67    
travels   22.42      | 20.22      | 22.42      | 20.22      | 0.0       
charges   217.39     | 240.0      | 217.39     | 240.0      | 217.39    
~~~~~~~~~~~~~~~~~~~~~~~~~~~~~~~~~~~~~~~~~~
     Drone (2):
          7          | 2          | 5          | 3          | 12        
s_times   21.34      | 25.89      | 29.05      | 32.74      | 35.49     
c_times   22.46      | 27.24      | 29.51      | 34.09      | 35.49     
travels   3.43       | 1.81       | 3.23       | 1.4        | 0.0       
charges   217.54     | 212.76     | 210.49     | 205.91     | 204.51    
~~~~~~~~~~~~~~~~~~~~~~~~~~~~~~~~~~~~~~~~~~
     Drone (3):
          4          | 1          | 6          | 1          | 8         
s_times   21.74      | 44.04      | 125.78     | 148.08     | 229.42    
c_times   22.2       | 104.04     | 126.24     | 208.08     | 230.54    
travels   21.84      | 21.74      | 21.84      | 21.34      | 0.0       
charges   217.8      | 240.0      | 217.8      | 240.0      | 217.54    
~~~~~~~~~~~~~~~~~~~~~~~~~~~~~~~~~~~~~~~~~~
