~~~~~~~~~~~~~~~~~~~ [3, 'SB', 4, 360] ~~~~~~~~~~~~~~~~~~~
     seed: 5842917579678469337
 Families: [[1], [2, 3], [4, 5, 6], [7, 8], [9, 10, 11], [12]]
  i_times: [240.0, 420.0, 960.0, 780.0]
Fam slots: [[3, 5], [1, 4, 6], [1, 7], [1, 6, 7]]
Ear_dates: [0, 540.0, 900.0, 180.0, 720.0, 1080.0, 180.0, 1260.0, 180.0, 1080.0, 1260.0, 0]
Due_dates: [1440, 720.0, 1080.0, 360.0, 900.0, 1260.0, 360.0, 1440.0, 360.0, 1260.0, 1440.0, 1440]
Monitor_t: [60.0, 1.35, 1.35, 0.46, 0.46, 0.46, 1.12, 1.12, 2.39, 2.39, 2.39, 0.0]
~~~~~~~~~~~~~~~~~~~ Comparing the results ~~~~~~~~~~~~~~~~~~~
***** lp_Variables: 2234
***** lp_Constraints: 3906
***** lp_objective: 1126.6799999999996
***** lp_Sol_time: 72.316
     Drone (1):
          2          | 7          | 3          | 5         
s_times   18.63      | 21.87      | 26.42      | 29.58     
c_times   19.98      | 22.99      | 27.77      | 30.04     
travels   1.89       | 3.43       | 1.81       | 0.0       
charges   340.02     | 337.01     | 332.23     | 329.96    
~~~~~~~~~~~~~~~~~~~~~~~~~~~~~~~~~~~~~~~~~~
     Drone (2):
          4          | 1          | 10         | 8         
s_times   21.74      | 44.04      | 124.26     | 133.93    
c_times   22.2       | 104.04     | 126.65     | 135.05    
travels   21.84      | 20.22      | 7.28       | 0.0       
charges   337.8      | 360.0      | 337.39     | 328.99    
~~~~~~~~~~~~~~~~~~~~~~~~~~~~~~~~~~~~~~~~~~
     Drone (3):
          9          | 1          | 6          | 11        
s_times   20.22      | 45.03      | 126.77     | 133.32    
c_times   22.61      | 105.03     | 127.23     | 135.71    
travels   22.42      | 21.74      | 6.09       | 0.0       
charges   337.39     | 360.0      | 337.8      | 329.32    
~~~~~~~~~~~~~~~~~~~~~~~~~~~~~~~~~~~~~~~~~~
***** nlp_Variables: 182
***** nlp_Constraints: 94
***** nlp_objective: 1126.68
***** nlp_Sol_time: 30.016
     Drone (1):
          9          | 1          | 6          | 11        
s_times   20.22      | 45.03      | 126.77     | 133.32    
c_times   22.61      | 105.03     | 127.23     | 135.71    
travels   22.42      | 21.74      | 6.09       | 0.0       
charges   337.39     | 360.0      | 337.8      | 329.32    
~~~~~~~~~~~~~~~~~~~~~~~~~~~~~~~~~~~~~~~~~~
     Drone (2):
          2          | 7          | 3          | 5         
s_times   18.63      | 21.87      | 26.42      | 29.58     
c_times   19.98      | 22.99      | 27.77      | 30.04     
travels   1.89       | 3.43       | 1.81       | 0.0       
charges   340.02     | 337.01     | 332.23     | 329.96    
~~~~~~~~~~~~~~~~~~~~~~~~~~~~~~~~~~~~~~~~~~
     Drone (3):
          4          | 1          | 10         | 8         
s_times   21.74      | 44.04      | 124.26     | 133.93    
c_times   22.2       | 104.04     | 126.65     | 135.05    
travels   21.84      | 20.22      | 7.28       | 0.0       
charges   337.8      | 360.0      | 337.39     | 328.99    
~~~~~~~~~~~~~~~~~~~~~~~~~~~~~~~~~~~~~~~~~~
