~~~~~~~~~~~~~~~~~~~ [3, 'SB', 5, 120] ~~~~~~~~~~~~~~~~~~~
     seed: 5842917579678469337
 Families: [[1], [2, 3], [4, 5, 6], [7, 8], [9, 10, 11], [12]]
  i_times: [240.0, 420.0, 960.0, 780.0]
Fam slots: [[3, 5], [1, 4, 6], [1, 7], [1, 6, 7]]
Ear_dates: [0, 540.0, 900.0, 180.0, 720.0, 1080.0, 180.0, 1260.0, 180.0, 1080.0, 1260.0, 0]
Due_dates: [1440, 720.0, 1080.0, 360.0, 900.0, 1260.0, 360.0, 1440.0, 360.0, 1260.0, 1440.0, 1440]
Monitor_t: [60.0, 1.35, 1.35, 0.46, 0.46, 0.46, 1.12, 1.12, 2.39, 2.39, 2.39, 0.0]
~~~~~~~~~~~~~~~~~~~ Comparing the results ~~~~~~~~~~~~~~~~~~~
***** lp_Variables: 2792
***** lp_Constraints: 5094
***** lp_objective: 1030.58
***** lp_Sol_time: 25.082
     Drone (1):
          4          | 1          | 6          | 1          | 8         
s_times   21.74      | 44.04      | 125.78     | 148.08     | 229.42    
c_times   22.2       | 104.04     | 126.24     | 208.08     | 230.54    
travels   21.84      | 21.74      | 21.84      | 21.34      | 0.0       
charges   97.8       | 120.0      | 97.8       | 120.0      | 97.54     
~~~~~~~~~~~~~~~~~~~~~~~~~~~~~~~~~~~~~~~~~~
     Drone (2):
          9          | 1          | 10         | 1          | 11        
s_times   20.22      | 45.03      | 125.25     | 150.06     | 230.28    
c_times   22.61      | 105.03     | 127.64     | 210.06     | 232.67    
travels   22.42      | 20.22      | 22.42      | 20.22      | 0.0       
charges   97.39      | 120.0      | 97.39      | 120.0      | 97.39     
~~~~~~~~~~~~~~~~~~~~~~~~~~~~~~~~~~~~~~~~~~
     Drone (3):
          2          | 7          | 5          | 12         | 3         
s_times   18.63      | 21.87      | 25.75      | 27.49      | 29.73     
c_times   19.98      | 22.99      | 26.21      | 27.49      | 31.08     
travels   1.89       | 2.76       | 1.28       | 2.24       | 0.0       
charges   100.02     | 97.01      | 93.79      | 92.51      | 88.92     
~~~~~~~~~~~~~~~~~~~~~~~~~~~~~~~~~~~~~~~~~~
***** nlp_Variables: 227
***** nlp_Constraints: 112
***** nlp_objective: 1030.58
***** nlp_Sol_time: 23.508
     Drone (1):
          7          | 5          | 2          | 1          | 3         
s_times   21.34      | 25.22      | 28.91      | 50.21      | 128.84    
c_times   22.46      | 25.68      | 30.26      | 110.21     | 130.19    
travels   2.76       | 3.23       | 19.95      | 18.63      | 0.0       
charges   97.54      | 94.32      | 89.74      | 120.0      | 100.02    
~~~~~~~~~~~~~~~~~~~~~~~~~~~~~~~~~~~~~~~~~~
     Drone (2):
          4          | 1          | 6          | 1          | 8         
s_times   21.74      | 44.04      | 125.78     | 148.08     | 229.42    
c_times   22.2       | 104.04     | 126.24     | 208.08     | 230.54    
travels   21.84      | 21.74      | 21.84      | 21.34      | 0.0       
charges   97.8       | 120.0      | 97.8       | 120.0      | 97.54     
~~~~~~~~~~~~~~~~~~~~~~~~~~~~~~~~~~~~~~~~~~
     Drone (3):
          9          | 1          | 10         | 1          | 11        
s_times   20.22      | 45.03      | 125.25     | 150.06     | 230.28    
c_times   22.61      | 105.03     | 127.64     | 210.06     | 232.67    
travels   22.42      | 20.22      | 22.42      | 20.22      | 0.0       
charges   97.39      | 120.0      | 97.39      | 120.0      | 97.39     
~~~~~~~~~~~~~~~~~~~~~~~~~~~~~~~~~~~~~~~~~~
