~~~~~~~~~~~~~~~~~~~ [3, 'SB', 6, 360] ~~~~~~~~~~~~~~~~~~~
     seed: 6739884464658267805
 Families: [[1], [2, 3], [4, 5, 6], [7, 8], [9, 10, 11], [12]]
  i_times: [600.0, 240.0, 60.0, 780.0]
Fam slots: [[1, 5], [1, 3, 4], [1, 2], [0, 1, 6]]
Ear_dates: [0, 180.0, 900.0, 180.0, 540.0, 720.0, 180.0, 360.0, 0.0, 180.0, 1080.0, 0]
Due_dates: [1440, 360.0, 1080.0, 360.0, 720.0, 900.0, 360.0, 540.0, 180.0, 360.0, 1260.0, 1440]
Monitor_t: [60.0, 1.35, 1.35, 0.46, 0.46, 0.46, 1.12, 1.12, 2.39, 2.39, 2.39, 0.0]
~~~~~~~~~~~~~~~~~~~ Comparing the results ~~~~~~~~~~~~~~~~~~~
***** lp_Variables: 3350
***** lp_Constraints: 6282
***** lp_objective: 838.75
***** lp_Sol_time: 1161.799
     Drone (1):
          4          | 0          | 5          | 0          | 6          | 2         
s_times   21.74      | 22.2       | 22.2       | 22.66      | 22.66      | 26.35     
c_times   22.2       | 22.2       | 22.66      | 22.66      | 23.12      | 27.7      
travels   1.28       | 1.45       | 1.28       | 1.45       | 3.23       | 0.0       
charges   337.8      | 337.8      | 337.34     | 337.34     | 336.88     | 332.3     
~~~~~~~~~~~~~~~~~~~~~~~~~~~~~~~~~~~~~~~~~~
     Drone (2):
          0          | 1          | 8          | 0          | 0          | 3         
s_times   0.0        | 0.0        | 81.34      | 82.46      | 82.46      | 82.46     
c_times   0.0        | 60.0       | 82.46      | 82.46      | 82.46      | 83.81     
travels   20.68      | 21.34      | 3.57       | 0.0        | 2.24       | 0.0       
charges   360.0      | 360.0      | 337.54     | 337.54     | 337.54     | 336.19    
~~~~~~~~~~~~~~~~~~~~~~~~~~~~~~~~~~~~~~~~~~
     Drone (3):
          7          | 9          | 1          | 10         | 1          | 11        
s_times   21.34      | 31.19      | 56.0       | 136.22     | 161.03     | 241.25    
c_times   22.46      | 33.58      | 116.0      | 138.61     | 221.03     | 243.64    
travels   8.73       | 22.42      | 20.22      | 22.42      | 20.22      | 0.0       
charges   337.54     | 326.42     | 360.0      | 337.39     | 360.0      | 337.39    
~~~~~~~~~~~~~~~~~~~~~~~~~~~~~~~~~~~~~~~~~~
***** nlp_Variables: 272
***** nlp_Constraints: 130
***** nlp_objective: 838.75
***** nlp_Sol_time: 33.575
     Drone (1):
          9          | 1          | 10         | 1          | 8          | 11        
s_times   20.22      | 45.03      | 125.25     | 150.06     | 231.4      | 241.25    
c_times   22.61      | 105.03     | 127.64     | 210.06     | 232.52     | 243.64    
travels   22.42      | 20.22      | 22.42      | 21.34      | 8.73       | 0.0       
charges   337.39     | 360.0      | 337.39     | 360.0      | 337.54     | 326.42    
~~~~~~~~~~~~~~~~~~~~~~~~~~~~~~~~~~~~~~~~~~
     Drone (2):
          0          | 4          | 2          | 5          | 12         | 1         
s_times   0.0        | 0.0        | 3.69       | 6.85       | 8.59       | 29.27     
c_times   0.0        | 0.46       | 5.04       | 7.31       | 8.59       | 89.27     
travels   1.45       | 3.23       | 1.81       | 1.28       | 20.68      | 0.0       
charges   360.0      | 359.54     | 354.96     | 352.69     | 351.41     | 360.0     
~~~~~~~~~~~~~~~~~~~~~~~~~~~~~~~~~~~~~~~~~~
     Drone (3):
          0          | 1          | 3          | 1          | 7          | 6         
s_times   0.0        | 0.0        | 78.63      | 99.93      | 181.27     | 185.15    
c_times   0.0        | 60.0       | 79.98      | 159.93     | 182.39     | 185.61    
travels   20.68      | 18.63      | 19.95      | 21.34      | 2.76       | 0.0       
charges   360.0      | 360.0      | 340.02     | 360.0      | 337.54     | 334.32    
~~~~~~~~~~~~~~~~~~~~~~~~~~~~~~~~~~~~~~~~~~
