~~~~~~~~~~~~~~~~~~~ [3, 'SB', 5, 120] ~~~~~~~~~~~~~~~~~~~
     seed: 1756212420844415999
 Families: [[1], [2, 3], [4, 5, 6], [7, 8], [9, 10, 11], [12]]
  i_times: [1140.0, 780.0, 60.0, 420.0]
Fam slots: [[0, 7], [0, 5, 7], [0, 1], [2, 5, 7]]
Ear_dates: [0, 0.0, 1260.0, 0.0, 900.0, 1260.0, 0.0, 180.0, 360.0, 900.0, 1260.0, 0]
Due_dates: [1440, 180.0, 1440.0, 180.0, 1080.0, 1440.0, 180.0, 360.0, 540.0, 1080.0, 1440.0, 1440]
Monitor_t: [60.0, 1.35, 1.35, 0.46, 0.46, 0.46, 1.12, 1.12, 2.39, 2.39, 2.39, 0.0]
~~~~~~~~~~~~~~~~~~~ Comparing the results ~~~~~~~~~~~~~~~~~~~
***** lp_Variables: 2792
***** lp_Constraints: 5094
***** lp_objective: 1113.7099998885265
***** lp_Sol_time: 231.252
     Drone (1):
          7          | 1          | 2          | 1          | 11        
s_times   21.34      | 43.46      | 122.09     | 143.39     | 223.61    
c_times   22.46      | 103.46     | 123.44     | 203.39     | 226.0     
travels   21.0       | 18.63      | 19.95      | 20.22      | 0.0       
charges   97.54      | 120.0      | 100.02     | 120.0      | 97.39     
~~~~~~~~~~~~~~~~~~~~~~~~~~~~~~~~~~~~~~~~~~
     Drone (2):
          9          | 8          | 10         | 1          | 6         
s_times   20.22      | 29.89      | 39.74      | 64.55      | 146.29    
c_times   22.61      | 31.01      | 42.13      | 124.55     | 146.75    
travels   7.28       | 8.73       | 22.42      | 21.74      | 0.0       
charges   97.39      | 88.99      | 77.87      | 120.0      | 97.8      
~~~~~~~~~~~~~~~~~~~~~~~~~~~~~~~~~~~~~~~~~~
     Drone (3):
          4          | 1          | 5          | 1          | 3         
s_times   21.74      | 44.04      | 125.78     | 148.08     | 226.71    
c_times   22.2       | 104.04     | 126.24     | 208.08     | 228.06    
travels   21.84      | 21.74      | 21.84      | 18.63      | 0.0       
charges   97.8       | 120.0      | 97.8       | 120.0      | 100.02    
~~~~~~~~~~~~~~~~~~~~~~~~~~~~~~~~~~~~~~~~~~
***** nlp_Variables: 227
***** nlp_Constraints: 112
***** nlp_objective: 1113.71
***** nlp_Sol_time: 37.331
     Drone (1):
          9          | 8          | 10         | 1          | 6         
s_times   20.22      | 29.89      | 39.74      | 64.55      | 146.29    
c_times   22.61      | 31.01      | 42.13      | 124.55     | 146.75    
travels   7.28       | 8.73       | 22.42      | 21.74      | 0.0       
charges   97.39      | 88.99      | 77.87      | 120.0      | 97.8      
~~~~~~~~~~~~~~~~~~~~~~~~~~~~~~~~~~~~~~~~~~
     Drone (2):
          4          | 1          | 5          | 1          | 11        
s_times   21.74      | 44.04      | 125.78     | 148.08     | 228.3     
c_times   22.2       | 104.04     | 126.24     | 208.08     | 230.69    
travels   21.84      | 21.74      | 21.84      | 20.22      | 0.0       
charges   97.8       | 120.0      | 97.8       | 120.0      | 97.39     
~~~~~~~~~~~~~~~~~~~~~~~~~~~~~~~~~~~~~~~~~~
     Drone (3):
          7          | 1          | 2          | 1          | 3         
s_times   21.34      | 43.46      | 122.09     | 143.39     | 222.02    
c_times   22.46      | 103.46     | 123.44     | 203.39     | 223.37    
travels   21.0       | 18.63      | 19.95      | 18.63      | 0.0       
charges   97.54      | 120.0      | 100.02     | 120.0      | 100.02    
~~~~~~~~~~~~~~~~~~~~~~~~~~~~~~~~~~~~~~~~~~
