~~~~~~~~~~~~~~~~~~~ [3, 'SB', 5, 120] ~~~~~~~~~~~~~~~~~~~
     seed: 5434789834338051980
 Families: [[1], [2, 3], [4, 5, 6], [7, 8], [9, 10, 11], [12]]
  i_times: [60.0, 420.0, 780.0, 780.0]
Fam slots: [[0, 1], [2, 4, 7], [1, 6], [0, 5, 7]]
Ear_dates: [0, 0.0, 180.0, 360.0, 720.0, 1260.0, 180.0, 1080.0, 0.0, 900.0, 1260.0, 0]
Due_dates: [1440, 180.0, 360.0, 540.0, 900.0, 1440.0, 360.0, 1260.0, 180.0, 1080.0, 1440.0, 1440]
Monitor_t: [60.0, 1.35, 1.35, 0.46, 0.46, 0.46, 1.12, 1.12, 2.39, 2.39, 2.39, 0.0]
~~~~~~~~~~~~~~~~~~~ Comparing the results ~~~~~~~~~~~~~~~~~~~
***** lp_Variables: 2792
***** lp_Constraints: 5094
***** lp_objective: 1030.1799999999996
***** lp_Sol_time: 68.469
     Drone (1):
          9          | 1          | 10         | 1          | 11        
s_times   20.22      | 45.03      | 125.25     | 150.06     | 230.28    
c_times   22.61      | 105.03     | 127.64     | 210.06     | 232.67    
travels   22.42      | 20.22      | 22.42      | 20.22      | 0.0       
charges   97.39      | 120.0      | 97.39      | 120.0      | 97.39     
~~~~~~~~~~~~~~~~~~~~~~~~~~~~~~~~~~~~~~~~~~
     Drone (2):
          4          | 1          | 5          | 1          | 6         
s_times   21.74      | 44.04      | 125.78     | 148.08     | 229.82    
c_times   22.2       | 104.04     | 126.24     | 208.08     | 230.28    
travels   21.84      | 21.74      | 21.84      | 21.74      | 0.0       
charges   97.8       | 120.0      | 97.8       | 120.0      | 97.8      
~~~~~~~~~~~~~~~~~~~~~~~~~~~~~~~~~~~~~~~~~~
     Drone (3):
          2          | 7          | 3          | 1          | 8         
s_times   18.63      | 21.87      | 26.42      | 47.72      | 129.06    
c_times   19.98      | 22.99      | 27.77      | 107.72     | 130.18    
travels   1.89       | 3.43       | 19.95      | 21.34      | 0.0       
charges   100.02     | 97.01      | 92.23      | 120.0      | 97.54     
~~~~~~~~~~~~~~~~~~~~~~~~~~~~~~~~~~~~~~~~~~
***** nlp_Variables: 227
***** nlp_Constraints: 112
***** nlp_objective: 1030.18
***** nlp_Sol_time: 29.121
     Drone (1):
          9          | 1          | 10         | 1          | 11        
s_times   20.22      | 45.03      | 125.25     | 150.06     | 230.28    
c_times   22.61      | 105.03     | 127.64     | 210.06     | 232.67    
travels   22.42      | 20.22      | 22.42      | 20.22      | 0.0       
charges   97.39      | 120.0      | 97.39      | 120.0      | 97.39     
~~~~~~~~~~~~~~~~~~~~~~~~~~~~~~~~~~~~~~~~~~
     Drone (2):
          7          | 1          | 2          | 8          | 3         
s_times   21.34      | 43.46      | 122.09     | 125.33     | 129.88    
c_times   22.46      | 103.46     | 123.44     | 126.45     | 131.23    
travels   21.0       | 18.63      | 1.89       | 3.43       | 0.0       
charges   97.54      | 120.0      | 100.02     | 97.01      | 92.23     
~~~~~~~~~~~~~~~~~~~~~~~~~~~~~~~~~~~~~~~~~~
     Drone (3):
          4          | 1          | 5          | 1          | 6         
s_times   21.74      | 44.04      | 125.78     | 148.08     | 229.82    
c_times   22.2       | 104.04     | 126.24     | 208.08     | 230.28    
travels   21.84      | 21.74      | 21.84      | 21.74      | 0.0       
charges   97.8       | 120.0      | 97.8       | 120.0      | 97.8      
~~~~~~~~~~~~~~~~~~~~~~~~~~~~~~~~~~~~~~~~~~
