~~~~~~~~~~~~~~~~~~~ [3, 'SB', 5, 360] ~~~~~~~~~~~~~~~~~~~
     seed: 3521775807566813241
 Families: [[1], [2, 3], [4, 5, 6], [7, 8], [9, 10, 11], [12]]
  i_times: [960.0, 600.0, 780.0, 600.0]
Fam slots: [[0, 6], [0, 4, 6], [0, 5], [0, 4, 7]]
Ear_dates: [0, 0.0, 1080.0, 0.0, 720.0, 1080.0, 0.0, 900.0, 0.0, 720.0, 1260.0, 0]
Due_dates: [1440, 180.0, 1260.0, 180.0, 900.0, 1260.0, 180.0, 1080.0, 180.0, 900.0, 1440.0, 1440]
Monitor_t: [60.0, 1.35, 1.35, 0.46, 0.46, 0.46, 1.12, 1.12, 2.39, 2.39, 2.39, 0.0]
~~~~~~~~~~~~~~~~~~~ Comparing the results ~~~~~~~~~~~~~~~~~~~
***** lp_Variables: 2792
***** lp_Constraints: 5094
***** lp_objective: 1029.7199999999998
***** lp_Sol_time: 6.655
     Drone (1):
          9          | 1          | 10         | 1          | 11        
s_times   20.22      | 45.03      | 125.25     | 150.06     | 230.28    
c_times   22.61      | 105.03     | 127.64     | 210.06     | 232.67    
travels   22.42      | 20.22      | 22.42      | 20.22      | 0.0       
charges   337.39     | 360.0      | 337.39     | 360.0      | 337.39    
~~~~~~~~~~~~~~~~~~~~~~~~~~~~~~~~~~~~~~~~~~
     Drone (2):
          4          | 1          | 7          | 6          | 8         
s_times   21.74      | 44.04      | 125.38     | 129.26     | 131.82    
c_times   22.2       | 104.04     | 126.5      | 129.72     | 132.94    
travels   21.84      | 21.34      | 2.76       | 2.1        | 0.0       
charges   337.8      | 360.0      | 337.54     | 334.32     | 331.1     
~~~~~~~~~~~~~~~~~~~~~~~~~~~~~~~~~~~~~~~~~~
     Drone (3):
          2          | 1          | 5          | 3          | 0         
s_times   18.63      | 39.93      | 121.67     | 125.36     | 126.71    
c_times   19.98      | 99.93      | 122.13     | 126.71     | 126.71    
travels   19.95      | 21.74      | 3.23       | 1.4        | 0.0       
charges   340.02     | 360.0      | 337.8      | 333.22     | 333.22    
~~~~~~~~~~~~~~~~~~~~~~~~~~~~~~~~~~~~~~~~~~
***** nlp_Variables: 227
***** nlp_Constraints: 112
***** nlp_objective: 1029.72
***** nlp_Sol_time: 11.339
     Drone (1):
          9          | 1          | 10         | 1          | 11        
s_times   20.22      | 45.03      | 125.25     | 150.06     | 230.28    
c_times   22.61      | 105.03     | 127.64     | 210.06     | 232.67    
travels   22.42      | 20.22      | 22.42      | 20.22      | 0.0       
charges   337.39     | 360.0      | 337.39     | 360.0      | 337.39    
~~~~~~~~~~~~~~~~~~~~~~~~~~~~~~~~~~~~~~~~~~
     Drone (2):
          2          | 7          | 5          | 1          | 3         
s_times   18.63      | 21.87      | 25.75      | 48.05      | 126.68    
c_times   19.98      | 22.99      | 26.21      | 108.05     | 128.03    
travels   1.89       | 2.76       | 21.84      | 18.63      | 0.0       
charges   340.02     | 337.01     | 333.79     | 360.0      | 340.02    
~~~~~~~~~~~~~~~~~~~~~~~~~~~~~~~~~~~~~~~~~~
     Drone (3):
          4          | 1          | 8          | 1          | 6         
s_times   21.74      | 44.04      | 125.38     | 147.5      | 229.24    
c_times   22.2       | 104.04     | 126.5      | 207.5      | 229.7     
travels   21.84      | 21.34      | 21.0       | 21.74      | 0.0       
charges   337.8      | 360.0      | 337.54     | 360.0      | 337.8     
~~~~~~~~~~~~~~~~~~~~~~~~~~~~~~~~~~~~~~~~~~
