~~~~~~~~~~~~~~~~~~~ [3, 'SB', 5, 240] ~~~~~~~~~~~~~~~~~~~
     seed: 7355049983161008923
 Families: [[1], [2, 3], [4, 5, 6], [7, 8], [9, 10, 11], [12]]
  i_times: [600.0, 600.0, 240.0, 600.0]
Fam slots: [[1, 5], [0, 2, 6], [3, 5], [1, 3, 7]]
Ear_dates: [0, 180.0, 900.0, 0.0, 360.0, 1080.0, 540.0, 900.0, 180.0, 540.0, 1260.0, 0]
Due_dates: [1440, 360.0, 1080.0, 180.0, 540.0, 1260.0, 720.0, 1080.0, 360.0, 720.0, 1440.0, 1440]
Monitor_t: [60.0, 1.35, 1.35, 0.46, 0.46, 0.46, 1.12, 1.12, 2.39, 2.39, 2.39, 0.0]
~~~~~~~~~~~~~~~~~~~ Comparing the results ~~~~~~~~~~~~~~~~~~~
***** lp_Variables: 2792
***** lp_Constraints: 5094
***** lp_objective: 1029.72
***** lp_Sol_time: 8.77
     Drone (1):
          9          | 1          | 10         | 1          | 11        
s_times   20.22      | 45.03      | 125.25     | 150.06     | 230.28    
c_times   22.61      | 105.03     | 127.64     | 210.06     | 232.67    
travels   22.42      | 20.22      | 22.42      | 20.22      | 0.0       
charges   217.39     | 240.0      | 217.39     | 240.0      | 217.39    
~~~~~~~~~~~~~~~~~~~~~~~~~~~~~~~~~~~~~~~~~~
     Drone (2):
          2          | 1          | 3          | 1          | 6         
s_times   18.63      | 39.93      | 118.56     | 139.86     | 221.6     
c_times   19.98      | 99.93      | 119.91     | 199.86     | 222.06    
travels   19.95      | 18.63      | 19.95      | 21.74      | 0.0       
charges   220.02     | 240.0      | 220.02     | 240.0      | 217.8     
~~~~~~~~~~~~~~~~~~~~~~~~~~~~~~~~~~~~~~~~~~
     Drone (3):
          7          | 0          | 4          | 8          | 5         
s_times   21.34      | 22.46      | 22.46      | 25.02      | 28.9      
c_times   22.46      | 22.46      | 22.92      | 26.14      | 29.36     
travels   3.57       | 1.45       | 2.1        | 2.76       | 0.0       
charges   217.54     | 217.54     | 217.08     | 213.86     | 210.64    
~~~~~~~~~~~~~~~~~~~~~~~~~~~~~~~~~~~~~~~~~~
***** nlp_Variables: 227
***** nlp_Constraints: 112
***** nlp_objective: 1029.7199999999916
***** nlp_Sol_time: 5.543
     Drone (1):
          9          | 1          | 10         | 1          | 11        
s_times   20.22      | 45.03      | 125.25     | 150.06     | 230.28    
c_times   22.61      | 105.03     | 127.64     | 210.06     | 232.67    
travels   22.42      | 20.22      | 22.42      | 20.22      | 0.0       
charges   217.39     | 240.0      | 217.39     | 240.0      | 217.39    
~~~~~~~~~~~~~~~~~~~~~~~~~~~~~~~~~~~~~~~~~~
     Drone (2):
          4          | 3          | 5          | 1          | 6         
s_times   21.74      | 25.43      | 28.59      | 50.89      | 132.63    
c_times   22.2       | 26.78      | 29.05      | 110.89     | 133.09    
travels   3.23       | 1.81       | 21.84      | 21.74      | 0.0       
charges   217.8      | 213.22     | 210.95     | 240.0      | 217.8     
~~~~~~~~~~~~~~~~~~~~~~~~~~~~~~~~~~~~~~~~~~
     Drone (3):
          0          | 7          | 12         | 2          | 8         
s_times   0.0        | 0.0        | 4.69       | 6.93       | 10.17     
c_times   0.0        | 1.12       | 4.69       | 8.28       | 11.29     
travels   2.62       | 3.57       | 2.24       | 1.89       | 0.0       
charges   240.0      | 238.88     | 235.31     | 231.72     | 228.71    
~~~~~~~~~~~~~~~~~~~~~~~~~~~~~~~~~~~~~~~~~~
