~~~~~~~~~~~~~~~~~~~ [3, 'SB', 5, 120] ~~~~~~~~~~~~~~~~~~~
     seed: 8466588787516917229
 Families: [[1], [2, 3], [4, 5, 6], [7, 8], [9, 10, 11], [12]]
  i_times: [420.0, 420.0, 240.0, 420.0]
Fam slots: [[1, 4], [2, 5, 7], [2, 4], [0, 3, 5]]
Ear_dates: [0, 180.0, 720.0, 360.0, 900.0, 1260.0, 360.0, 720.0, 0.0, 540.0, 900.0, 0]
Due_dates: [1440, 360.0, 900.0, 540.0, 1080.0, 1440.0, 540.0, 900.0, 180.0, 720.0, 1080.0, 1440]
Monitor_t: [60.0, 1.35, 1.35, 0.46, 0.46, 0.46, 1.12, 1.12, 2.39, 2.39, 2.39, 0.0]
~~~~~~~~~~~~~~~~~~~ Comparing the results ~~~~~~~~~~~~~~~~~~~
***** lp_Variables: 2792
***** lp_Constraints: 5094
***** lp_objective: 1028.2
***** lp_Sol_time: 5.743
     Drone (1):
          2          | 1          | 5          | 8          | 11        
s_times   18.63      | 39.93      | 121.67     | 124.23     | 134.08    
c_times   19.98      | 99.93      | 122.13     | 125.35     | 136.47    
travels   19.95      | 21.74      | 2.1        | 8.73       | 0.0       
charges   100.02     | 120.0      | 97.8       | 94.58      | 83.46     
~~~~~~~~~~~~~~~~~~~~~~~~~~~~~~~~~~~~~~~~~~
     Drone (2):
          9          | 1          | 10         | 1          | 6         
s_times   20.22      | 45.03      | 125.25     | 150.06     | 231.8     
c_times   22.61      | 105.03     | 127.64     | 210.06     | 232.26    
travels   22.42      | 20.22      | 22.42      | 21.74      | 0.0       
charges   97.39      | 120.0      | 97.39      | 120.0      | 97.8      
~~~~~~~~~~~~~~~~~~~~~~~~~~~~~~~~~~~~~~~~~~
     Drone (3):
          4          | 3          | 0          | 1          | 7         
s_times   21.74      | 25.43      | 26.78      | 26.78      | 108.12    
c_times   22.2       | 26.78      | 26.78      | 86.78      | 109.24    
travels   3.23       | 1.4        | 20.68      | 21.34      | 0.0       
charges   97.8       | 93.22      | 93.22      | 120.0      | 97.54     
~~~~~~~~~~~~~~~~~~~~~~~~~~~~~~~~~~~~~~~~~~
***** nlp_Variables: 227
***** nlp_Constraints: 112
***** nlp_objective: 1028.2
***** nlp_Sol_time: 14.491
     Drone (1):
          4          | 1          | 5          | 1          | 11        
s_times   21.74      | 44.04      | 125.78     | 148.08     | 228.3     
c_times   22.2       | 104.04     | 126.24     | 208.08     | 230.69    
travels   21.84      | 21.74      | 21.84      | 20.22      | 0.0       
charges   97.8       | 120.0      | 97.8       | 120.0      | 97.39     
~~~~~~~~~~~~~~~~~~~~~~~~~~~~~~~~~~~~~~~~~~
     Drone (2):
          2          | 7          | 3          | 8          | 1         
s_times   18.63      | 21.87      | 26.42      | 29.66      | 51.78     
c_times   19.98      | 22.99      | 27.77      | 30.78      | 111.78    
travels   1.89       | 3.43       | 1.89       | 21.0       | 0.0       
charges   100.02     | 97.01      | 92.23      | 89.22      | 120.0     
~~~~~~~~~~~~~~~~~~~~~~~~~~~~~~~~~~~~~~~~~~
     Drone (3):
          9          | 1          | 10         | 1          | 6         
s_times   20.22      | 45.03      | 125.25     | 150.06     | 231.8     
c_times   22.61      | 105.03     | 127.64     | 210.06     | 232.26    
travels   22.42      | 20.22      | 22.42      | 21.74      | 0.0       
charges   97.39      | 120.0      | 97.39      | 120.0      | 97.8      
~~~~~~~~~~~~~~~~~~~~~~~~~~~~~~~~~~~~~~~~~~
