~~~~~~~~~~~~~~~~~~~ [4, 'SB', 4, 360] ~~~~~~~~~~~~~~~~~~~
     seed: 6739884464658267805
 Families: [[1], [2, 3], [4, 5, 6], [7, 8], [9, 10, 11], [12]]
  i_times: [600.0, 240.0, 60.0, 780.0]
Fam slots: [[1, 5], [1, 3, 4], [1, 2], [0, 1, 6]]
Ear_dates: [0, 180.0, 900.0, 180.0, 540.0, 720.0, 180.0, 360.0, 0.0, 180.0, 1080.0, 0]
Due_dates: [1440, 360.0, 1080.0, 360.0, 720.0, 900.0, 360.0, 540.0, 180.0, 360.0, 1260.0, 1440]
Monitor_t: [60.0, 1.35, 1.35, 0.46, 0.46, 0.46, 1.12, 1.12, 2.39, 2.39, 2.39, 0.0]
~~~~~~~~~~~~~~~~~~~ Comparing the results ~~~~~~~~~~~~~~~~~~~
***** lp_Variables: 2978
***** lp_Constraints: 5194
***** lp_objective: 943.7799999999992
***** lp_Sol_time: 3.537
     Drone (1):
          7          | 10         | 1          | 11        
s_times   21.34      | 31.19      | 56.0       | 136.22    
c_times   22.46      | 33.58      | 116.0      | 138.61    
travels   8.73       | 22.42      | 20.22      | 0.0       
charges   337.54     | 326.42     | 360.0      | 337.39    
~~~~~~~~~~~~~~~~~~~~~~~~~~~~~~~~~~~~~~~~~~
     Drone (2):
          12         | 8          | 5          | 0         
s_times   20.68      | 23.3       | 27.18      | 27.64     
c_times   20.68      | 24.42      | 27.64      | 27.64     
travels   2.62       | 2.76       | 1.28       | 0.0       
charges   339.32     | 335.58     | 332.36     | 332.36    
~~~~~~~~~~~~~~~~~~~~~~~~~~~~~~~~~~~~~~~~~~
     Drone (3):
          0          | 2          | 9          | 3         
s_times   0.0        | 0.0        | 7.61       | 16.45     
c_times   0.0        | 1.35       | 10.0       | 17.8      
travels   2.24       | 6.26       | 6.45       | 0.0       
charges   360.0      | 358.65     | 350.0      | 342.2     
~~~~~~~~~~~~~~~~~~~~~~~~~~~~~~~~~~~~~~~~~~
     Drone (4):
          0          | 4          | 1          | 6         
s_times   0.0        | 0.0        | 22.3       | 104.04    
c_times   0.0        | 0.46       | 82.3       | 104.5     
travels   1.45       | 21.84      | 21.74      | 0.0       
charges   360.0      | 359.54     | 360.0      | 337.8     
~~~~~~~~~~~~~~~~~~~~~~~~~~~~~~~~~~~~~~~~~~
***** nlp_Variables: 242
***** nlp_Constraints: 118
***** nlp_objective: 943.7799999999966
***** nlp_Sol_time: 10.261
     Drone (1):
          0          | 0          | 0          | 4         
s_times   0.0        | 0.0        | 0.0        | 0.0       
c_times   0.0        | 0.0        | 0.0        | 0.46      
travels   0.0        | 0.0        | 1.45       | 0.0       
charges   360.0      | 360.0      | 360.0      | 359.54    
~~~~~~~~~~~~~~~~~~~~~~~~~~~~~~~~~~~~~~~~~~
     Drone (2):
          5          | 9          | 2          | 6         
s_times   21.74      | 28.29      | 37.13      | 40.29     
c_times   22.2       | 30.68      | 38.48      | 40.75     
travels   6.09       | 6.45       | 1.81       | 0.0       
charges   337.8      | 329.32     | 321.52     | 319.25    
~~~~~~~~~~~~~~~~~~~~~~~~~~~~~~~~~~~~~~~~~~
     Drone (3):
          8          | 10         | 1          | 11        
s_times   21.34      | 31.19      | 56.0       | 136.22    
c_times   22.46      | 33.58      | 116.0      | 138.61    
travels   8.73       | 22.42      | 20.22      | 0.0       
charges   337.54     | 326.42     | 360.0      | 337.39    
~~~~~~~~~~~~~~~~~~~~~~~~~~~~~~~~~~~~~~~~~~
     Drone (4):
          0          | 7          | 1          | 3         
s_times   0.0        | 0.0        | 22.12      | 100.75    
c_times   0.0        | 1.12       | 82.12      | 102.1     
travels   2.62       | 21.0       | 18.63      | 0.0       
charges   360.0      | 358.88     | 360.0      | 340.02    
~~~~~~~~~~~~~~~~~~~~~~~~~~~~~~~~~~~~~~~~~~
