~~~~~~~~~~~~~~~~~~~ [4, 'SB', 4, 360] ~~~~~~~~~~~~~~~~~~~
     seed: 8466588787516917229
 Families: [[1], [2, 3], [4, 5, 6], [7, 8], [9, 10, 11], [12]]
  i_times: [420.0, 420.0, 240.0, 420.0]
Fam slots: [[1, 4], [2, 5, 7], [2, 4], [0, 3, 5]]
Ear_dates: [0, 180.0, 720.0, 360.0, 900.0, 1260.0, 360.0, 720.0, 0.0, 540.0, 900.0, 0]
Due_dates: [1440, 360.0, 900.0, 540.0, 1080.0, 1440.0, 540.0, 900.0, 180.0, 720.0, 1080.0, 1440]
Monitor_t: [60.0, 1.35, 1.35, 0.46, 0.46, 0.46, 1.12, 1.12, 2.39, 2.39, 2.39, 0.0]
~~~~~~~~~~~~~~~~~~~ Comparing the results ~~~~~~~~~~~~~~~~~~~
***** lp_Variables: 2978
***** lp_Constraints: 5194
***** lp_objective: 1122.2599999999775
***** lp_Sol_time: 4.888
     Drone (1):
          0          | 2          | 0          | 7         
s_times   0.0        | 0.0        | 1.35       | 1.35      
c_times   0.0        | 1.35       | 1.35       | 2.47      
travels   2.24       | 1.4        | 2.62       | 0.0       
charges   360.0      | 358.65     | 358.65     | 357.53    
~~~~~~~~~~~~~~~~~~~~~~~~~~~~~~~~~~~~~~~~~~
     Drone (2):
          3          | 9          | 0          | 10        
s_times   18.63      | 26.24      | 28.63      | 28.63     
c_times   19.98      | 28.63      | 28.63      | 31.02     
travels   6.26       | 4.84       | 5.2        | 0.0       
charges   340.02     | 331.37     | 331.37     | 328.98    
~~~~~~~~~~~~~~~~~~~~~~~~~~~~~~~~~~~~~~~~~~
     Drone (3):
          4          | 1          | 0          | 5         
s_times   21.74      | 44.04      | 104.04     | 104.04    
c_times   22.2       | 104.04     | 104.04     | 104.5     
travels   21.84      | 20.68      | 1.45       | 0.0       
charges   337.8      | 360.0      | 360.0      | 359.54    
~~~~~~~~~~~~~~~~~~~~~~~~~~~~~~~~~~~~~~~~~~
     Drone (4):
          8          | 11         | 1          | 6         
s_times   21.34      | 31.19      | 56.0       | 137.74    
c_times   22.46      | 33.58      | 116.0      | 138.2     
travels   8.73       | 22.42      | 21.74      | 0.0       
charges   337.54     | 326.42     | 360.0      | 337.8     
~~~~~~~~~~~~~~~~~~~~~~~~~~~~~~~~~~~~~~~~~~
***** nlp_Variables: 242
***** nlp_Constraints: 118
***** nlp_objective: 1122.2599999999918
***** nlp_Sol_time: 13.709
     Drone (1):
          9          | 3          | 1          | 5         
s_times   20.22      | 29.06      | 50.36      | 132.1     
c_times   22.61      | 30.41      | 110.36     | 132.56    
travels   6.45       | 19.95      | 21.74      | 0.0       
charges   337.39     | 329.59     | 360.0      | 337.8     
~~~~~~~~~~~~~~~~~~~~~~~~~~~~~~~~~~~~~~~~~~
     Drone (2):
          8          | 11         | 1          | 6         
s_times   21.34      | 31.19      | 56.0       | 137.74    
c_times   22.46      | 33.58      | 116.0      | 138.2     
travels   8.73       | 22.42      | 21.74      | 0.0       
charges   337.54     | 326.42     | 360.0      | 337.8     
~~~~~~~~~~~~~~~~~~~~~~~~~~~~~~~~~~~~~~~~~~
     Drone (3):
          0          | 7          | 2          | 1         
s_times   0.0        | 0.0        | 4.55       | 25.85     
c_times   0.0        | 1.12       | 5.9        | 85.85     
travels   2.62       | 3.43       | 19.95      | 0.0       
charges   360.0      | 358.88     | 354.1      | 360.0     
~~~~~~~~~~~~~~~~~~~~~~~~~~~~~~~~~~~~~~~~~~
     Drone (4):
          4          | 10         | 12         | 12        
s_times   21.74      | 28.29      | 35.52      | 35.52     
c_times   22.2       | 30.68      | 35.52      | 35.52     
travels   6.09       | 4.84       | 0.0        | 0.0       
charges   337.8      | 329.32     | 324.48     | 324.48    
~~~~~~~~~~~~~~~~~~~~~~~~~~~~~~~~~~~~~~~~~~
