~~~~~~~~~~~~~~~~~~~ [4, 'SB', 4, 360] ~~~~~~~~~~~~~~~~~~~
     seed: 5842917579678469337
 Families: [[1], [2, 3], [4, 5, 6], [7, 8], [9, 10, 11], [12]]
  i_times: [240.0, 420.0, 960.0, 780.0]
Fam slots: [[3, 5], [1, 4, 6], [1, 7], [1, 6, 7]]
Ear_dates: [0, 540.0, 900.0, 180.0, 720.0, 1080.0, 180.0, 1260.0, 180.0, 1080.0, 1260.0, 0]
Due_dates: [1440, 720.0, 1080.0, 360.0, 900.0, 1260.0, 360.0, 1440.0, 360.0, 1260.0, 1440.0, 1440]
Monitor_t: [60.0, 1.35, 1.35, 0.46, 0.46, 0.46, 1.12, 1.12, 2.39, 2.39, 2.39, 0.0]
~~~~~~~~~~~~~~~~~~~ Comparing the results ~~~~~~~~~~~~~~~~~~~
***** lp_Variables: 2978
***** lp_Constraints: 5194
***** lp_objective: 1125.0799998873908
***** lp_Sol_time: 335.534
     Drone (1):
          6          | 1          | 7          | 11        
s_times   21.74      | 44.04      | 125.38     | 135.23    
c_times   22.2       | 104.04     | 126.5      | 137.62    
travels   21.84      | 21.34      | 8.73       | 0.0       
charges   337.8      | 360.0      | 337.54     | 326.42    
~~~~~~~~~~~~~~~~~~~~~~~~~~~~~~~~~~~~~~~~~~
     Drone (2):
          3          | 0          | 5          | 0         
s_times   18.63      | 19.98      | 19.98      | 20.44     
c_times   19.98      | 19.98      | 20.44      | 20.44     
travels   1.4        | 1.45       | 1.28       | 0.0       
charges   340.02     | 340.02     | 339.56     | 339.56    
~~~~~~~~~~~~~~~~~~~~~~~~~~~~~~~~~~~~~~~~~~
     Drone (3):
          0          | 2          | 0          | 4         
s_times   0.0        | 0.0        | 1.35       | 1.35      
c_times   0.0        | 1.35       | 1.35       | 1.81      
travels   2.24       | 1.4        | 1.45       | 0.0       
charges   360.0      | 358.65     | 358.65     | 358.19    
~~~~~~~~~~~~~~~~~~~~~~~~~~~~~~~~~~~~~~~~~~
     Drone (4):
          9          | 1          | 10         | 8         
s_times   20.22      | 45.03      | 125.25     | 134.92    
c_times   22.61      | 105.03     | 127.64     | 136.04    
travels   22.42      | 20.22      | 7.28       | 0.0       
charges   337.39     | 360.0      | 337.39     | 328.99    
~~~~~~~~~~~~~~~~~~~~~~~~~~~~~~~~~~~~~~~~~~
***** nlp_Variables: 242
***** nlp_Constraints: 118
***** nlp_objective: 1125.08
***** nlp_Sol_time: 32.359
     Drone (1):
          12         | 3          | 1          | 6         
s_times   20.68      | 22.92      | 44.22      | 125.96    
c_times   20.68      | 24.27      | 104.22     | 126.42    
travels   2.24       | 19.95      | 21.74      | 0.0       
charges   339.32     | 335.73     | 360.0      | 337.8     
~~~~~~~~~~~~~~~~~~~~~~~~~~~~~~~~~~~~~~~~~~
     Drone (2):
          9          | 1          | 10         | 8         
s_times   20.22      | 45.03      | 125.25     | 134.92    
c_times   22.61      | 105.03     | 127.64     | 136.04    
travels   22.42      | 20.22      | 7.28       | 0.0       
charges   337.39     | 360.0      | 337.39     | 328.99    
~~~~~~~~~~~~~~~~~~~~~~~~~~~~~~~~~~~~~~~~~~
     Drone (3):
          4          | 1          | 7          | 11        
s_times   21.74      | 44.04      | 125.38     | 135.23    
c_times   22.2       | 104.04     | 126.5      | 137.62    
travels   21.84      | 21.34      | 8.73       | 0.0       
charges   337.8      | 360.0      | 337.54     | 326.42    
~~~~~~~~~~~~~~~~~~~~~~~~~~~~~~~~~~~~~~~~~~
     Drone (4):
          0          | 2          | 1          | 5         
s_times   0.0        | 0.0        | 21.3       | 103.04    
c_times   0.0        | 1.35       | 81.3       | 103.5     
travels   2.24       | 19.95      | 21.74      | 0.0       
charges   360.0      | 358.65     | 360.0      | 337.8     
~~~~~~~~~~~~~~~~~~~~~~~~~~~~~~~~~~~~~~~~~~
