~~~~~~~~~~~~~~~~~~~ [4, 'SB', 4, 360] ~~~~~~~~~~~~~~~~~~~
     seed: 1756212420844415999
 Families: [[1], [2, 3], [4, 5, 6], [7, 8], [9, 10, 11], [12]]
  i_times: [1140.0, 780.0, 60.0, 420.0]
Fam slots: [[0, 7], [0, 5, 7], [0, 1], [2, 5, 7]]
Ear_dates: [0, 0.0, 1260.0, 0.0, 900.0, 1260.0, 0.0, 180.0, 360.0, 900.0, 1260.0, 0]
Due_dates: [1440, 180.0, 1440.0, 180.0, 1080.0, 1440.0, 180.0, 360.0, 540.0, 1080.0, 1440.0, 1440]
Monitor_t: [60.0, 1.35, 1.35, 0.46, 0.46, 0.46, 1.12, 1.12, 2.39, 2.39, 2.39, 0.0]
~~~~~~~~~~~~~~~~~~~ Comparing the results ~~~~~~~~~~~~~~~~~~~
***** lp_Variables: 2978
***** lp_Constraints: 5194
***** lp_objective: 1127.45
***** lp_Sol_time: 48.127
     Drone (1):
          2          | 9          | 1          | 6         
s_times   18.63      | 26.24      | 51.05      | 132.79    
c_times   19.98      | 28.63      | 111.05     | 133.25    
travels   6.26       | 22.42      | 21.74      | 0.0       
charges   340.02     | 331.37     | 360.0      | 337.8     
~~~~~~~~~~~~~~~~~~~~~~~~~~~~~~~~~~~~~~~~~~
     Drone (2):
          12         | 1          | 8          | 11        
s_times   20.68      | 41.36      | 122.7      | 132.55    
c_times   20.68      | 101.36     | 123.82     | 134.94    
travels   20.68      | 21.34      | 8.73       | 0.0       
charges   339.32     | 360.0      | 337.54     | 326.42    
~~~~~~~~~~~~~~~~~~~~~~~~~~~~~~~~~~~~~~~~~~
     Drone (3):
          0          | 1          | 7          | 5         
s_times   0.0        | 0.0        | 81.34      | 85.22     
c_times   0.0        | 60.0       | 82.46      | 85.68     
travels   20.68      | 21.34      | 2.76       | 0.0       
charges   360.0      | 360.0      | 337.54     | 334.32    
~~~~~~~~~~~~~~~~~~~~~~~~~~~~~~~~~~~~~~~~~~
     Drone (4):
          4          | 1          | 10         | 3         
s_times   21.74      | 44.04      | 124.26     | 133.1     
c_times   22.2       | 104.04     | 126.65     | 134.45    
travels   21.84      | 20.22      | 6.45       | 0.0       
charges   337.8      | 360.0      | 337.39     | 329.59    
~~~~~~~~~~~~~~~~~~~~~~~~~~~~~~~~~~~~~~~~~~
***** nlp_Variables: 242
***** nlp_Constraints: 118
***** nlp_objective: 1127.45
***** nlp_Sol_time: 61.436
     Drone (1):
          4          | 1          | 10         | 3         
s_times   21.74      | 44.04      | 124.26     | 133.1     
c_times   22.2       | 104.04     | 126.65     | 134.45    
travels   21.84      | 20.22      | 6.45       | 0.0       
charges   337.8      | 360.0      | 337.39     | 329.59    
~~~~~~~~~~~~~~~~~~~~~~~~~~~~~~~~~~~~~~~~~~
     Drone (2):
          2          | 9          | 1          | 6         
s_times   18.63      | 26.24      | 51.05      | 132.79    
c_times   19.98      | 28.63      | 111.05     | 133.25    
travels   6.26       | 22.42      | 21.74      | 0.0       
charges   340.02     | 331.37     | 360.0      | 337.8     
~~~~~~~~~~~~~~~~~~~~~~~~~~~~~~~~~~~~~~~~~~
     Drone (3):
          12         | 1          | 8          | 11        
s_times   20.68      | 41.36      | 122.7      | 132.55    
c_times   20.68      | 101.36     | 123.82     | 134.94    
travels   20.68      | 21.34      | 8.73       | 0.0       
charges   339.32     | 360.0      | 337.54     | 326.42    
~~~~~~~~~~~~~~~~~~~~~~~~~~~~~~~~~~~~~~~~~~
     Drone (4):
          0          | 1          | 5          | 7         
s_times   0.0        | 0.0        | 81.74      | 84.3      
c_times   0.0        | 60.0       | 82.2       | 85.42     
travels   20.68      | 21.74      | 2.1        | 0.0       
charges   360.0      | 360.0      | 337.8      | 334.58    
~~~~~~~~~~~~~~~~~~~~~~~~~~~~~~~~~~~~~~~~~~
