~~~~~~~~~~~~~~~~~~~ [3, 'SB', 4, 360] ~~~~~~~~~~~~~~~~~~~
     seed: 3377
 Families: [[1], [2, 3], [4, 5, 6], [7, 8], [9, 10, 11], [12]]
  i_times: [550.0, 910.0, 370.0, 550.0]
Fam slots: [[4, 6], [3, 6, 7], [0, 1], [5, 6, 7]]
Ear_dates: [0, 720.0, 1080.0, 540.0, 1080.0, 1260.0, 0.0, 180.0, 900.0, 1080.0, 1260.0, 0]
Due_dates: [1440, 900.0, 1260.0, 720.0, 1260.0, 1440.0, 180.0, 360.0, 1080.0, 1260.0, 1440.0, 1440]
Monitor_t: [60.0, 2.02, 2.02, 0.68, 0.68, 0.68, 1.68, 1.68, 3.58, 3.58, 3.58, 0.0]
~~~~~~~~~~~~~~~~~~~ Comparing the results ~~~~~~~~~~~~~~~~~~~
***** lp_Variables: 1922
***** lp_Constraints: 3391
***** lp_objective: 1015.3
***** lp_Sol_time: 29.419
     Drone (1):
          7          | 3          | 1          | 6         
s_times   29.76      | 72.65      | 141.08     | 244.7     
c_times   31.42      | 75.59      | 201.08     | 245.73    
travels   41.23      | 65.49      | 43.62      | 0.0       
charges   328.58     | 284.41     | 360.0      | 315.35    
~~~~~~~~~~~~~~~~~~~~~~~~~~~~~~~~~~~~~~~~~~
     Drone (2):
          2          | 1          | 4          | 10        
s_times   62.57      | 131.0      | 253.57     | 283.27    
c_times   65.51      | 191.0      | 256.51     | 284.67    
travels   65.49      | 62.57      | 26.76      | 0.0       
charges   294.49     | 360.0      | 294.49     | 266.33    
~~~~~~~~~~~~~~~~~~~~~~~~~~~~~~~~~~~~~~~~~~
     Drone (3):
          5          | 8          | 11         | 9         
s_times   43.62      | 72.29      | 95.62      | 101.46    
c_times   44.65      | 73.95      | 95.62      | 102.86    
travels   27.64      | 21.67      | 5.84       | 0.0       
charges   315.35     | 286.05     | 264.38     | 257.14    
~~~~~~~~~~~~~~~~~~~~~~~~~~~~~~~~~~~~~~~~~~
***** nlp_Variables: 182
***** nlp_Constraints: 91
***** nlp_objective: 1085.67
***** nlp_Sol_time: 17.413
     Drone (1):
          4          | 2          | 5          | 3         
s_times   0.0        | 38.14      | 42.87      | 48.4      
c_times   33.29      | 40.16      | 43.55      | 50.42     
travels   4.85       | 2.71       | 4.85       | 0.0       
charges   326.71     | 319.84     | 316.45     | 309.58    
~~~~~~~~~~~~~~~~~~~~~~~~~~~~~~~~~~~~~~~~~~
     Drone (2):
          7          | 10         | 1          | 6         
s_times   0.0        | 46.78      | 83.99      | 176.6     
c_times   33.69      | 50.36      | 143.99     | 177.28    
travels   13.09      | 33.63      | 32.61      | 0.0       
charges   326.31     | 309.64     | 360.0      | 326.71    
~~~~~~~~~~~~~~~~~~~~~~~~~~~~~~~~~~~~~~~~~~
     Drone (3):
          9          | 1          | 8          | 11        
s_times   0.0        | 67.55      | 159.56     | 174.33    
c_times   33.92      | 127.55     | 161.24     | 177.91    
travels   33.63      | 32.01      | 13.09      | 0.0       
charges   326.08     | 360.0      | 326.31     | 309.64    
~~~~~~~~~~~~~~~~~~~~~~~~~~~~~~~~~~~~~~~~~~
