~~~~~~~~~~~~~~~~~~~ [2, 'SB', 5, 130, 120] ~~~~~~~~~~~~~~~~~~~
 Families: [[1], [2, 3], [4, 5, 6], [7, 8], [9, 10, 11], [12]]
Due_dates: [0, 720.0, 1440.0, 480.0, 960.0, 1440.0, 720.0, 1440.0, 480.0, 960.0, 1440.0, 0]
Ear_dates: [0, 0.0, 0.0, 0.0, 0.0, 0.0, 0.0, 0.0, 0.0, 0.0, 0.0, 0]
Monitor_t: [60.0, 3.36, 3.36, 1.14, 1.14, 1.14, 2.79, 2.79, 5.97, 5.97, 5.97, 0.0]
~~~~~~~~~~~~~~~~~~~ Comparing the results ~~~~~~~~~~~~~~~~~~~
***** lp_objective: 0.0
***** lp_Sol_time: 1.018
     Drone (1):
          9          | 7          | 2          | 11         | 6         
s_times   0.0        | 74.7414    | 86.1063    | 105.1299   | 125.3413  
c_times   56.5314    | 77.5363    | 89.4699    | 111.1013   | 126.4809  
charges   73.4686    | 52.4637    | 40.5301    | 18.8987    | 3.5191    
~~~~~~~~~~~~~~~~~~~~~~~~~~~~~~~~~~~~~~~~~~
     Drone (2):
          4          | 10         | 8          | 3          | 5         
s_times   0.0        | 70.7096    | 94.891     | 106.2559   | 114.1395  
c_times   55.4896    | 76.681     | 97.6859    | 109.6195   | 115.2791  
charges   74.5104    | 53.319     | 32.3141    | 20.3805    | 14.7209   
~~~~~~~~~~~~~~~~~~~~~~~~~~~~~~~~~~~~~~~~~~
***** nlp_objective: 0.0
***** nlp_Sol_time: 1.557
     Drone (1):
          9          | 5          | 11         | 8          | 3         
s_times   0.0        | 70.7714    | 87.131     | 111.3125   | 122.6774  
c_times   56.5314    | 71.911     | 93.1025    | 114.1074   | 126.0409  
charges   73.4686    | 58.089     | 36.8975    | 15.8926    | 3.9591    
~~~~~~~~~~~~~~~~~~~~~~~~~~~~~~~~~~~~~~~~~~
     Drone (2):
          4          | 10         | 7          | 2          | 6         
s_times   0.0        | 70.7096    | 94.891     | 106.2559   | 114.1395  
c_times   55.4896    | 76.681     | 97.6859    | 109.6195   | 115.2791  
charges   74.5104    | 53.319     | 32.3141    | 20.3805    | 14.7209   
~~~~~~~~~~~~~~~~~~~~~~~~~~~~~~~~~~~~~~~~~~
