~~~~~~~~~~~~~~~~~~~ [2, 'SB', 6, 720, 120] ~~~~~~~~~~~~~~~~~~~
 Families: [[1], [2, 3], [4, 5, 6], [7, 8], [9, 10, 11], [12]]
Due_dates: [1440, 720.0, 1440.0, 480.0, 960.0, 1440.0, 720.0, 1440.0, 480.0, 960.0, 1440.0, 1440]
Ear_dates: [0, 72.0, 144.0, 48.0, 96.0, 144.0, 72.0, 144.0, 48.0, 96.0, 144.0, 0]
Monitor_t: [60.0, 2.02, 2.02, 0.68, 0.68, 0.68, 1.68, 1.68, 3.58, 3.58, 3.58, 0.0]
~~~~~~~~~~~~~~~~~~~ Comparing the results ~~~~~~~~~~~~~~~~~~~
***** lp_objective: 48.0
***** lp_Sol_time: 2.45
     Drone (1):
          9          | 7          | 10         | 5          | 2          | 1         
s_times   0.0        | 44.8529    | 59.6198    | 71.7426    | 77.2764    | 1109.2245 
c_times   33.9229    | 46.5298    | 63.2026    | 72.4264    | 79.2945    | 1169.2245 
travels   10.93      | 13.09      | 8.54       | 4.85       | 29.93      | 0.0       
charges   686.0771   | 673.4702   | 656.7974   | 647.5736   | 640.7055   | 720.0     
~~~~~~~~~~~~~~~~~~~~~~~~~~~~~~~~~~~~~~~~~~
     Drone (2):
          4          | 1          | 8          | 11         | 6          | 3         
s_times   0.0        | 66.0438    | 158.0538   | 172.8207   | 184.9436   | 190.4773  
c_times   33.2938    | 126.0438   | 159.7307   | 176.4036   | 185.6273   | 192.4955  
travels   32.75      | 32.01      | 13.09      | 8.54       | 4.85       | 0.0       
charges   686.7062   | 720.0      | 686.3131   | 669.6402   | 660.4164   | 653.5483  
~~~~~~~~~~~~~~~~~~~~~~~~~~~~~~~~~~~~~~~~~~
***** nlp_objective: 48.0
***** nlp_Sol_time: 17.042
     Drone (1):
          4          | 1          | 8          | 3          | 11         | 6         
s_times   0.0        | 66.0438    | 158.0538   | 164.8707   | 176.2888   | 188.4117  
c_times   33.2938    | 126.0438   | 159.7307   | 166.8888   | 179.8717   | 189.0955  
travels   32.75      | 32.01      | 5.14       | 9.4        | 8.54       | 0.0       
charges   686.7062   | 720.0      | 686.3131   | 679.1549   | 666.1721   | 656.9483  
~~~~~~~~~~~~~~~~~~~~~~~~~~~~~~~~~~~~~~~~~~
     Drone (2):
          9          | 7          | 2          | 10         | 5          | 1         
s_times   0.0        | 44.8529    | 51.6698    | 63.0879    | 75.2108    | 108.6445  
c_times   33.9229    | 46.5298    | 53.6879    | 66.6708    | 75.8945    | 168.6445  
travels   10.93      | 5.14       | 9.4        | 8.54       | 32.75      | 0.0       
charges   686.0771   | 673.4702   | 666.3121   | 653.3292   | 644.1055   | 720.0     
~~~~~~~~~~~~~~~~~~~~~~~~~~~~~~~~~~~~~~~~~~
