~~~~~~~~~~~~~~~~~~~ [2, 'SB', 6, 720, 1440] ~~~~~~~~~~~~~~~~~~~
 Families: [[1], [2, 3], [4, 5, 6], [7, 8], [9, 10, 11], [12]]
Due_dates: [0, 720.0, 1440.0, 480.0, 960.0, 1440.0, 720.0, 1440.0, 480.0, 960.0, 1440.0, 0]
Ear_dates: [0, 0.0, 0.0, 0.0, 0.0, 0.0, 0.0, 0.0, 0.0, 0.0, 0.0, 0]
Monitor_t: [60.0, 3.36, 3.36, 1.14, 1.14, 1.14, 2.79, 2.79, 5.97, 5.97, 5.97, 0.0]
~~~~~~~~~~~~~~~~~~~ Comparing the results ~~~~~~~~~~~~~~~~~~~
***** lp_objective: 0.0
***** lp_Sol_time: 0.915
     Drone (1):
          2          | 11         | 3          | 5          | 8          | 6         
s_times   0.0        | 65.5935    | 87.685     | 95.5685    | 101.9581   | 111.653   
c_times   49.9335    | 71.565     | 91.0485    | 96.7081    | 104.753    | 112.7926  
charges   670.0665   | 648.435    | 628.9515   | 623.2919   | 615.247    | 607.2074  
~~~~~~~~~~~~~~~~~~~~~~~~~~~~~~~~~~~~~~~~~~
     Drone (2):
          0          | 0          | 9          | 4          | 7          | 10        
s_times   0.0        | 0.0        | 0.0        | 20.2114    | 26.601     | 51.2159   
c_times   0.0        | 0.0        | 5.9714     | 21.351     | 29.3959    | 57.1874   
charges   720.0      | 720.0      | 714.0286   | 698.649    | 690.6041   | 662.8126  
~~~~~~~~~~~~~~~~~~~~~~~~~~~~~~~~~~~~~~~~~~
***** nlp_objective: 0.0
***** nlp_Sol_time: 1.237
     Drone (1):
          0          | 4          | 10         | 2          | 6          | 8         
s_times   0.0        | 0.0        | 16.3596    | 38.451     | 46.3346    | 52.7242   
c_times   0.0        | 1.1396     | 22.331     | 41.8146    | 47.4742    | 55.5191   
charges   720.0      | 718.8604   | 697.669    | 678.1854   | 672.5258   | 664.4809  
~~~~~~~~~~~~~~~~~~~~~~~~~~~~~~~~~~~~~~~~~~
     Drone (2):
          0          | 9          | 5          | 7          | 11         | 3         
s_times   0.0        | 0.0        | 20.2114    | 26.601     | 51.2159    | 73.3074   
c_times   0.0        | 5.9714     | 21.351     | 29.3959    | 57.1874    | 76.6709   
charges   720.0      | 714.0286   | 698.649    | 690.6041   | 662.8126   | 643.3291  
~~~~~~~~~~~~~~~~~~~~~~~~~~~~~~~~~~~~~~~~~~
