~~~~~~~~~~~~~~~~~~~ [1, 'SB', 12, 720, 1440] ~~~~~~~~~~~~~~~~~~~
 Families: [[1], [2, 3], [4, 5, 6], [7, 8], [9, 10, 11], [12]]
Due_dates: [0, 720.0, 1440.0, 480.0, 960.0, 1440.0, 720.0, 1440.0, 480.0, 960.0, 1440.0, 0]
Ear_dates: [0, 0.0, 0.0, 0.0, 0.0, 0.0, 0.0, 0.0, 0.0, 0.0, 0.0, 0]
Monitor_t: [60.0, 3.36, 3.36, 1.14, 1.14, 1.14, 2.79, 2.79, 5.97, 5.97, 5.97, 0.0]
~~~~~~~~~~~~~~~~~~~ Comparing the results ~~~~~~~~~~~~~~~~~~~
***** lp_objective: 0.0
***** lp_Sol_time: 3.34
     Drone (1):
          0          | 0          | 7          | 2          | 9          | 4          | 3          | 5          | 10         | 8          | 11         | 6         
s_times   0.0        | 0.0        | 0.0        | 11.3649    | 30.3884    | 50.5999    | 59.8195    | 67.703     | 84.0626    | 108.2441   | 132.859    | 153.0704  
c_times   0.0        | 0.0        | 2.7949     | 14.7284    | 36.3599    | 51.7395    | 63.183     | 68.8426    | 90.0341    | 111.039    | 138.8304   | 154.21    
charges   720.0      | 720.0      | 717.2051   | 705.2716   | 683.6401   | 668.2605   | 656.817    | 651.1574   | 629.9659   | 608.961    | 581.1696   | 565.79    
~~~~~~~~~~~~~~~~~~~~~~~~~~~~~~~~~~~~~~~~~~
***** nlp_objective: 0.0
***** nlp_Sol_time: 10.458
     Drone (1):
          0          | 0          | 2          | 4          | 9          | 5          | 7          | 3          | 8          | 10         | 6          | 11        
s_times   0.0        | 0.0        | 0.0        | 7.8835     | 24.2432    | 44.4546    | 50.8442    | 62.2091    | 70.2926    | 94.9075    | 115.119    | 131.4786  
c_times   0.0        | 0.0        | 3.3635     | 9.0232     | 30.2146    | 45.5942    | 53.6391    | 65.5726    | 73.0875    | 100.879    | 116.2586   | 137.45    
charges   720.0      | 720.0      | 716.6365   | 710.9768   | 689.7854   | 674.4058   | 666.3609   | 654.4274   | 646.9125   | 619.121    | 603.7414   | 582.55    
~~~~~~~~~~~~~~~~~~~~~~~~~~~~~~~~~~~~~~~~~~
