~~~~~~~~~~~~~~~~~~~ [1, 'SB', 12, 240, 120] ~~~~~~~~~~~~~~~~~~~
 Families: [[1], [2, 3], [4, 5, 6], [7, 8], [9, 10, 11], [12]]
Due_dates: [0, 720.0, 1440.0, 480.0, 960.0, 1440.0, 720.0, 1440.0, 480.0, 960.0, 1440.0, 0]
Ear_dates: [0, 0.0, 0.0, 0.0, 0.0, 0.0, 0.0, 0.0, 0.0, 0.0, 0.0, 0]
Monitor_t: [60.0, 3.36, 3.36, 1.14, 1.14, 1.14, 2.79, 2.79, 5.97, 5.97, 5.97, 0.0]
~~~~~~~~~~~~~~~~~~~ Comparing the results ~~~~~~~~~~~~~~~~~~~
***** lp_objective: 0.0
***** lp_Sol_time: 2.896
     Drone (1):
          0          | 0          | 4          | 2          | 5          | 9          | 6          | 10         | 7          | 3          | 8          | 11        
s_times   0.0        | 0.0        | 0.0        | 9.2196     | 17.1032    | 33.4628    | 53.6742    | 70.0338    | 94.2153    | 105.5802   | 113.6637   | 138.2786  
c_times   0.0        | 0.0        | 1.1396     | 12.5832    | 18.2428    | 39.4342    | 54.8138    | 76.0053    | 97.0102    | 108.9437   | 116.4586   | 144.25    
charges   240.0      | 240.0      | 238.8604   | 227.4168   | 221.7572   | 200.5658   | 185.1862   | 163.9947   | 142.9898   | 131.0563   | 123.5414   | 95.75     
~~~~~~~~~~~~~~~~~~~~~~~~~~~~~~~~~~~~~~~~~~
***** nlp_objective: 0.0
***** nlp_Sol_time: 2.687
     Drone (1):
          0          | 0          | 4          | 7          | 2          | 9          | 8          | 5          | 3          | 10         | 6          | 11        
s_times   0.0        | 0.0        | 0.0        | 6.3896     | 17.7545    | 36.7781    | 60.9595    | 70.6544    | 79.874     | 98.8975    | 119.109    | 135.4686  
c_times   0.0        | 0.0        | 1.1396     | 9.1845     | 21.1181    | 42.7495    | 63.7544    | 71.794     | 83.2375    | 104.869    | 120.2486   | 141.44    
charges   240.0      | 240.0      | 238.8604   | 230.8155   | 218.8819   | 197.2505   | 176.2456   | 168.206    | 156.7625   | 135.131    | 119.7514   | 98.56     
~~~~~~~~~~~~~~~~~~~~~~~~~~~~~~~~~~~~~~~~~~
