~~~~~~~~~~~~~~~~~~~ [2, 'SB', 6, 720, 45] ~~~~~~~~~~~~~~~~~~~
 Families: [[1], [2, 3], [4, 5, 6], [7, 8], [9, 10, 11], [12]]
Due_dates: [1440, 720.0, 1440.0, 480.0, 960.0, 1440.0, 720.0, 1440.0, 480.0, 960.0, 1440.0, 1440]
Ear_dates: [0, 0.0, 0.0, 0.0, 0.0, 0.0, 0.0, 0.0, 0.0, 0.0, 0.0, 0]
Monitor_t: [60.0, 2.02, 2.02, 0.68, 0.68, 0.68, 1.68, 1.68, 3.58, 3.58, 3.58, 0.0]
~~~~~~~~~~~~~~~~~~~ Comparing the results ~~~~~~~~~~~~~~~~~~~
***** lp_objective: 0.0
***** lp_Sol_time: 1.132
     Drone (1):
          0          | 1          | 6          | 11         | 3          | 8         
s_times   0.0        | 0.0        | 92.61      | 102.4238   | 115.6766   | 120.5248  
c_times   0.0        | 60.0       | 93.2938    | 106.0066   | 117.6948   | 122.2017  
travels   31.02      | 32.61      | 9.13       | 9.67       | 2.83       | 0.0       
charges   720.0      | 720.0      | 686.7062   | 673.9934   | 662.3052   | 657.7983  
~~~~~~~~~~~~~~~~~~~~~~~~~~~~~~~~~~~~~~~~~~
     Drone (2):
          4          | 9          | 5          | 10         | 2          | 7         
s_times   0.0        | 42.4238    | 54.5466    | 64.3604    | 77.6133    | 82.4614   
c_times   33.2938    | 46.0066    | 55.2304    | 67.9433    | 79.6314    | 84.1383   
travels   9.13       | 8.54       | 9.13       | 9.67       | 2.83       | 0.0       
charges   686.7062   | 673.9934   | 664.7696   | 652.0567   | 640.3686   | 635.8617  
~~~~~~~~~~~~~~~~~~~~~~~~~~~~~~~~~~~~~~~~~~
***** nlp_objective: 0.0
***** nlp_Sol_time: 2.345
     Drone (1):
          4          | 8          | 5          | 11         | 3          | 6         
s_times   0.0        | 36.4438    | 42.2607    | 52.0745    | 65.3273    | 70.0555   
c_times   33.2938    | 38.1207    | 42.9445    | 55.6573    | 67.3455    | 70.7392   
travels   3.15       | 4.14       | 9.13       | 9.67       | 2.71       | 0.0       
charges   686.7062   | 681.8793   | 677.0555   | 664.3427   | 652.6545   | 649.2608  
~~~~~~~~~~~~~~~~~~~~~~~~~~~~~~~~~~~~~~~~~~
     Drone (2):
          0          | 0          | 7          | 9          | 2          | 10        
s_times   0.0        | 0.0        | 0.0        | 14.7669    | 28.0198    | 39.4379   
c_times   0.0        | 0.0        | 1.6769     | 18.3498    | 30.0379    | 43.0208   
travels   0.0        | 3.93       | 13.09      | 9.67       | 9.4        | 0.0       
charges   720.0      | 720.0      | 718.3231   | 701.6502   | 689.9621   | 676.9792  
~~~~~~~~~~~~~~~~~~~~~~~~~~~~~~~~~~~~~~~~~~
