~~~~~~~~~~~~~~~~~~~ [2, 'SB', 5, 240, 120] ~~~~~~~~~~~~~~~~~~~
 Families: [[1], [2, 3], [4, 5, 6], [7, 8], [9, 10, 11], [12]]
Due_dates: [0, 720.0, 1440.0, 480.0, 960.0, 1440.0, 720.0, 1440.0, 480.0, 960.0, 1440.0, 0]
Ear_dates: [0, 0.0, 0.0, 0.0, 0.0, 0.0, 0.0, 0.0, 0.0, 0.0, 0.0, 0]
Monitor_t: [60.0, 3.36, 3.36, 1.14, 1.14, 1.14, 2.79, 2.79, 5.97, 5.97, 5.97, 0.0]
~~~~~~~~~~~~~~~~~~~ Comparing the results ~~~~~~~~~~~~~~~~~~~
***** lp_objective: 0.0
***** lp_Sol_time: 1.019
     Drone (1):
          9          | 5          | 8          | 6          | 11        
s_times   0.0        | 70.7714    | 77.161     | 86.8559    | 103.2156  
c_times   56.5314    | 71.911     | 79.9559    | 87.9956    | 109.187   
charges   183.4686   | 168.089    | 160.0441   | 152.0044   | 130.813   
~~~~~~~~~~~~~~~~~~~~~~~~~~~~~~~~~~~~~~~~~~
     Drone (2):
          2          | 7          | 4          | 3          | 10        
s_times   0.0        | 54.6535    | 64.3484    | 73.5681    | 92.5916   
c_times   49.9335    | 57.4484    | 65.4881    | 76.9316    | 98.563    
charges   190.0665   | 182.5516   | 174.5119   | 163.0684   | 141.437   
~~~~~~~~~~~~~~~~~~~~~~~~~~~~~~~~~~~~~~~~~~
***** nlp_objective: 0.0
***** nlp_Sol_time: 1.576
     Drone (1):
          7          | 10         | 2          | 8          | 6         
s_times   0.0        | 77.9549    | 100.0463   | 108.1299   | 117.8248  
c_times   56.1349    | 83.9263    | 103.4099   | 110.9248   | 118.9644  
charges   183.8651   | 156.0737   | 136.5901   | 129.0752   | 121.0356  
~~~~~~~~~~~~~~~~~~~~~~~~~~~~~~~~~~~~~~~~~~
     Drone (2):
          9          | 4          | 11         | 5          | 3         
s_times   0.0        | 70.7714    | 87.131     | 107.3425   | 116.5621  
c_times   56.5314    | 71.911     | 93.1025    | 108.4821   | 119.9256  
charges   183.4686   | 168.089    | 146.8975   | 131.5179   | 120.0744  
~~~~~~~~~~~~~~~~~~~~~~~~~~~~~~~~~~~~~~~~~~
