~~~~~~~~~~~~~~~~~~~ [1, 'SB', 12, 720, 300] ~~~~~~~~~~~~~~~~~~~
 Families: [[1], [2, 3], [4, 5, 6], [7, 8], [9, 10, 11], [12]]
Due_dates: [0, 720.0, 1440.0, 480.0, 960.0, 1440.0, 720.0, 1440.0, 480.0, 960.0, 1440.0, 0]
Ear_dates: [0, 0.0, 0.0, 0.0, 0.0, 0.0, 0.0, 0.0, 0.0, 0.0, 0.0, 0]
Monitor_t: [60.0, 3.36, 3.36, 1.14, 1.14, 1.14, 2.79, 2.79, 5.97, 5.97, 5.97, 0.0]
~~~~~~~~~~~~~~~~~~~ Comparing the results ~~~~~~~~~~~~~~~~~~~
***** lp_objective: 0.0
***** lp_Sol_time: 1.354
     Drone (1):
          0          | 0          | 9          | 2          | 4          | 3          | 7          | 5          | 10         | 8          | 6          | 11        
s_times   0.0        | 0.0        | 0.0        | 22.0914    | 29.975     | 39.1946    | 47.2781    | 56.973     | 73.3326    | 97.5141    | 107.209    | 123.5686  
c_times   0.0        | 0.0        | 5.9714     | 25.455     | 31.1146    | 42.5581    | 50.073     | 58.1126    | 79.3041    | 100.309    | 108.3486   | 129.54    
charges   720.0      | 720.0      | 714.0286   | 694.545    | 688.8854   | 677.4419   | 669.927    | 661.8874   | 640.6959   | 619.691    | 611.6514   | 590.46    
~~~~~~~~~~~~~~~~~~~~~~~~~~~~~~~~~~~~~~~~~~
***** nlp_objective: 0.0
***** nlp_Sol_time: 6.012
     Drone (1):
          0          | 0          | 4          | 9          | 7          | 2          | 5          | 10         | 6          | 3          | 8          | 11        
s_times   0.0        | 0.0        | 0.0        | 16.3596    | 40.541     | 51.9059    | 59.7895    | 76.1491    | 96.3605    | 105.5802   | 113.6637   | 138.2786  
c_times   0.0        | 0.0        | 1.1396     | 22.331     | 43.3359    | 55.2695    | 60.9291    | 82.1205    | 97.5002    | 108.9437   | 116.4586   | 144.25    
charges   720.0      | 720.0      | 718.8604   | 697.669    | 676.6641   | 664.7305   | 659.0709   | 637.8795   | 622.4998   | 611.0563   | 603.5414   | 575.75    
~~~~~~~~~~~~~~~~~~~~~~~~~~~~~~~~~~~~~~~~~~
