~~~~~~~~~~~~~~~~~~~ [4, 'SB_RS', 6, 1200, 1200] ~~~~~~~~~~~~~~~~~~~
 Families: [[1], [2, 3], [4, 5, 6], [7, 8], [9, 10, 11], [12, 13, 14], [15, 16], [17, 18], [19, 20], [21], [22]]
Due_dates: [0, 720.0, 1440.0, 480.0, 960.0, 1440.0, 720.0, 1440.0, 480.0, 960.0, 1440.0, 480.0, 960.0, 1440.0, 720.0, 1440.0, 720.0, 1440.0, 720.0, 1440.0, 0, 0]
Ear_dates: [0, 0.0, 0.0, 0.0, 0.0, 0.0, 0.0, 0.0, 0.0, 0.0, 0.0, 0.0, 0.0, 0.0, 0.0, 0.0, 0.0, 0.0, 0.0, 0.0, 0, 0]
Monitor_t: [60.0, 3.36, 3.36, 1.14, 1.14, 1.14, 2.79, 2.79, 5.97, 5.97, 5.97, 4.91, 4.91, 4.91, 1.72, 1.72, 2.76, 2.76, 2.34, 2.34, 0.0, 0.0]
~~~~~~~~~~~~~~~~~~~ Comparing the results ~~~~~~~~~~~~~~~~~~~
***** lp_objective: 0.0
***** lp_Sol_time: 9.924
     Drone (1):
          12         | 18         | 7          | 14         | 8          | 6         
s_times   0.0        | 179.9078   | 224.8996   | 282.5045   | 347.3623   | 357.0572  
c_times   109.1878   | 182.6696   | 227.6945   | 287.4123   | 350.1572   | 358.1968  
charges   1090.8122  | 1017.3304  | 972.3055   | 912.5877   | 849.8428   | 841.8032  
~~~~~~~~~~~~~~~~~~~~~~~~~~~~~~~~~~~~~~~~~~
     Drone (2):
          0          | 0          | 22         | 9          | 5          | 13        
s_times   0.0        | 0.0        | 0.0        | 51.07      | 71.2814    | 130.001   
c_times   0.0        | 0.0        | 0.0        | 57.0414    | 72.421     | 134.9088  
charges   1200.0     | 1200.0     | 1200.0     | 1142.9586  | 1127.579   | 1065.0912 
~~~~~~~~~~~~~~~~~~~~~~~~~~~~~~~~~~~~~~~~~~
     Drone (3):
          0          | 0          | 19         | 4          | 17         | 10        
s_times   0.0        | 0.0        | 0.0        | 42.8898    | 89.8694    | 149.4113  
c_times   0.0        | 0.0        | 2.3398     | 44.0294    | 92.6313    | 155.3827  
charges   1200.0     | 1200.0     | 1197.6602  | 1155.9706  | 1107.3687  | 1044.6173 
~~~~~~~~~~~~~~~~~~~~~~~~~~~~~~~~~~~~~~~~~~
     Drone (4):
          2          | 15         | 20         | 11         | 3          | 16        
s_times   0.0        | 76.2935    | 105.3641   | 163.6439   | 185.7354   | 215.4589  
c_times   49.9335    | 78.0141    | 107.7039   | 169.6154   | 189.0989   | 217.1795  
charges   1150.0665  | 1121.9859  | 1092.2961  | 1030.3846  | 1010.9011  | 982.8205  
~~~~~~~~~~~~~~~~~~~~~~~~~~~~~~~~~~~~~~~~~~
***** nlp_objective: 0.0
***** nlp_Sol_time: 7.447
     Drone (1):
          0          | 2          | 19         | 5          | 7          | 3         
s_times   0.0        | 0.0        | 43.8435    | 86.7333    | 93.123     | 104.4879  
c_times   0.0        | 3.3635     | 46.1833    | 87.873     | 95.9179    | 107.8514  
charges   1200.0     | 1196.6365  | 1153.8167  | 1112.127   | 1104.0821  | 1092.1486 
~~~~~~~~~~~~~~~~~~~~~~~~~~~~~~~~~~~~~~~~~~
     Drone (2):
          0          | 0          | 17         | 10         | 18         | 14        
s_times   0.0        | 0.0        | 0.0        | 59.5418    | 122.9133   | 194.3951  
c_times   0.0        | 0.0        | 2.7618     | 65.5133    | 125.6751   | 199.3029  
charges   1200.0     | 1200.0     | 1197.2382  | 1134.4867  | 1074.3249  | 1000.6971 
~~~~~~~~~~~~~~~~~~~~~~~~~~~~~~~~~~~~~~~~~~
     Drone (3):
          0          | 0          | 15         | 12         | 20         | 6         
s_times   0.0        | 0.0        | 0.0        | 33.7706    | 83.2784    | 126.1682  
c_times   0.0        | 0.0        | 1.7206     | 38.6784    | 85.6182    | 127.3078  
charges   1200.0     | 1200.0     | 1198.2794  | 1161.3216  | 1114.3818  | 1072.6922 
~~~~~~~~~~~~~~~~~~~~~~~~~~~~~~~~~~~~~~~~~~
     Drone (4):
          9          | 4          | 11         | 13         | 16         | 8         
s_times   0.0        | 70.7714    | 87.131     | 160.4125   | 203.5703   | 228.6809  
c_times   56.5314    | 71.911     | 93.1025    | 165.3203   | 205.2909   | 231.4758  
charges   1143.4686  | 1128.089   | 1106.8975  | 1034.6797  | 994.7091   | 968.5242  
~~~~~~~~~~~~~~~~~~~~~~~~~~~~~~~~~~~~~~~~~~
