~~~~~~~~~~~~~~~~~~~ [4, 'SB_RS', 6, 720, 120] ~~~~~~~~~~~~~~~~~~~
 Families: [[1], [2, 3], [4, 5, 6], [7, 8], [9, 10, 11], [12, 13, 14], [15, 16], [17, 18], [19, 20], [21], [22]]
Due_dates: [1440, 720.0, 1440.0, 480.0, 960.0, 1440.0, 720.0, 1440.0, 480.0, 960.0, 1440.0, 480.0, 960.0, 1440.0, 720.0, 1440.0, 720.0, 1440.0, 720.0, 1440.0, 1440, 1440]
Ear_dates: [0, 72.0, 144.0, 48.0, 96.0, 144.0, 72.0, 144.0, 48.0, 96.0, 144.0, 48.0, 96.0, 144.0, 72.0, 144.0, 72.0, 144.0, 72.0, 144.0, 0, 0]
Monitor_t: [60.0, 2.02, 2.02, 0.68, 0.68, 0.68, 1.68, 1.68, 3.58, 3.58, 3.58, 2.94, 2.94, 2.94, 1.03, 1.03, 1.66, 1.66, 1.4, 1.4, 0.0, 0.0]
~~~~~~~~~~~~~~~~~~~ Comparing the results ~~~~~~~~~~~~~~~~~~~
***** lp_objective: 43.55
***** lp_Sol_time: 24.804
     Drone (1):
          22         | 4          | 17         | 5          | 15         | 18        
s_times   0.0        | 64.53      | 92.7238    | 122.0609   | 137.1846   | 165.857   
c_times   43.55      | 65.2138    | 94.3809    | 122.7446   | 138.217    | 167.5141  
travels   20.98      | 27.51      | 27.68      | 14.44      | 27.64      | 0.0       
charges   676.45     | 654.7862   | 625.6191   | 597.2554   | 581.783    | 552.4859  
~~~~~~~~~~~~~~~~~~~~~~~~~~~~~~~~~~~~~~~~~~
     Drone (2):
          22         | 9          | 19         | 13         | 11         | 3         
s_times   0.0        | 74.19      | 110.5929   | 137.3467   | 185.8614   | 199.1143  
c_times   43.55      | 77.7729    | 111.9967   | 140.2914   | 189.4443   | 201.1324  
travels   30.64      | 32.82      | 25.35      | 45.57      | 9.67       | 0.0       
charges   676.45     | 642.2271   | 608.0033   | 579.7086   | 530.5557   | 518.8676  
~~~~~~~~~~~~~~~~~~~~~~~~~~~~~~~~~~~~~~~~~~
     Drone (3):
          21         | 12         | 10         | 2          | 7          | 20        
s_times   0.0        | 67.4       | 115.9147   | 129.1675   | 134.0156   | 156.2626  
c_times   31.02      | 70.3447    | 119.4975   | 131.1856   | 135.6926   | 157.6665  
travels   36.38      | 45.57      | 9.67       | 2.83       | 20.57      | 0.0       
charges   688.98     | 649.6553   | 600.5025   | 588.8144   | 584.3074   | 562.3335  
~~~~~~~~~~~~~~~~~~~~~~~~~~~~~~~~~~~~~~~~~~
     Drone (4):
          21         | 1          | 16         | 8          | 6          | 14        
s_times   0.0        | 62.04      | 165.66     | 180.7224   | 186.5393   | 221.7731  
c_times   31.02      | 122.04     | 166.6924   | 182.3993   | 187.2231   | 224.7177  
travels   31.02      | 43.62      | 14.03      | 4.14       | 34.55      | 0.0       
charges   688.98     | 720.0      | 675.3476   | 659.6407   | 654.8169   | 617.3223  
~~~~~~~~~~~~~~~~~~~~~~~~~~~~~~~~~~~~~~~~~~
***** nlp_objective: 43.55
***** nlp_Sol_time: 63.544
     Drone (1):
          22         | 4          | 17         | 13         | 5          | 8         
s_times   0.0        | 64.53      | 92.7238    | 135.6109   | 175.4055   | 179.2393  
c_times   43.55      | 65.2138    | 94.3809    | 138.5555   | 176.0893   | 180.9163  
travels   20.98      | 27.51      | 41.23      | 36.85      | 3.15       | 0.0       
charges   676.45     | 654.7862   | 625.6191   | 581.4445   | 543.9107   | 539.0837  
~~~~~~~~~~~~~~~~~~~~~~~~~~~~~~~~~~~~~~~~~~
     Drone (2):
          21         | 1          | 19         | 11         | 6          | 3         
s_times   0.0        | 62.04      | 164.2      | 199.1739   | 211.2967   | 216.8305  
c_times   31.02      | 122.04     | 165.6039   | 202.7567   | 211.9805   | 218.8486  
travels   31.02      | 42.16      | 33.57      | 8.54       | 4.85       | 0.0       
charges   688.98     | 720.0      | 676.4361   | 639.2833   | 630.0595   | 623.1914  
~~~~~~~~~~~~~~~~~~~~~~~~~~~~~~~~~~~~~~~~~~
     Drone (3):
          22         | 9          | 15         | 10         | 18         | 16        
s_times   0.0        | 74.19      | 98.8129    | 124.0352   | 162.0581   | 192.1352  
c_times   43.55      | 77.7729    | 99.8452    | 127.6181   | 163.7152   | 193.1675  
travels   30.64      | 21.04      | 24.19      | 34.44      | 28.42      | 0.0       
charges   676.45     | 642.2271   | 620.1548   | 592.3819   | 556.2848   | 526.8325  
~~~~~~~~~~~~~~~~~~~~~~~~~~~~~~~~~~~~~~~~~~
     Drone (4):
          22         | 12         | 2          | 7          | 14         | 20        
s_times   0.0        | 63.44      | 106.9847   | 111.8328   | 146.3897   | 176.0944  
c_times   43.55      | 66.3847    | 109.0028   | 113.5097   | 149.3344   | 177.4983  
travels   19.89      | 40.6       | 2.83       | 32.88      | 26.76      | 0.0       
charges   676.45     | 653.6153   | 610.9972   | 606.4903   | 570.6656   | 542.5017  
~~~~~~~~~~~~~~~~~~~~~~~~~~~~~~~~~~~~~~~~~~
