~~~~~~~~~~~~~~~~~~~ [3, 'SB', 6, 120] ~~~~~~~~~~~~~~~~~~~
     seed: 1894787028164615676
 Families: [[1], [2, 3], [4, 5, 6], [7, 8], [9, 10, 11], [12]]
  i_times: [30.0, 210.0, 390.0, 570.0]
Fam slots: [[3, 4], [0, 2, 3], [2, 5], [1, 5, 7]]
Ear_dates: [0, 540.0, 720.0, 0.0, 360.0, 540.0, 360.0, 900.0, 180.0, 900.0, 1260.0, 0]
Due_dates: [1440, 720.0, 900.0, 180.0, 540.0, 720.0, 540.0, 1080.0, 360.0, 1080.0, 1440.0, 1440]
Monitor_t: [60.0, 2.02, 2.02, 0.68, 0.68, 0.68, 1.68, 1.68, 3.58, 3.58, 3.58, 0.0]
~~~~~~~~~~~~~~~~~~~ Comparing the results ~~~~~~~~~~~~~~~~~~~
***** lp_Variables: 3152
***** lp_Constraints: 5091
***** lp_objective: 2880
***** lp_Sol_time: 2.238
     Drone (1):
          12         | 12         | 12         | 12         | 12        
s_times   0          | 1440       | 1440       | 1440       | 1440      
c_times   1440       | 1440       | 1440       | 1440       | 1440      
travels   0.0        | 0.0        | 0.0        | 0.0        | 0.0       
charges   0          | 0          | 0          | 0          | 0         
~~~~~~~~~~~~~~~~~~~~~~~~~~~~~~~~~~~~~~~~~~
     Drone (2):
          12         | 12         | 12         | 12         | 12        
s_times   0          | 1440       | 1440       | 1440       | 1440      
c_times   1440       | 1440       | 1440       | 1440       | 1440      
travels   0.0        | 0.0        | 0.0        | 0.0        | 0.0       
charges   0          | 0          | 0          | 0          | 0         
~~~~~~~~~~~~~~~~~~~~~~~~~~~~~~~~~~~~~~~~~~
     Drone (3):
          12         | 12         | 12         | 12         | 12        
s_times   0          | 1440       | 1440       | 1440       | 1440      
c_times   1440       | 1440       | 1440       | 1440       | 1440      
travels   0.0        | 0.0        | 0.0        | 0.0        | 0.0       
charges   0          | 0          | 0          | 0          | 0         
~~~~~~~~~~~~~~~~~~~~~~~~~~~~~~~~~~~~~~~~~~
***** nlp_Variables: 488
***** nlp_Constraints: 127
***** nlp_objective: 0.0
***** nlp_Sol_time: 10.343
     Drone (1):
          12         | 7          | 6          | 12         | 8          | 10        
s_times   0.0        | 534.18     | 540.0      | 542.6      | 900.0      | 914.77    
c_times   530.25     | 535.86     | 540.68     | 896.07     | 901.68     | 918.35    
travels   3.93       | 4.14       | 1.92       | 3.93       | 13.09      | 0.0       
charges   120.0      | 114.39     | 109.57     | 107.65     | 102.04     | 85.37     
~~~~~~~~~~~~~~~~~~~~~~~~~~~~~~~~~~~~~~~~~~
     Drone (2):
          12         | 9          | 5          | 12         | 12         | 3         
s_times   0.0        | 347.88     | 360.0      | 362.6      | 362.6      | 720.0     
c_times   340.08     | 351.46     | 360.68     | 362.6      | 716.64     | 722.02    
travels   7.8        | 8.54       | 1.92       | 0.0        | 3.36       | 0.0       
charges   120.0      | 108.62     | 99.4       | 97.48      | 97.48      | 92.1      
~~~~~~~~~~~~~~~~~~~~~~~~~~~~~~~~~~~~~~~~~~
     Drone (3):
          12         | 4          | 12         | 2          | 12         | 11        
s_times   0.0        | 149.32     | 151.92     | 687.98     | 692.1      | 1436.42   
c_times   147.14     | 150.0      | 684.62     | 690.0      | 1428.62    | 1440.0    
travels   2.18       | 1.92       | 3.36       | 2.1        | 7.8        | 0.0       
charges   120.0      | 117.14     | 115.22     | 109.84     | 107.74     | 96.36     
~~~~~~~~~~~~~~~~~~~~~~~~~~~~~~~~~~~~~~~~~~
