~~~~~~~~~~~~~~~~~~~ [3, 'SB', 6, 120] ~~~~~~~~~~~~~~~~~~~
     seed: 3157968824318360537
 Families: [[1], [2, 3], [4, 5, 6], [7, 8], [9, 10, 11], [12]]
  i_times: [390.0, 570.0, 570.0, 390.0]
Fam slots: [[2, 5], [0, 4, 5], [1, 5], [1, 4, 7]]
Ear_dates: [0, 360.0, 900.0, 0.0, 720.0, 900.0, 180.0, 900.0, 180.0, 720.0, 1260.0, 0]
Due_dates: [1440, 540.0, 1080.0, 180.0, 900.0, 1080.0, 360.0, 1080.0, 360.0, 900.0, 1440.0, 1440]
Monitor_t: [60.0, 2.02, 2.02, 0.68, 0.68, 0.68, 1.68, 1.68, 3.58, 3.58, 3.58, 0.0]
~~~~~~~~~~~~~~~~~~~ Comparing the results ~~~~~~~~~~~~~~~~~~~
***** lp_Variables: 3152
***** lp_Constraints: 5091
***** lp_objective: 2880
***** lp_Sol_time: 2.238
     Drone (1):
          12         | 12         | 12         | 12         | 12        
s_times   0          | 1440       | 1440       | 1440       | 1440      
c_times   1440       | 1440       | 1440       | 1440       | 1440      
travels   0.0        | 0.0        | 0.0        | 0.0        | 0.0       
charges   0          | 0          | 0          | 0          | 0         
~~~~~~~~~~~~~~~~~~~~~~~~~~~~~~~~~~~~~~~~~~
     Drone (2):
          12         | 12         | 12         | 12         | 12        
s_times   0          | 1440       | 1440       | 1440       | 1440      
c_times   1440       | 1440       | 1440       | 1440       | 1440      
travels   0.0        | 0.0        | 0.0        | 0.0        | 0.0       
charges   0          | 0          | 0          | 0          | 0         
~~~~~~~~~~~~~~~~~~~~~~~~~~~~~~~~~~~~~~~~~~
     Drone (3):
          12         | 12         | 12         | 12         | 12        
s_times   0          | 1440       | 1440       | 1440       | 1440      
c_times   1440       | 1440       | 1440       | 1440       | 1440      
travels   0.0        | 0.0        | 0.0        | 0.0        | 0.0       
charges   0          | 0          | 0          | 0          | 0         
~~~~~~~~~~~~~~~~~~~~~~~~~~~~~~~~~~~~~~~~~~
***** nlp_Variables: 488
***** nlp_Constraints: 127
***** nlp_objective: 116.41969484816823
***** nlp_Sol_time: 428.593
     Drone (1):
          12         | 4          | 12         | 7          | 12         | 11        
s_times   0.0        | 169.5102   | 172.1102   | 341.6501   | 348.6901   | 1143.5803 
c_times   167.3302   | 170.1902   | 337.7201   | 343.3301   | 1135.7803  | 1147.1603 
travels   2.18       | 1.92       | 3.93       | 5.36       | 7.8        | 0.0       
charges   120.0      | 117.14     | 115.22     | 109.61     | 104.25     | 92.87     
~~~~~~~~~~~~~~~~~~~~~~~~~~~~~~~~~~~~~~~~~~
     Drone (2):
          12         | 2          | 12         | 8          | 3          | 6         
s_times   0.0        | 528.13     | 532.25     | 913.33     | 920.15     | 924.88    
c_times   524.77     | 530.15     | 909.4      | 915.01     | 922.17     | 925.56    
travels   3.36       | 2.1        | 3.93       | 5.14       | 2.71       | 0.0       
charges   120.0      | 114.62     | 112.52     | 106.91     | 99.75      | 96.36     
~~~~~~~~~~~~~~~~~~~~~~~~~~~~~~~~~~~~~~~~~~
     Drone (3):
          12         | 12         | 9          | 12         | 5          | 10        
s_times   0.0        | 348.62     | 356.42     | 367.26     | 740.1903   | 750.0003  
c_times   348.62     | 348.62     | 360.0      | 738.0103   | 740.8703   | 753.5803  
travels   0.0        | 7.8        | 7.26       | 2.18       | 9.13       | 0.0       
charges   120.0      | 120.0      | 108.62     | 101.36     | 98.5       | 85.79     
~~~~~~~~~~~~~~~~~~~~~~~~~~~~~~~~~~~~~~~~~~
