~~~~~~~~~~~~~~~~~~~ [3, 'SB', 6, 120] ~~~~~~~~~~~~~~~~~~~
     seed: 1273249559463694334
 Families: [[1], [2, 3], [4, 5, 6], [7, 8], [9, 10, 11], [12]]
  i_times: [390.0, 750.0, 390.0, 210.0]
Fam slots: [[2, 5], [0, 5, 6], [3, 6], [0, 2, 3]]
Ear_dates: [0, 360.0, 900.0, 0.0, 900.0, 1080.0, 540.0, 1080.0, 0.0, 360.0, 540.0, 0]
Due_dates: [1440, 540.0, 1080.0, 180.0, 1080.0, 1260.0, 720.0, 1260.0, 180.0, 540.0, 720.0, 1440]
Monitor_t: [60.0, 2.02, 2.02, 0.68, 0.68, 0.68, 1.68, 1.68, 3.58, 3.58, 3.58, 0.0]
~~~~~~~~~~~~~~~~~~~ Comparing the results ~~~~~~~~~~~~~~~~~~~
***** lp_Variables: 3152
***** lp_Constraints: 5091
***** lp_objective: 2880
***** lp_Sol_time: 2.238
     Drone (1):
          12         | 12         | 12         | 12         | 12        
s_times   0          | 1440       | 1440       | 1440       | 1440      
c_times   1440       | 1440       | 1440       | 1440       | 1440      
travels   0.0        | 0.0        | 0.0        | 0.0        | 0.0       
charges   0          | 0          | 0          | 0          | 0         
~~~~~~~~~~~~~~~~~~~~~~~~~~~~~~~~~~~~~~~~~~
     Drone (2):
          12         | 12         | 12         | 12         | 12        
s_times   0          | 1440       | 1440       | 1440       | 1440      
c_times   1440       | 1440       | 1440       | 1440       | 1440      
travels   0.0        | 0.0        | 0.0        | 0.0        | 0.0       
charges   0          | 0          | 0          | 0          | 0         
~~~~~~~~~~~~~~~~~~~~~~~~~~~~~~~~~~~~~~~~~~
     Drone (3):
          12         | 12         | 12         | 12         | 12        
s_times   0          | 1440       | 1440       | 1440       | 1440      
c_times   1440       | 1440       | 1440       | 1440       | 1440      
travels   0.0        | 0.0        | 0.0        | 0.0        | 0.0       
charges   0          | 0          | 0          | 0          | 0         
~~~~~~~~~~~~~~~~~~~~~~~~~~~~~~~~~~~~~~~~~~
***** nlp_Variables: 488
***** nlp_Constraints: 127
***** nlp_objective: 0.0
***** nlp_Sol_time: 4.955
     Drone (1):
          12         | 12         | 9          | 4          | 12         | 7         
s_times   0.0        | 138.62     | 146.42     | 158.54     | 161.14     | 692.15    
c_times   138.62     | 138.62     | 150.0      | 159.22     | 688.22     | 693.83    
travels   0.0        | 7.8        | 8.54       | 1.92       | 3.93       | 0.0       
charges   120.0      | 120.0      | 108.62     | 99.4       | 97.48      | 91.87     
~~~~~~~~~~~~~~~~~~~~~~~~~~~~~~~~~~~~~~~~~~
     Drone (2):
          12         | 12         | 10         | 12         | 2          | 11        
s_times   0.0        | 352.2      | 360.0      | 370.84     | 528.58     | 540.0     
c_times   352.2      | 352.2      | 363.58     | 525.22     | 530.6      | 543.58    
travels   0.0        | 7.8        | 7.26       | 3.36       | 9.4        | 0.0       
charges   120.0      | 120.0      | 108.62     | 101.36     | 95.98      | 83.0      
~~~~~~~~~~~~~~~~~~~~~~~~~~~~~~~~~~~~~~~~~~
     Drone (3):
          12         | 5          | 3          | 12         | 6          | 8         
s_times   0.0        | 900.0      | 905.53     | 909.65     | 1080.0     | 1083.83   
c_times   897.82     | 900.68     | 907.55     | 1077.82    | 1080.68    | 1085.51   
travels   2.18       | 4.85       | 2.1        | 2.18       | 3.15       | 0.0       
charges   120.0      | 117.14     | 110.27     | 108.17     | 105.31     | 100.48    
~~~~~~~~~~~~~~~~~~~~~~~~~~~~~~~~~~~~~~~~~~
