~~~~~~~~~~~~~~~~~~~ [4, 'SB', 4, 360] ~~~~~~~~~~~~~~~~~~~
     seed: 5434789834338051980
 Families: [[1], [2, 3], [4, 5, 6], [7, 8], [9, 10, 11], [12]]
  i_times: [60.0, 420.0, 780.0, 780.0]
Fam slots: [[0, 1], [2, 4, 7], [1, 6], [0, 5, 7]]
Ear_dates: [0, 0.0, 180.0, 360.0, 720.0, 1260.0, 180.0, 1080.0, 0.0, 900.0, 1260.0, 0]
Due_dates: [1440, 180.0, 360.0, 540.0, 900.0, 1440.0, 360.0, 1260.0, 180.0, 1080.0, 1440.0, 1440]
Monitor_t: [60.0, 1.35, 1.35, 0.46, 0.46, 0.46, 1.12, 1.12, 2.39, 2.39, 2.39, 0.0]
~~~~~~~~~~~~~~~~~~~ Comparing the results ~~~~~~~~~~~~~~~~~~~
***** lp_Variables: 2978
***** lp_Constraints: 5194
***** lp_objective: 1123.78
***** lp_Sol_time: 11.3
     Drone (1):
          0          | 0          | 2          | 0         
s_times   0.0        | 0.0        | 0.0        | 1.35      
c_times   0.0        | 0.0        | 1.35       | 1.35      
travels   0.0        | 2.24       | 1.4        | 0.0       
charges   360.0      | 360.0      | 358.65     | 358.65    
~~~~~~~~~~~~~~~~~~~~~~~~~~~~~~~~~~~~~~~~~~
     Drone (2):
          9          | 1          | 8          | 11        
s_times   20.22      | 45.03      | 126.37     | 136.22    
c_times   22.61      | 105.03     | 127.49     | 138.61    
travels   22.42      | 21.34      | 8.73       | 0.0       
charges   337.39     | 360.0      | 337.54     | 326.42    
~~~~~~~~~~~~~~~~~~~~~~~~~~~~~~~~~~~~~~~~~~
     Drone (3):
          7          | 10         | 1          | 6         
s_times   21.34      | 31.19      | 56.0       | 137.74    
c_times   22.46      | 33.58      | 116.0      | 138.2     
travels   8.73       | 22.42      | 21.74      | 0.0       
charges   337.54     | 326.42     | 360.0      | 337.8     
~~~~~~~~~~~~~~~~~~~~~~~~~~~~~~~~~~~~~~~~~~
     Drone (4):
          4          | 12         | 5          | 3         
s_times   21.74      | 23.48      | 24.93      | 28.62     
c_times   22.2       | 23.48      | 25.39      | 29.97     
travels   1.28       | 1.45       | 3.23       | 0.0       
charges   337.8      | 336.52     | 334.61     | 330.03    
~~~~~~~~~~~~~~~~~~~~~~~~~~~~~~~~~~~~~~~~~~
***** nlp_Variables: 242
***** nlp_Constraints: 118
***** nlp_objective: 1123.78
***** nlp_Sol_time: 24.953
     Drone (1):
          12         | 5          | 3          | 1         
s_times   20.68      | 22.13      | 25.82      | 47.12     
c_times   20.68      | 22.59      | 27.17      | 107.12    
travels   1.45       | 3.23       | 19.95      | 0.0       
charges   339.32     | 337.41     | 332.83     | 360.0     
~~~~~~~~~~~~~~~~~~~~~~~~~~~~~~~~~~~~~~~~~~
     Drone (2):
          7          | 10         | 1          | 6         
s_times   21.34      | 31.19      | 56.0       | 137.74    
c_times   22.46      | 33.58      | 116.0      | 138.2     
travels   8.73       | 22.42      | 21.74      | 0.0       
charges   337.54     | 326.42     | 360.0      | 337.8     
~~~~~~~~~~~~~~~~~~~~~~~~~~~~~~~~~~~~~~~~~~
     Drone (3):
          0          | 0          | 2          | 4         
s_times   0.0        | 0.0        | 0.0        | 3.16      
c_times   0.0        | 0.0        | 1.35       | 3.62      
travels   0.0        | 2.24       | 1.81       | 0.0       
charges   360.0      | 360.0      | 358.65     | 356.38    
~~~~~~~~~~~~~~~~~~~~~~~~~~~~~~~~~~~~~~~~~~
     Drone (4):
          9          | 1          | 8          | 11        
s_times   20.22      | 45.03      | 126.37     | 136.22    
c_times   22.61      | 105.03     | 127.49     | 138.61    
travels   22.42      | 21.34      | 8.73       | 0.0       
charges   337.39     | 360.0      | 337.54     | 326.42    
~~~~~~~~~~~~~~~~~~~~~~~~~~~~~~~~~~~~~~~~~~
