~~~~~~~~~~~~~~~~~~~ [4, 'SB', 4, 360] ~~~~~~~~~~~~~~~~~~~
     seed: 946622183561993134
 Families: [[1], [2, 3], [4, 5, 6], [7, 8], [9, 10, 11], [12]]
  i_times: [240.0, 60.0, 240.0, 240.0]
Fam slots: [[5, 7], [5, 6, 7], [5, 7], [0, 1, 3]]
Ear_dates: [0, 900.0, 1260.0, 900.0, 1080.0, 1260.0, 900.0, 1260.0, 0.0, 180.0, 540.0, 0]
Due_dates: [1440, 1080.0, 1440.0, 1080.0, 1260.0, 1440.0, 1080.0, 1440.0, 180.0, 360.0, 720.0, 1440]
Monitor_t: [60.0, 1.35, 1.35, 0.46, 0.46, 0.46, 1.12, 1.12, 2.39, 2.39, 2.39, 0.0]
~~~~~~~~~~~~~~~~~~~ Comparing the results ~~~~~~~~~~~~~~~~~~~
***** lp_Variables: 2978
***** lp_Constraints: 5194
***** lp_objective: 1127.21
***** lp_Sol_time: 109.526
     Drone (1):
          4          | 1          | 11         | 3         
s_times   21.74      | 44.04      | 124.26     | 133.1     
c_times   22.2       | 104.04     | 126.65     | 134.45    
travels   21.84      | 20.22      | 6.45       | 0.0       
charges   337.8      | 360.0      | 337.39     | 329.59    
~~~~~~~~~~~~~~~~~~~~~~~~~~~~~~~~~~~~~~~~~~
     Drone (2):
          2          | 9          | 1          | 6         
s_times   18.63      | 26.24      | 51.05      | 132.79    
c_times   19.98      | 28.63      | 111.05     | 133.25    
travels   6.26       | 22.42      | 21.74      | 0.0       
charges   340.02     | 331.37     | 360.0      | 337.8     
~~~~~~~~~~~~~~~~~~~~~~~~~~~~~~~~~~~~~~~~~~
     Drone (3):
          0          | 0          | 1          | 5         
s_times   0.0        | 0.0        | 0.0        | 81.74     
c_times   0.0        | 0.0        | 60.0       | 82.2      
travels   0.0        | 20.68      | 21.74      | 0.0       
charges   360.0      | 360.0      | 360.0      | 337.8     
~~~~~~~~~~~~~~~~~~~~~~~~~~~~~~~~~~~~~~~~~~
     Drone (4):
          7          | 10         | 1          | 8         
s_times   21.34      | 31.19      | 56.0       | 137.34    
c_times   22.46      | 33.58      | 116.0      | 138.46    
travels   8.73       | 22.42      | 21.34      | 0.0       
charges   337.54     | 326.42     | 360.0      | 337.54    
~~~~~~~~~~~~~~~~~~~~~~~~~~~~~~~~~~~~~~~~~~
***** nlp_Variables: 242
***** nlp_Constraints: 118
***** nlp_objective: 1127.21
***** nlp_Sol_time: 40.174
     Drone (1):
          4          | 1          | 11         | 3         
s_times   21.74      | 44.04      | 124.26     | 133.1     
c_times   22.2       | 104.04     | 126.65     | 134.45    
travels   21.84      | 20.22      | 6.45       | 0.0       
charges   337.8      | 360.0      | 337.39     | 329.59    
~~~~~~~~~~~~~~~~~~~~~~~~~~~~~~~~~~~~~~~~~~
     Drone (2):
          7          | 10         | 1          | 8         
s_times   21.34      | 31.19      | 56.0       | 137.34    
c_times   22.46      | 33.58      | 116.0      | 138.46    
travels   8.73       | 22.42      | 21.34      | 0.0       
charges   337.54     | 326.42     | 360.0      | 337.54    
~~~~~~~~~~~~~~~~~~~~~~~~~~~~~~~~~~~~~~~~~~
     Drone (3):
          2          | 9          | 1          | 6         
s_times   18.63      | 26.24      | 51.05      | 132.79    
c_times   19.98      | 28.63      | 111.05     | 133.25    
travels   6.26       | 22.42      | 21.74      | 0.0       
charges   340.02     | 331.37     | 360.0      | 337.8     
~~~~~~~~~~~~~~~~~~~~~~~~~~~~~~~~~~~~~~~~~~
     Drone (4):
          0          | 1          | 5          | 1         
s_times   0.0        | 0.0        | 81.74      | 104.04    
c_times   0.0        | 60.0       | 82.2       | 164.04    
travels   20.68      | 21.74      | 21.84      | 0.0       
charges   360.0      | 360.0      | 337.8      | 360.0     
~~~~~~~~~~~~~~~~~~~~~~~~~~~~~~~~~~~~~~~~~~
