~~~~~~~~~~~~~~~~~~~ [4, 'SB', 4, 360] ~~~~~~~~~~~~~~~~~~~
     seed: 3925465047589960536
 Families: [[1], [2, 3], [4, 5, 6], [7, 8], [9, 10, 11], [12]]
  i_times: [600.0, 420.0, 600.0, 780.0]
Fam slots: [[1, 5], [1, 3, 6], [2, 6], [1, 2, 7]]
Ear_dates: [0, 180.0, 900.0, 180.0, 540.0, 1080.0, 360.0, 1080.0, 180.0, 360.0, 1260.0, 0]
Due_dates: [1440, 360.0, 1080.0, 360.0, 720.0, 1260.0, 540.0, 1260.0, 360.0, 540.0, 1440.0, 1440]
Monitor_t: [60.0, 1.35, 1.35, 0.46, 0.46, 0.46, 1.12, 1.12, 2.39, 2.39, 2.39, 0.0]
~~~~~~~~~~~~~~~~~~~ Comparing the results ~~~~~~~~~~~~~~~~~~~
***** lp_Variables: 2978
***** lp_Constraints: 5194
***** lp_objective: 1123.78
***** lp_Sol_time: 6.041
     Drone (1):
          6          | 9          | 1          | 0         
s_times   21.74      | 28.29      | 53.1       | 113.1     
c_times   22.2       | 30.68      | 113.1      | 113.1     
travels   6.09       | 22.42      | 20.68      | 0.0       
charges   337.8      | 329.32     | 360.0      | 360.0     
~~~~~~~~~~~~~~~~~~~~~~~~~~~~~~~~~~~~~~~~~~
     Drone (2):
          2          | 0          | 5          | 8         
s_times   18.63      | 19.98      | 19.98      | 22.54     
c_times   19.98      | 19.98      | 20.44      | 23.66     
travels   1.4        | 1.45       | 2.1        | 0.0       
charges   340.02     | 340.02     | 339.56     | 336.34    
~~~~~~~~~~~~~~~~~~~~~~~~~~~~~~~~~~~~~~~~~~
     Drone (3):
          7          | 10         | 1          | 11        
s_times   21.34      | 31.19      | 56.0       | 136.22    
c_times   22.46      | 33.58      | 116.0      | 138.61    
travels   8.73       | 22.42      | 20.22      | 0.0       
charges   337.54     | 326.42     | 360.0      | 337.39    
~~~~~~~~~~~~~~~~~~~~~~~~~~~~~~~~~~~~~~~~~~
     Drone (4):
          0          | 4          | 1          | 3         
s_times   0.0        | 0.0        | 22.3       | 100.93    
c_times   0.0        | 0.46       | 82.3       | 102.28    
travels   1.45       | 21.84      | 18.63      | 0.0       
charges   360.0      | 359.54     | 360.0      | 340.02    
~~~~~~~~~~~~~~~~~~~~~~~~~~~~~~~~~~~~~~~~~~
***** nlp_Variables: 242
***** nlp_Constraints: 118
***** nlp_objective: 1123.78
***** nlp_Sol_time: 16.555
     Drone (1):
          0          | 1          | 10         | 1         
s_times   0.0        | 0.0        | 80.22      | 105.03    
c_times   0.0        | 60.0       | 82.61      | 165.03    
travels   20.68      | 20.22      | 22.42      | 0.0       
charges   360.0      | 360.0      | 337.39     | 360.0     
~~~~~~~~~~~~~~~~~~~~~~~~~~~~~~~~~~~~~~~~~~
     Drone (2):
          7          | 9          | 1          | 11        
s_times   21.34      | 31.19      | 56.0       | 136.22    
c_times   22.46      | 33.58      | 116.0      | 138.61    
travels   8.73       | 22.42      | 20.22      | 0.0       
charges   337.54     | 326.42     | 360.0      | 337.39    
~~~~~~~~~~~~~~~~~~~~~~~~~~~~~~~~~~~~~~~~~~
     Drone (3):
          4          | 2          | 5          | 8         
s_times   21.74      | 25.43      | 28.59      | 31.15     
c_times   22.2       | 26.78      | 29.05      | 32.27     
travels   3.23       | 1.81       | 2.1        | 0.0       
charges   337.8      | 333.22     | 330.95     | 327.73    
~~~~~~~~~~~~~~~~~~~~~~~~~~~~~~~~~~~~~~~~~~
     Drone (4):
          12         | 1          | 3          | 6         
s_times   20.68      | 41.36      | 119.99     | 123.15    
c_times   20.68      | 101.36     | 121.34     | 123.61    
travels   20.68      | 18.63      | 1.81       | 0.0       
charges   339.32     | 360.0      | 340.02     | 337.75    
~~~~~~~~~~~~~~~~~~~~~~~~~~~~~~~~~~~~~~~~~~
