~~~~~~~~~~~~~~~~~~~ [4, 'SB', 4, 360] ~~~~~~~~~~~~~~~~~~~
     seed: 294783262169012656
 Families: [[1], [2, 3], [4, 5, 6], [7, 8], [9, 10, 11], [12]]
  i_times: [600.0, 420.0, 420.0, 420.0]
Fam slots: [[3, 7], [1, 3, 6], [1, 4], [1, 2, 5]]
Ear_dates: [0, 540.0, 1260.0, 180.0, 540.0, 1080.0, 180.0, 720.0, 180.0, 360.0, 900.0, 0]
Due_dates: [1440, 720.0, 1440.0, 360.0, 720.0, 1260.0, 360.0, 900.0, 360.0, 540.0, 1080.0, 1440]
Monitor_t: [60.0, 1.35, 1.35, 0.46, 0.46, 0.46, 1.12, 1.12, 2.39, 2.39, 2.39, 0.0]
~~~~~~~~~~~~~~~~~~~ Comparing the results ~~~~~~~~~~~~~~~~~~~
***** lp_Variables: 2978
***** lp_Constraints: 5194
***** lp_objective: 1125.369999999988
***** lp_Sol_time: 2.701
     Drone (1):
          0          | 1          | 5          | 0         
s_times   0.0        | 0.0        | 81.74      | 82.2      
c_times   0.0        | 60.0       | 82.2       | 82.2      
travels   20.68      | 21.74      | 1.28       | 0.0       
charges   360.0      | 360.0      | 337.8      | 337.8     
~~~~~~~~~~~~~~~~~~~~~~~~~~~~~~~~~~~~~~~~~~
     Drone (2):
          9          | 1          | 8          | 6         
s_times   20.22      | 45.03      | 126.37     | 130.25    
c_times   22.61      | 105.03     | 127.49     | 130.71    
travels   22.42      | 21.34      | 2.76       | 0.0       
charges   337.39     | 360.0      | 337.54     | 334.32    
~~~~~~~~~~~~~~~~~~~~~~~~~~~~~~~~~~~~~~~~~~
     Drone (3):
          7          | 10         | 1          | 3         
s_times   21.34      | 31.19      | 56.0       | 134.63    
c_times   22.46      | 33.58      | 116.0      | 135.98    
travels   8.73       | 22.42      | 18.63      | 0.0       
charges   337.54     | 326.42     | 360.0      | 340.02    
~~~~~~~~~~~~~~~~~~~~~~~~~~~~~~~~~~~~~~~~~~
     Drone (4):
          4          | 1          | 2          | 11        
s_times   21.74      | 44.04      | 122.67     | 130.28    
c_times   22.2       | 104.04     | 124.02     | 132.67    
travels   21.84      | 18.63      | 6.26       | 0.0       
charges   337.8      | 360.0      | 340.02     | 331.37    
~~~~~~~~~~~~~~~~~~~~~~~~~~~~~~~~~~~~~~~~~~
***** nlp_Variables: 242
***** nlp_Constraints: 118
***** nlp_objective: 1125.3700000000001
***** nlp_Sol_time: 6.042
     Drone (1):
          8          | 10         | 1          | 3         
s_times   21.34      | 31.19      | 56.0       | 134.63    
c_times   22.46      | 33.58      | 116.0      | 135.98    
travels   8.73       | 22.42      | 18.63      | 0.0       
charges   337.54     | 326.42     | 360.0      | 340.02    
~~~~~~~~~~~~~~~~~~~~~~~~~~~~~~~~~~~~~~~~~~
     Drone (2):
          12         | 5          | 2          | 6         
s_times   20.68      | 22.13      | 25.82      | 28.98     
c_times   20.68      | 22.59      | 27.17      | 29.44     
travels   1.45       | 3.23       | 1.81       | 0.0       
charges   339.32     | 337.41     | 332.83     | 330.56    
~~~~~~~~~~~~~~~~~~~~~~~~~~~~~~~~~~~~~~~~~~
     Drone (3):
          0          | 0          | 1          | 11        
s_times   0.0        | 0.0        | 0.0        | 80.22     
c_times   0.0        | 0.0        | 60.0       | 82.61     
travels   0.0        | 20.68      | 20.22      | 0.0       
charges   360.0      | 360.0      | 360.0      | 337.39    
~~~~~~~~~~~~~~~~~~~~~~~~~~~~~~~~~~~~~~~~~~
     Drone (4):
          0          | 4          | 7          | 9         
s_times   0.0        | 0.0        | 2.56       | 12.41     
c_times   0.0        | 0.46       | 3.68       | 14.8      
travels   1.45       | 2.1        | 8.73       | 0.0       
charges   360.0      | 359.54     | 356.32     | 345.2     
~~~~~~~~~~~~~~~~~~~~~~~~~~~~~~~~~~~~~~~~~~
