~~~~~~~~~~~~~~~~~~~ [4, 'SB', 4, 360] ~~~~~~~~~~~~~~~~~~~
     seed: 7355049983161008923
 Families: [[1], [2, 3], [4, 5, 6], [7, 8], [9, 10, 11], [12]]
  i_times: [600.0, 600.0, 240.0, 600.0]
Fam slots: [[1, 5], [0, 2, 6], [3, 5], [1, 3, 7]]
Ear_dates: [0, 180.0, 900.0, 0.0, 360.0, 1080.0, 540.0, 900.0, 180.0, 540.0, 1260.0, 0]
Due_dates: [1440, 360.0, 1080.0, 180.0, 540.0, 1260.0, 720.0, 1080.0, 360.0, 720.0, 1440.0, 1440]
Monitor_t: [60.0, 1.35, 1.35, 0.46, 0.46, 0.46, 1.12, 1.12, 2.39, 2.39, 2.39, 0.0]
~~~~~~~~~~~~~~~~~~~ Comparing the results ~~~~~~~~~~~~~~~~~~~
***** lp_Variables: 2978
***** lp_Constraints: 5194
***** lp_objective: 1123.78
***** lp_Sol_time: 2.809
     Drone (1):
          0          | 4          | 1          | 10        
s_times   0.0        | 0.0        | 22.3       | 102.52    
c_times   0.0        | 0.46       | 82.3       | 104.91    
travels   1.45       | 21.84      | 20.22      | 0.0       
charges   360.0      | 359.54     | 360.0      | 337.39    
~~~~~~~~~~~~~~~~~~~~~~~~~~~~~~~~~~~~~~~~~~
     Drone (2):
          7          | 9          | 1          | 11        
s_times   21.34      | 31.19      | 56.0       | 136.22    
c_times   22.46      | 33.58      | 116.0      | 138.61    
travels   8.73       | 22.42      | 20.22      | 0.0       
charges   337.54     | 326.42     | 360.0      | 337.39    
~~~~~~~~~~~~~~~~~~~~~~~~~~~~~~~~~~~~~~~~~~
     Drone (3):
          2          | 0          | 3          | 6         
s_times   18.63      | 19.98      | 19.98      | 23.14     
c_times   19.98      | 19.98      | 21.33      | 23.6      
travels   1.4        | 2.24       | 1.81       | 0.0       
charges   340.02     | 340.02     | 338.67     | 336.4     
~~~~~~~~~~~~~~~~~~~~~~~~~~~~~~~~~~~~~~~~~~
     Drone (4):
          5          | 0          | 1          | 8         
s_times   21.74      | 22.2       | 22.2       | 103.54    
c_times   22.2       | 22.2       | 82.2       | 104.66    
travels   1.28       | 20.68      | 21.34      | 0.0       
charges   337.8      | 337.8      | 360.0      | 337.54    
~~~~~~~~~~~~~~~~~~~~~~~~~~~~~~~~~~~~~~~~~~
***** nlp_Variables: 242
***** nlp_Constraints: 118
***** nlp_objective: 1123.78
***** nlp_Sol_time: 8.597
     Drone (1):
          7          | 10         | 1          | 11        
s_times   21.34      | 31.19      | 56.0       | 136.22    
c_times   22.46      | 33.58      | 116.0      | 138.61    
travels   8.73       | 22.42      | 20.22      | 0.0       
charges   337.54     | 326.42     | 360.0      | 337.39    
~~~~~~~~~~~~~~~~~~~~~~~~~~~~~~~~~~~~~~~~~~
     Drone (2):
          0          | 9          | 3          | 4         
s_times   0.0        | 0.0        | 8.84       | 12.0      
c_times   0.0        | 2.39       | 10.19      | 12.46     
travels   5.2        | 6.45       | 1.81       | 0.0       
charges   360.0      | 357.61     | 349.81     | 347.54    
~~~~~~~~~~~~~~~~~~~~~~~~~~~~~~~~~~~~~~~~~~
     Drone (3):
          0          | 2          | 1          | 6         
s_times   0.0        | 0.0        | 21.3       | 103.04    
c_times   0.0        | 1.35       | 81.3       | 103.5     
travels   2.24       | 19.95      | 21.74      | 0.0       
charges   360.0      | 358.65     | 360.0      | 337.8     
~~~~~~~~~~~~~~~~~~~~~~~~~~~~~~~~~~~~~~~~~~
     Drone (4):
          5          | 1          | 8          | 1         
s_times   21.74      | 44.04      | 125.38     | 147.5     
c_times   22.2       | 104.04     | 126.5      | 207.5     
travels   21.84      | 21.34      | 21.0       | 0.0       
charges   337.8      | 360.0      | 337.54     | 360.0     
~~~~~~~~~~~~~~~~~~~~~~~~~~~~~~~~~~~~~~~~~~
