~~~~~~~~~~~~~~~~~~~ [4, 'SB', 4, 360] ~~~~~~~~~~~~~~~~~~~
     seed: 3521775807566813241
 Families: [[1], [2, 3], [4, 5, 6], [7, 8], [9, 10, 11], [12]]
  i_times: [960.0, 600.0, 780.0, 600.0]
Fam slots: [[0, 6], [0, 4, 6], [0, 5], [0, 4, 7]]
Ear_dates: [0, 0.0, 1080.0, 0.0, 720.0, 1080.0, 0.0, 900.0, 0.0, 720.0, 1260.0, 0]
Due_dates: [1440, 180.0, 1260.0, 180.0, 900.0, 1260.0, 180.0, 1080.0, 180.0, 900.0, 1440.0, 1440]
Monitor_t: [60.0, 1.35, 1.35, 0.46, 0.46, 0.46, 1.12, 1.12, 2.39, 2.39, 2.39, 0.0]
~~~~~~~~~~~~~~~~~~~ Comparing the results ~~~~~~~~~~~~~~~~~~~
***** lp_Variables: 2978
***** lp_Constraints: 5194
***** lp_objective: 1123.78
***** lp_Sol_time: 3.258
     Drone (1):
          7          | 10         | 1          | 11        
s_times   21.34      | 31.19      | 56.0       | 136.22    
c_times   22.46      | 33.58      | 116.0      | 138.61    
travels   8.73       | 22.42      | 20.22      | 0.0       
charges   337.54     | 326.42     | 360.0      | 337.39    
~~~~~~~~~~~~~~~~~~~~~~~~~~~~~~~~~~~~~~~~~~
     Drone (2):
          9          | 0          | 5          | 3         
s_times   20.22      | 22.61      | 22.61      | 26.3      
c_times   22.61      | 22.61      | 23.07      | 27.65     
travels   4.84       | 1.45       | 3.23       | 0.0       
charges   337.39     | 337.39     | 336.93     | 332.35    
~~~~~~~~~~~~~~~~~~~~~~~~~~~~~~~~~~~~~~~~~~
     Drone (3):
          4          | 8          | 6          | 0         
s_times   21.74      | 24.3       | 28.18      | 28.64     
c_times   22.2       | 25.42      | 28.64      | 28.64     
travels   2.1        | 2.76       | 1.28       | 0.0       
charges   337.8      | 334.58     | 331.36     | 331.36    
~~~~~~~~~~~~~~~~~~~~~~~~~~~~~~~~~~~~~~~~~~
     Drone (4):
          12         | 2          | 0          | 0         
s_times   20.68      | 22.92      | 24.27      | 24.27     
c_times   20.68      | 24.27      | 24.27      | 24.27     
travels   2.24       | 1.4        | 0.0        | 0.0       
charges   339.32     | 335.73     | 335.73     | 335.73    
~~~~~~~~~~~~~~~~~~~~~~~~~~~~~~~~~~~~~~~~~~
***** nlp_Variables: 242
***** nlp_Constraints: 118
***** nlp_objective: 1123.7800000000002
***** nlp_Sol_time: 9.613
     Drone (1):
          2          | 7          | 6          | 3         
s_times   18.63      | 21.87      | 25.75      | 29.44     
c_times   19.98      | 22.99      | 26.21      | 30.79     
travels   1.89       | 2.76       | 3.23       | 0.0       
charges   340.02     | 337.01     | 333.79     | 329.21    
~~~~~~~~~~~~~~~~~~~~~~~~~~~~~~~~~~~~~~~~~~
     Drone (2):
          10         | 1          | 8          | 11        
s_times   20.22      | 45.03      | 126.37     | 136.22    
c_times   22.61      | 105.03     | 127.49     | 138.61    
travels   22.42      | 21.34      | 8.73       | 0.0       
charges   337.39     | 360.0      | 337.54     | 326.42    
~~~~~~~~~~~~~~~~~~~~~~~~~~~~~~~~~~~~~~~~~~
     Drone (3):
          0          | 0          | 0          | 4         
s_times   0.0        | 0.0        | 0.0        | 0.0       
c_times   0.0        | 0.0        | 0.0        | 0.46      
travels   0.0        | 0.0        | 1.45       | 0.0       
charges   360.0      | 360.0      | 360.0      | 359.54    
~~~~~~~~~~~~~~~~~~~~~~~~~~~~~~~~~~~~~~~~~~
     Drone (4):
          0          | 0          | 9          | 5         
s_times   0.0        | 0.0        | 0.0        | 8.08      
c_times   0.0        | 0.0        | 2.39       | 8.54      
travels   0.0        | 5.2        | 5.69       | 0.0       
charges   360.0      | 360.0      | 357.61     | 351.46    
~~~~~~~~~~~~~~~~~~~~~~~~~~~~~~~~~~~~~~~~~~
