~~~~~~~~~~~~~~~~~~~ [3, 'SB', 12, 120] ~~~~~~~~~~~~~~~~~~~
     seed: 3521775807566813241
 Families: [[1], [2, 3], [4, 5, 6], [7, 8], [9, 10, 11], [12]]
  i_times: [930.0, 570.0, 750.0, 570.0]
Fam slots: [[0, 6], [0, 4, 6], [0, 5], [0, 4, 7]]
Ear_dates: [0, 0.0, 1080.0, 0.0, 720.0, 1080.0, 0.0, 900.0, 0.0, 720.0, 1260.0, 0]
Due_dates: [1440, 180.0, 1260.0, 180.0, 900.0, 1260.0, 180.0, 1080.0, 180.0, 900.0, 1440.0, 1440]
Monitor_t: [60.0, 2.02, 2.02, 0.68, 0.68, 0.68, 1.68, 1.68, 3.58, 3.58, 3.58, 0.0]
~~~~~~~~~~~~~~~~~~~ Comparing the results ~~~~~~~~~~~~~~~~~~~
***** lp_Variables: 3152
***** lp_Constraints: 5091
***** lp_objective: 2880
***** lp_Sol_time: 2.238
     Drone (1):
          12         | 12         | 12         | 12         | 12        
s_times   0          | 1440       | 1440       | 1440       | 1440      
c_times   1440       | 1440       | 1440       | 1440       | 1440      
travels   0.0        | 0.0        | 0.0        | 0.0        | 0.0       
charges   0          | 0          | 0          | 0          | 0         
~~~~~~~~~~~~~~~~~~~~~~~~~~~~~~~~~~~~~~~~~~
     Drone (2):
          12         | 12         | 12         | 12         | 12        
s_times   0          | 1440       | 1440       | 1440       | 1440      
c_times   1440       | 1440       | 1440       | 1440       | 1440      
travels   0.0        | 0.0        | 0.0        | 0.0        | 0.0       
charges   0          | 0          | 0          | 0          | 0         
~~~~~~~~~~~~~~~~~~~~~~~~~~~~~~~~~~~~~~~~~~
     Drone (3):
          12         | 12         | 12         | 12         | 12        
s_times   0          | 1440       | 1440       | 1440       | 1440      
c_times   1440       | 1440       | 1440       | 1440       | 1440      
travels   0.0        | 0.0        | 0.0        | 0.0        | 0.0       
charges   0          | 0          | 0          | 0          | 0         
~~~~~~~~~~~~~~~~~~~~~~~~~~~~~~~~~~~~~~~~~~
***** nlp_Variables: 974
***** nlp_Constraints: 235
***** nlp_objective: 0.0
***** nlp_Sol_time: 8.896
     Drone (1):
          12         | 12         | 12         | 12         | 12         | 7          | 4          | 9          | 12         | 8          | 12         | 3         
s_times   0.0        | 31.02      | 31.02      | 156.86     | 156.86     | 160.79     | 166.61     | 176.42     | 187.26     | 912.47     | 919.51     | 1080.0    
c_times   31.02      | 31.02      | 156.86     | 156.86     | 156.86     | 162.47     | 167.29     | 180.0      | 908.54     | 914.15     | 1076.64    | 1082.02   
travels   0.0        | 0.0        | 0.0        | 0.0        | 3.93       | 4.14       | 9.13       | 7.26       | 3.93       | 5.36       | 3.36       | 0.0       
charges   120.0      | 120.0      | 120.0      | 120.0      | 120.0      | 114.39     | 109.57     | 96.86      | 89.6       | 83.99      | 78.63      | 73.25     
~~~~~~~~~~~~~~~~~~~~~~~~~~~~~~~~~~~~~~~~~~
     Drone (2):
          12         | 12         | 12         | 12         | 12         | 12         | 12         | 6          | 12         | 12         | 12         | 11        
s_times   0.0        | 31.02      | 31.02      | 31.02      | 31.02      | 31.02      | 1077.82    | 1080.0     | 1082.6     | 1082.6     | 1082.6     | 1303.39   
c_times   31.02      | 31.02      | 31.02      | 31.02      | 31.02      | 1077.82    | 1077.82    | 1080.68    | 1082.6     | 1082.6     | 1295.59    | 1306.97   
travels   0.0        | 0.0        | 0.0        | 0.0        | 0.0        | 0.0        | 2.18       | 1.92       | 0.0        | 0.0        | 7.8        | 0.0       
charges   120.0      | 120.0      | 120.0      | 120.0      | 120.0      | 120.0      | 120.0      | 117.14     | 115.22     | 115.22     | 115.22     | 103.84    
~~~~~~~~~~~~~~~~~~~~~~~~~~~~~~~~~~~~~~~~~~
     Drone (3):
          12         | 12         | 12         | 12         | 12         | 2          | 12         | 12         | 12         | 12         | 5          | 10        
s_times   0.0        | 31.02      | 31.02      | 144.62     | 144.62     | 147.98     | 152.1      | 717.82     | 717.82     | 717.82     | 720.0      | 729.81    
c_times   31.02      | 31.02      | 144.62     | 144.62     | 144.62     | 150.0      | 717.82     | 717.82     | 717.82     | 717.82     | 720.68     | 733.39    
travels   0.0        | 0.0        | 0.0        | 0.0        | 3.36       | 2.1        | 0.0        | 0.0        | 0.0        | 2.18       | 9.13       | 0.0       
charges   120.0      | 120.0      | 120.0      | 120.0      | 120.0      | 114.62     | 112.52     | 112.52     | 112.52     | 112.52     | 109.66     | 96.95     
~~~~~~~~~~~~~~~~~~~~~~~~~~~~~~~~~~~~~~~~~~
