~~~~~~~~~~~~~~~~~~~ [3, 'SB', 5, 60] ~~~~~~~~~~~~~~~~~~~
     seed: 3521775807566813241
 Families: [[1], [2, 3], [4, 5, 6], [7, 8], [9, 10, 11], [12]]
  i_times: [930.0, 570.0, 750.0, 570.0]
Fam slots: [[0, 6], [0, 4, 6], [0, 5], [0, 4, 7]]
Ear_dates: [0, 0.0, 1080.0, 0.0, 720.0, 1080.0, 0.0, 900.0, 0.0, 720.0, 1260.0, 0]
Due_dates: [1440, 180.0, 1260.0, 180.0, 900.0, 1260.0, 180.0, 1080.0, 180.0, 900.0, 1440.0, 1440]
Monitor_t: [60.0, 2.02, 2.02, 0.68, 0.68, 0.68, 1.68, 1.68, 3.58, 3.58, 3.58, 0.0]
~~~~~~~~~~~~~~~~~~~ Comparing the results ~~~~~~~~~~~~~~~~~~~
***** lp_Variables: 3152
***** lp_Constraints: 5091
***** lp_objective: 2880
***** lp_Sol_time: 2.238
     Drone (1):
          12         | 12         | 12         | 12         | 12        
s_times   0          | 1440       | 1440       | 1440       | 1440      
c_times   1440       | 1440       | 1440       | 1440       | 1440      
travels   0.0        | 0.0        | 0.0        | 0.0        | 0.0       
charges   0          | 0          | 0          | 0          | 0         
~~~~~~~~~~~~~~~~~~~~~~~~~~~~~~~~~~~~~~~~~~
     Drone (2):
          12         | 12         | 12         | 12         | 12        
s_times   0          | 1440       | 1440       | 1440       | 1440      
c_times   1440       | 1440       | 1440       | 1440       | 1440      
travels   0.0        | 0.0        | 0.0        | 0.0        | 0.0       
charges   0          | 0          | 0          | 0          | 0         
~~~~~~~~~~~~~~~~~~~~~~~~~~~~~~~~~~~~~~~~~~
     Drone (3):
          12         | 12         | 12         | 12         | 12        
s_times   0          | 1440       | 1440       | 1440       | 1440      
c_times   1440       | 1440       | 1440       | 1440       | 1440      
travels   0.0        | 0.0        | 0.0        | 0.0        | 0.0       
charges   0          | 0          | 0          | 0          | 0         
~~~~~~~~~~~~~~~~~~~~~~~~~~~~~~~~~~~~~~~~~~
***** nlp_Variables: 407
***** nlp_Constraints: 109
***** nlp_objective: 0.0
***** nlp_Sol_time: 5.44
     Drone (1):
          12         | 10         | 5          | 12         | 11        
s_times   0.0        | 720.0      | 732.12     | 734.72     | 1293.58   
c_times   712.2      | 723.58     | 732.8      | 1285.78    | 1297.16   
travels   7.8        | 8.54       | 1.92       | 7.8        | 0.0       
charges   60.0       | 48.62      | 39.4       | 37.48      | 26.1      
~~~~~~~~~~~~~~~~~~~~~~~~~~~~~~~~~~~~~~~~~~
     Drone (2):
          12         | 9          | 2          | 4          | 7         
s_times   0.0        | 156.51     | 169.76     | 174.49     | 178.32    
c_times   148.71     | 160.09     | 171.78     | 175.17     | 180.0     
travels   7.8        | 9.67       | 2.71       | 3.15       | 0.0       
charges   60.0       | 48.62      | 36.93      | 33.54      | 28.71     
~~~~~~~~~~~~~~~~~~~~~~~~~~~~~~~~~~~~~~~~~~
     Drone (3):
          12         | 8          | 12         | 3          | 6         
s_times   0.0        | 900.0      | 907.04     | 1080.0     | 1084.73   
c_times   896.07     | 901.68     | 1076.64    | 1082.02    | 1085.41   
travels   3.93       | 5.36       | 3.36       | 2.71       | 0.0       
charges   60.0       | 54.39      | 49.03      | 43.65      | 40.26     
~~~~~~~~~~~~~~~~~~~~~~~~~~~~~~~~~~~~~~~~~~
