~~~~~~~~~~~~~~~~~~~ [3, 'SB', 5, 60] ~~~~~~~~~~~~~~~~~~~
     seed: 1756212420844415999
 Families: [[1], [2, 3], [4, 5, 6], [7, 8], [9, 10, 11], [12]]
  i_times: [1110.0, 750.0, 30.0, 390.0]
Fam slots: [[0, 7], [0, 5, 7], [0, 1], [2, 5, 7]]
Ear_dates: [0, 0.0, 1260.0, 0.0, 900.0, 1260.0, 0.0, 180.0, 360.0, 900.0, 1260.0, 0]
Due_dates: [1440, 180.0, 1440.0, 180.0, 1080.0, 1440.0, 180.0, 360.0, 540.0, 1080.0, 1440.0, 1440]
Monitor_t: [60.0, 2.02, 2.02, 0.68, 0.68, 0.68, 1.68, 1.68, 3.58, 3.58, 3.58, 0.0]
~~~~~~~~~~~~~~~~~~~ Comparing the results ~~~~~~~~~~~~~~~~~~~
***** lp_Variables: 3152
***** lp_Constraints: 5091
***** lp_objective: 2880
***** lp_Sol_time: 2.238
     Drone (1):
          12         | 12         | 12         | 12         | 12        
s_times   0          | 1440       | 1440       | 1440       | 1440      
c_times   1440       | 1440       | 1440       | 1440       | 1440      
travels   0.0        | 0.0        | 0.0        | 0.0        | 0.0       
charges   0          | 0          | 0          | 0          | 0         
~~~~~~~~~~~~~~~~~~~~~~~~~~~~~~~~~~~~~~~~~~
     Drone (2):
          12         | 12         | 12         | 12         | 12        
s_times   0          | 1440       | 1440       | 1440       | 1440      
c_times   1440       | 1440       | 1440       | 1440       | 1440      
travels   0.0        | 0.0        | 0.0        | 0.0        | 0.0       
charges   0          | 0          | 0          | 0          | 0         
~~~~~~~~~~~~~~~~~~~~~~~~~~~~~~~~~~~~~~~~~~
     Drone (3):
          12         | 12         | 12         | 12         | 12        
s_times   0          | 1440       | 1440       | 1440       | 1440      
c_times   1440       | 1440       | 1440       | 1440       | 1440      
travels   0.0        | 0.0        | 0.0        | 0.0        | 0.0       
charges   0          | 0          | 0          | 0          | 0         
~~~~~~~~~~~~~~~~~~~~~~~~~~~~~~~~~~~~~~~~~~
***** nlp_Variables: 407
***** nlp_Constraints: 109
***** nlp_objective: 0.0
***** nlp_Sol_time: 10.971
     Drone (1):
          12         | 5          | 10         | 12         | 3         
s_times   0.0        | 920.19     | 930.0      | 940.84     | 1260.0    
c_times   918.01     | 920.87     | 933.58     | 1256.64    | 1262.02   
travels   2.18       | 9.13       | 7.26       | 3.36       | 0.0       
charges   60.0       | 57.14      | 44.43      | 37.17      | 31.79     
~~~~~~~~~~~~~~~~~~~~~~~~~~~~~~~~~~~~~~~~~~
     Drone (2):
          12         | 7          | 2          | 4          | 8         
s_times   0.0        | 164.62     | 171.44     | 176.17     | 180.0     
c_times   160.69     | 166.3      | 173.46     | 176.85     | 181.68    
travels   3.93       | 5.14       | 2.71       | 3.15       | 0.0       
charges   60.0       | 54.39      | 47.23      | 43.84      | 39.01     
~~~~~~~~~~~~~~~~~~~~~~~~~~~~~~~~~~~~~~~~~~
     Drone (3):
          12         | 9          | 12         | 11         | 6         
s_times   0.0        | 536.42     | 547.26     | 1260.0     | 1272.12   
c_times   528.62     | 540.0      | 1252.2     | 1263.58    | 1272.8    
travels   7.8        | 7.26       | 7.8        | 8.54       | 0.0       
charges   60.0       | 48.62      | 41.36      | 29.98      | 20.76     
~~~~~~~~~~~~~~~~~~~~~~~~~~~~~~~~~~~~~~~~~~
