~~~~~~~~~~~~~~~~~~~ [3, 'SB', 5, 60] ~~~~~~~~~~~~~~~~~~~
     seed: 3925465047589960536
 Families: [[1], [2, 3], [4, 5, 6], [7, 8], [9, 10, 11], [12]]
  i_times: [570.0, 390.0, 570.0, 750.0]
Fam slots: [[1, 5], [1, 3, 6], [2, 6], [1, 2, 7]]
Ear_dates: [0, 180.0, 900.0, 180.0, 540.0, 1080.0, 360.0, 1080.0, 180.0, 360.0, 1260.0, 0]
Due_dates: [1440, 360.0, 1080.0, 360.0, 720.0, 1260.0, 540.0, 1260.0, 360.0, 540.0, 1440.0, 1440]
Monitor_t: [60.0, 2.02, 2.02, 0.68, 0.68, 0.68, 1.68, 1.68, 3.58, 3.58, 3.58, 0.0]
~~~~~~~~~~~~~~~~~~~ Comparing the results ~~~~~~~~~~~~~~~~~~~
***** lp_Variables: 3152
***** lp_Constraints: 5091
***** lp_objective: 2880
***** lp_Sol_time: 2.238
     Drone (1):
          12         | 12         | 12         | 12         | 12        
s_times   0          | 1440       | 1440       | 1440       | 1440      
c_times   1440       | 1440       | 1440       | 1440       | 1440      
travels   0.0        | 0.0        | 0.0        | 0.0        | 0.0       
charges   0          | 0          | 0          | 0          | 0         
~~~~~~~~~~~~~~~~~~~~~~~~~~~~~~~~~~~~~~~~~~
     Drone (2):
          12         | 12         | 12         | 12         | 12        
s_times   0          | 1440       | 1440       | 1440       | 1440      
c_times   1440       | 1440       | 1440       | 1440       | 1440      
travels   0.0        | 0.0        | 0.0        | 0.0        | 0.0       
charges   0          | 0          | 0          | 0          | 0         
~~~~~~~~~~~~~~~~~~~~~~~~~~~~~~~~~~~~~~~~~~
     Drone (3):
          12         | 12         | 12         | 12         | 12        
s_times   0          | 1440       | 1440       | 1440       | 1440      
c_times   1440       | 1440       | 1440       | 1440       | 1440      
travels   0.0        | 0.0        | 0.0        | 0.0        | 0.0       
charges   0          | 0          | 0          | 0          | 0         
~~~~~~~~~~~~~~~~~~~~~~~~~~~~~~~~~~~~~~~~~~
***** nlp_Variables: 407
***** nlp_Constraints: 109
***** nlp_objective: 141.21999997150698
***** nlp_Sol_time: 1052.47
     Drone (1):
          12         | 6          | 8          | 12         | 11        
s_times   0.0        | 1080.0     | 1083.83    | 1090.87    | 1430.78   
c_times   1077.82    | 1080.68    | 1085.51    | 1422.98    | 1434.36   
travels   2.18       | 3.15       | 5.36       | 7.8        | 0.0       
charges   60.0       | 57.14      | 52.31      | 46.95      | 35.57     
~~~~~~~~~~~~~~~~~~~~~~~~~~~~~~~~~~~~~~~~~~
     Drone (2):
          12         | 10         | 5          | 12         | 3         
s_times   0.0        | 677.2      | 689.32     | 691.92     | 1058.24   
c_times   669.4      | 680.78     | 690.0      | 1054.88    | 1060.26   
travels   7.8        | 8.54       | 1.92       | 3.36       | 0.0       
charges   60.0       | 48.62      | 39.4       | 37.48      | 32.1      
~~~~~~~~~~~~~~~~~~~~~~~~~~~~~~~~~~~~~~~~~~
     Drone (3):
          12         | 4          | 2          | 9          | 7         
s_times   0.0        | 480.69     | 486.22     | 497.64     | 512.15    
c_times   478.51     | 481.37     | 488.24     | 501.22     | 513.83    
travels   2.18       | 4.85       | 9.4        | 10.93      | 0.0       
charges   60.0       | 57.14      | 50.27      | 37.29      | 24.68     
~~~~~~~~~~~~~~~~~~~~~~~~~~~~~~~~~~~~~~~~~~
