~~~~~~~~~~~~~~~~~~~ [3, 'SB', 8, 120] ~~~~~~~~~~~~~~~~~~~
     seed: 2144993631536841464
 Families: [[1], [2, 3], [4, 5, 6], [7, 8], [9, 10, 11], [12]]
  i_times: [210.0, 750.0, 750.0, 390.0]
Fam slots: [[1, 3], [0, 2, 7], [2, 7], [1, 4, 5]]
Ear_dates: [0, 180.0, 540.0, 0.0, 360.0, 1260.0, 360.0, 1260.0, 180.0, 720.0, 900.0, 0]
Due_dates: [1440, 360.0, 720.0, 180.0, 540.0, 1440.0, 540.0, 1440.0, 360.0, 900.0, 1080.0, 1440]
Monitor_t: [60.0, 2.02, 2.02, 0.68, 0.68, 0.68, 1.68, 1.68, 3.58, 3.58, 3.58, 0.0]
~~~~~~~~~~~~~~~~~~~ Comparing the results ~~~~~~~~~~~~~~~~~~~
***** lp_Variables: 3152
***** lp_Constraints: 5091
***** lp_objective: 2880
***** lp_Sol_time: 2.238
     Drone (1):
          12         | 12         | 12         | 12         | 12        
s_times   0          | 1440       | 1440       | 1440       | 1440      
c_times   1440       | 1440       | 1440       | 1440       | 1440      
travels   0.0        | 0.0        | 0.0        | 0.0        | 0.0       
charges   0          | 0          | 0          | 0          | 0         
~~~~~~~~~~~~~~~~~~~~~~~~~~~~~~~~~~~~~~~~~~
     Drone (2):
          12         | 12         | 12         | 12         | 12        
s_times   0          | 1440       | 1440       | 1440       | 1440      
c_times   1440       | 1440       | 1440       | 1440       | 1440      
travels   0.0        | 0.0        | 0.0        | 0.0        | 0.0       
charges   0          | 0          | 0          | 0          | 0         
~~~~~~~~~~~~~~~~~~~~~~~~~~~~~~~~~~~~~~~~~~
     Drone (3):
          12         | 12         | 12         | 12         | 12        
s_times   0          | 1440       | 1440       | 1440       | 1440      
c_times   1440       | 1440       | 1440       | 1440       | 1440      
travels   0.0        | 0.0        | 0.0        | 0.0        | 0.0       
charges   0          | 0          | 0          | 0          | 0         
~~~~~~~~~~~~~~~~~~~~~~~~~~~~~~~~~~~~~~~~~~
***** nlp_Variables: 650
***** nlp_Constraints: 163
***** nlp_objective: 0.0
***** nlp_Sol_time: 6.779
     Drone (1):
          12         | 3          | 12         | 12         | 12         | 12         | 10         | 12        
s_times   0.0        | 570.0      | 574.12     | 574.12     | 574.12     | 574.12     | 738.31     | 749.15    
c_times   566.64     | 572.02     | 574.12     | 574.12     | 574.12     | 730.51     | 741.89     | 749.15    
travels   3.36       | 2.1        | 0.0        | 0.0        | 0.0        | 7.8        | 7.26       | 0.0       
charges   120.0      | 114.62     | 112.52     | 112.52     | 112.52     | 112.52     | 101.14     | 93.88     
~~~~~~~~~~~~~~~~~~~~~~~~~~~~~~~~~~~~~~~~~~
     Drone (2):
          12         | 9          | 2          | 12         | 7          | 5          | 12         | 11        
s_times   0.0        | 344.73     | 357.98     | 362.1      | 512.15     | 517.97     | 520.57     | 900.0     
c_times   336.93     | 348.31     | 360.0      | 508.22     | 513.83     | 518.65     | 892.2      | 903.58    
travels   7.8        | 9.67       | 2.1        | 3.93       | 4.14       | 1.92       | 7.8        | 0.0       
charges   120.0      | 108.62     | 96.93      | 94.83      | 89.22      | 84.4       | 82.48      | 71.1      
~~~~~~~~~~~~~~~~~~~~~~~~~~~~~~~~~~~~~~~~~~
     Drone (3):
          12         | 12         | 12         | 12         | 4          | 12         | 6          | 8         
s_times   0.0        | 31.02      | 31.02      | 31.02      | 33.2       | 35.8       | 1260.0     | 1263.83   
c_times   31.02      | 31.02      | 31.02      | 31.02      | 33.88      | 1257.82    | 1260.68    | 1265.51   
travels   0.0        | 0.0        | 0.0        | 2.18       | 1.92       | 2.18       | 3.15       | 0.0       
charges   120.0      | 120.0      | 120.0      | 120.0      | 117.14     | 115.22     | 112.36     | 107.53    
~~~~~~~~~~~~~~~~~~~~~~~~~~~~~~~~~~~~~~~~~~
