~~~~~~~~~~~~~~~~~~~ [4, 'SB_RS', 7, 360] ~~~~~~~~~~~~~~~~~~~
     seed: 3521775807566813241
 Families: [[1], [2, 3], [4, 5, 6], [7, 8], [9, 10, 11], [12, 13, 14], [15, 16], [17, 18], [19, 20], [21], [22]]
  i_times: [930.0, 570.0, 750.0, 570.0, 210.0, 30.0, 570.0, 750.0]
Fam slots: [[0, 6], [0, 4, 6], [0, 5], [0, 4, 7], [4, 6, 7], [0, 1], [0, 4], [1, 6]]
Ear_dates: [0, 0.0, 1080.0, 0.0, 720.0, 1080.0, 0.0, 900.0, 0.0, 720.0, 1260.0, 720.0, 1080.0, 1260.0, 0.0, 180.0, 0.0, 720.0, 180.0, 1080.0, 0, 0]
Due_dates: [1440, 180.0, 1260.0, 180.0, 900.0, 1260.0, 180.0, 1080.0, 180.0, 900.0, 1440.0, 900.0, 1260.0, 1440.0, 180.0, 360.0, 180.0, 900.0, 360.0, 1260.0, 1440, 1440]
Monitor_t: [60.0, 2.02, 2.02, 0.68, 0.68, 0.68, 1.68, 1.68, 3.58, 3.58, 3.58, 2.94, 2.94, 2.94, 1.03, 1.03, 1.66, 1.66, 1.4, 1.4, 0.0, 0.0]
~~~~~~~~~~~~~~~~~~~ Comparing the results ~~~~~~~~~~~~~~~~~~~
***** lp_Variables: 3152
***** lp_Constraints: 5091
***** lp_objective: 2880
***** lp_Sol_time: 2.238
     Drone (1):
          12         | 12         | 12         | 12         | 12        
s_times   0          | 1440       | 1440       | 1440       | 1440      
c_times   1440       | 1440       | 1440       | 1440       | 1440      
travels   0.0        | 0.0        | 0.0        | 0.0        | 0.0       
charges   0          | 0          | 0          | 0          | 0         
~~~~~~~~~~~~~~~~~~~~~~~~~~~~~~~~~~~~~~~~~~
     Drone (2):
          12         | 12         | 12         | 12         | 12        
s_times   0          | 1440       | 1440       | 1440       | 1440      
c_times   1440       | 1440       | 1440       | 1440       | 1440      
travels   0.0        | 0.0        | 0.0        | 0.0        | 0.0       
charges   0          | 0          | 0          | 0          | 0         
~~~~~~~~~~~~~~~~~~~~~~~~~~~~~~~~~~~~~~~~~~
     Drone (3):
          12         | 12         | 12         | 12         | 12        
s_times   0          | 1440       | 1440       | 1440       | 1440      
c_times   1440       | 1440       | 1440       | 1440       | 1440      
travels   0.0        | 0.0        | 0.0        | 0.0        | 0.0       
charges   0          | 0          | 0          | 0          | 0         
~~~~~~~~~~~~~~~~~~~~~~~~~~~~~~~~~~~~~~~~~~
***** nlp_Variables: 1318
***** nlp_Constraints: 205
***** nlp_objective: 21.37000000000558
***** nlp_Sol_time: 1803.822
     Drone (1):
          22         | 4          | 2          | 7          | 16         | 22         | 19        
s_times   0.0        | 155.88     | 161.41     | 166.26     | 180.7      | 192.51     | 307.23    
c_times   134.9      | 156.56     | 163.43     | 167.94     | 181.73     | 301.39     | 308.63    
travels   20.98      | 4.85       | 2.83       | 12.76      | 10.78      | 5.84       | 0.0       
charges   360.0      | 338.34     | 331.47     | 326.96     | 313.17     | 302.39     | 295.15    
~~~~~~~~~~~~~~~~~~~~~~~~~~~~~~~~~~~~~~~~~~
     Drone (2):
          22         | 9          | 15         | 17         | 22         | 12         | 8         
s_times   0.0        | 125.05     | 149.67     | 178.34     | 201.67     | 856.72     | 895.63    
c_times   94.41      | 128.63     | 150.7      | 180.0      | 836.83     | 859.66     | 897.31    
travels   30.64      | 21.04      | 27.64      | 21.67      | 19.89      | 35.97      | 0.0       
charges   360.0      | 325.78     | 303.71     | 274.41     | 252.74     | 229.91     | 192.26    
~~~~~~~~~~~~~~~~~~~~~~~~~~~~~~~~~~~~~~~~~~
     Drone (3):
          21         | 10         | 5          | 18         | 1          | 21         | 13        
s_times   0.0        | 698.63     | 710.75     | 738.94     | 769.27     | 860.29     | 1069.66   
c_times   690.83     | 702.21     | 711.43     | 740.6      | 829.27     | 1033.28    | 1072.6    
travels   7.8        | 8.54       | 27.51      | 28.67      | 31.02      | 36.38      | 0.0       
charges   360.0      | 348.62     | 339.4      | 310.23     | 360.0      | 328.98     | 289.66    
~~~~~~~~~~~~~~~~~~~~~~~~~~~~~~~~~~~~~~~~~~
     Drone (4):
          22         | 20         | 6          | 3          | 21         | 11         | 14        
s_times   0.0        | 1058.63    | 1084.36    | 1089.89    | 1094.01    | 1238.63    | 1282.6    
c_times   1052.79    | 1060.03    | 1085.04    | 1091.91    | 1230.83    | 1242.21    | 1285.54   
travels   5.84       | 24.33      | 4.85       | 2.1        | 7.8        | 40.39      | 0.0       
charges   360.0      | 352.76     | 327.75     | 320.88     | 318.78     | 307.4      | 264.07    
~~~~~~~~~~~~~~~~~~~~~~~~~~~~~~~~~~~~~~~~~~
