~~~~~~~~~~~~~~~~~~~~~~~~~~ Instance ~~~~~~~~~~~~~~~~~~~~~~~~~
 Families: [[1], [2, 3], [4, 5, 6], [7, 8], [9, 10, 11], [12]]
Due_dates: [5.0e+01 1.0e-01 2.3e-01 3.0e-02 1.5e-01 3.0e-01 4.6e-01 8.0e-01 7.0e-01
 9.0e-01 1.1e+00 5.0e+01]
Monitor_t: [0.09, 0.03, 0.03, 0.01, 0.01, 0.01, 0.02, 0.02, 0.05, 0.05, 0.05, 0.0002]
~~~~~~~~~~~~~~~~~~~ Comparing the results ~~~~~~~~~~~~~~~~~~~
~~~~~ lp_objective: -0.00830000010083154
     Drone (1):[ 4 12  2 12  5]
     s_times: [0.     0.0297 0.0379 0.0759 0.0841]
     c_times: [0.0217 0.0299 0.0679 0.0761 0.0941]
      charge: [0.3783 0.3701 0.3321 0.3239 0.3059]
~~~~~~~~~~~~~~~~~~~~~~~~~~~~~~~~~~~~~~~~~~
     Drone (2):[ 9 12 10 12  8]
     s_times: [0.     0.2023 0.2105 0.2685 0.2767]
     c_times: [0.1943 0.2025 0.2605 0.2687 0.2967]
      charge: [0.2057 0.1975 0.1395 0.1313 0.1033]
~~~~~~~~~~~~~~~~~~~~~~~~~~~~~~~~~~~~~~~~~~
     Drone (3):[ 7  6  3 11 12]
     s_times: [0.     0.0999 0.1772 0.3376 0.3956]
     c_times: [0.0425 0.1099 0.2072 0.3876 0.3958]
      charge: [0.3575 0.2901 0.1928 0.0124 0.0042]
~~~~~~~~~~~~~~~~~~~~~~~~~~~~~~~~~~~~~~~~~~
~~~~~ nlp_objective: -0.00830000010083154
     Drone (1):[ 4 12  2  8  6]
     s_times: [0.     0.0297 0.0379 0.1071 0.1845]
     c_times: [0.0217 0.0299 0.0679 0.1271 0.1945]
      charge: [0.3783 0.3701 0.3321 0.2729 0.2055]
~~~~~~~~~~~~~~~~~~~~~~~~~~~~~~~~~~~~~~~~~~
     Drone (2):[ 7  5  3 10 12]
     s_times: [0.     0.0999 0.1772 0.3376 0.3956]
     c_times: [0.0425 0.1099 0.2072 0.3876 0.3958]
      charge: [0.3575 0.2901 0.1928 0.0124 0.0042]
~~~~~~~~~~~~~~~~~~~~~~~~~~~~~~~~~~~~~~~~~~
     Drone (3):[ 9 12  1 11  1]
     s_times: [0.     0.2023 0.4825 0.7168 0.8968]
     c_times: [0.1943 0.2025 0.5725 0.7668 0.9868]
      charge: [0.2057 0.1975 0.4    0.2057 0.4   ]
~~~~~~~~~~~~~~~~~~~~~~~~~~~~~~~~~~~~~~~~~~
==========================================
