~~~~~~~~~~~~~~~~~~~~~~~~~~ Instance ~~~~~~~~~~~~~~~~~~~~~~~~~
 Families: [[1], [2, 3], [4, 5, 6], [7, 8], [9, 10, 11], [12]]
Due_dates: [5.0e+01 1.0e-01 2.3e-01 3.0e-02 1.5e-01 3.0e-01 4.6e-01 8.0e-01 7.0e-01
 9.0e-01 1.1e+00 5.0e+01]
Monitor_t: [0.09, 0.03, 0.03, 0.01, 0.01, 0.01, 0.02, 0.02, 0.05, 0.05, 0.05, 0.0002]
~~~~~~~~~~~~~~~~~~~ Comparing the results ~~~~~~~~~~~~~~~~~~~
~~~~~ lp_objective: -0.00830000010083154
     Drone (1):[ 4 12  2  5 10]
     s_times: [0.     0.0297 0.0379 0.1055 0.2423]
     c_times: [0.0217 0.0299 0.0679 0.1155 0.2923]
      charge: [0.3783 0.3701 0.3321 0.2845 0.1077]
~~~~~~~~~~~~~~~~~~~~~~~~~~~~~~~~~~~~~~~~~~
     Drone (2):[ 7  3  1  6 11]
     s_times: [0.     0.1138 0.179  0.2807 0.4175]
     c_times: [0.0425 0.1438 0.269  0.2907 0.4675]
      charge: [0.3575 0.2562 0.4    0.3783 0.2015]
~~~~~~~~~~~~~~~~~~~~~~~~~~~~~~~~~~~~~~~~~~
     Drone (3):[ 9 12 12 12  8]
     s_times: [0.     0.2023 0.2025 0.2027 0.2109]
     c_times: [0.1943 0.2025 0.2027 0.2029 0.2309]
      charge: [0.2057 0.1975 0.1973 0.1971 0.1691]
~~~~~~~~~~~~~~~~~~~~~~~~~~~~~~~~~~~~~~~~~~
~~~~~ nlp_objective: -0.008300000100839533
     Drone (1):[ 7 12  2  5  1]
     s_times: [0.     0.0505 0.0587 0.1263 0.1575]
     c_times: [0.0425 0.0507 0.0887 0.1363 0.2475]
      charge: [0.3575 0.3493 0.3113 0.2637 0.4   ]
~~~~~~~~~~~~~~~~~~~~~~~~~~~~~~~~~~~~~~~~~~
     Drone (2):[ 4  8 12  3  6]
     s_times: [0.     0.0654 0.0934 0.1016 0.1692]
     c_times: [0.0217 0.0854 0.0936 0.1316 0.1792]
      charge: [0.3783 0.3146 0.3064 0.2684 0.2208]
~~~~~~~~~~~~~~~~~~~~~~~~~~~~~~~~~~~~~~~~~~
     Drone (3):[ 9 12 10 12 11]
     s_times: [0.     0.2023 0.2105 0.2685 0.2767]
     c_times: [0.1943 0.2025 0.2605 0.2687 0.3267]
      charge: [0.2057 0.1975 0.1395 0.1313 0.0733]
~~~~~~~~~~~~~~~~~~~~~~~~~~~~~~~~~~~~~~~~~~
==========================================
