~~~~~~~~~~~~~~~~~~~~~~~~~~ Instance ~~~~~~~~~~~~~~~~~~~~~~~~~
 Families: [[1], [2, 3], [4, 5, 6], [7, 8], [9, 10, 11], [12]]
Due_dates: [5.0e+01 1.0e-01 2.3e-01 3.0e-02 1.5e-01 3.0e-01 4.6e-01 8.0e-01 7.0e-01
 9.0e-01 1.1e+00 5.0e+01]
Monitor_t: [0.09, 0.03, 0.03, 0.01, 0.01, 0.01, 0.02, 0.02, 0.05, 0.05, 0.05, 0.0002]
~~~~~~~~~~~~~~~~~~~ Comparing the results ~~~~~~~~~~~~~~~~~~~
~~~~~ lp_objective: -0.008300000100942118
     Drone (1):[ 4  3 10 12]
     s_times: [0.     0.089  0.2494 0.3074]
     c_times: [0.0217 0.119  0.2994 0.3076]
      charge: [0.3783 0.281  0.1006 0.0924]
~~~~~~~~~~~~~~~~~~~~~~~~~~~~~~~~~~~~~~~~~~
     Drone (2):[12  8 12 11]
     s_times: [0.     0.2882 0.3162 0.3244]
     c_times: [0.2802 0.3082 0.3164 0.3744]
      charge: [0.1198 0.0918 0.0836 0.0256]
~~~~~~~~~~~~~~~~~~~~~~~~~~~~~~~~~~~~~~~~~~
     Drone (3):[ 9 12 12  6]
     s_times: [0.     0.2023 0.2025 0.2107]
     c_times: [0.1943 0.2025 0.2027 0.2207]
      charge: [0.2057 0.1975 0.1973 0.1793]
~~~~~~~~~~~~~~~~~~~~~~~~~~~~~~~~~~~~~~~~~~
     Drone (4):[ 7 12  2  5]
     s_times: [0.     0.0505 0.0587 0.1263]
     c_times: [0.0425 0.0507 0.0887 0.1363]
      charge: [0.3575 0.3493 0.3113 0.2637]
~~~~~~~~~~~~~~~~~~~~~~~~~~~~~~~~~~~~~~~~~~
~~~~~ nlp_objective: -0.00830000000003972
     Drone (1):[ 9 12  6 12]
     s_times: [0.     0.2023 0.2105 0.2285]
     c_times: [0.1943 0.2025 0.2205 0.2287]
      charge: [0.2057 0.1975 0.1795 0.1713]
~~~~~~~~~~~~~~~~~~~~~~~~~~~~~~~~~~~~~~~~~~
     Drone (2):[4 3 8 1]
     s_times: [0.     0.089  0.1582 0.224 ]
     c_times: [0.0217 0.119  0.1782 0.314 ]
      charge: [0.3783 0.281  0.2218 0.4   ]
~~~~~~~~~~~~~~~~~~~~~~~~~~~~~~~~~~~~~~~~~~
     Drone (3):[ 7 12  2  5]
     s_times: [0.     0.0505 0.0587 0.1263]
     c_times: [0.0425 0.0507 0.0887 0.1363]
      charge: [0.3575 0.3493 0.3113 0.2637]
~~~~~~~~~~~~~~~~~~~~~~~~~~~~~~~~~~~~~~~~~~
     Drone (4):[12 10  1 11]
     s_times: [0.     0.2882 0.4682 0.7025]
     c_times: [0.2802 0.3382 0.5582 0.7525]
      charge: [0.1198 0.0618 0.4    0.2057]
~~~~~~~~~~~~~~~~~~~~~~~~~~~~~~~~~~~~~~~~~~
~~~~~ hxl_objective:-0.06400000000000003
     Drone (1):[4, 1, 10]
     s_times[0.0, 0.0429, 0.2772]
     c_times[0.0217, 0.1329, 0.3272]
      charge[0.3783, 0.4, 0.2057]
~~~~~~~~~~~~~~~~~~~~~~~~~~~~~~~~~~~~~~~~~~
     Drone (2):[2, 6, 1, 11]
     s_times[0.0, 0.1308, 0.162, 0.3963]
     c_times[0.0932, 0.1408, 0.252, 0.4463]
      charge[0.3068, 0.2592, 0.4, 0.2057]
~~~~~~~~~~~~~~~~~~~~~~~~~~~~~~~~~~~~~~~~~~
     Drone (3):[7, 12, 5, 3]
     s_times[0.0, 0.0505, 0.0587, 0.136]
     c_times[0.0425, 0.0507, 0.0687, 0.166]
      charge[0.3575, 0.3493, 0.3313, 0.234]
~~~~~~~~~~~~~~~~~~~~~~~~~~~~~~~~~~~~~~~~~~
     Drone (4):[9, 8, 1, 12]
     s_times[0.0, 0.346, 0.4118, 0.7818]
     c_times[0.1943, 0.366, 0.5018, 0.782]
      charge[0.2057, 0.034, 0.4, 0.1198]
~~~~~~~~~~~~~~~~~~~~~~~~~~~~~~~~~~~~~~~~~~
==========================================
