~~~~~~~~~~~~~~~~~~~ [3, 'RS', 4, 360] ~~~~~~~~~~~~~~~~~~~
     seed: 3377
 Families: [[1], [2, 3, 4], [5, 6], [7, 8], [9, 10], [11]]
  i_times: [730.0, 910.0, 370.0, 370.0]
Fam slots: [[3, 4, 6], [3, 7], [0, 1], [6, 7]]
Ear_dates: [0, 540.0, 720.0, 1080.0, 540.0, 1260.0, 0.0, 180.0, 1080.0, 1260.0, 0]
Due_dates: [1440, 720.0, 900.0, 1260.0, 720.0, 1440.0, 180.0, 360.0, 1260.0, 1440.0, 1440]
Monitor_t: [60.0, 2.94, 2.94, 2.94, 1.03, 1.03, 1.66, 1.66, 1.4, 1.4, 0.0]
~~~~~~~~~~~~~~~~~~~ Comparing the results ~~~~~~~~~~~~~~~~~~~
***** lp_Variables: 1922
***** lp_Constraints: 3388
***** lp_objective: 1015.3
***** lp_Sol_time: 7.683
     Drone (1):
          7          | 3          | 1          | 6         
s_times   0.0        | 72.65      | 141.08     | 244.7     
c_times   31.42      | 75.59      | 201.08     | 245.73    
travels   41.23      | 65.49      | 43.62      | 0.0       
charges   328.58     | 284.41     | 360.0      | 315.35    
~~~~~~~~~~~~~~~~~~~~~~~~~~~~~~~~~~~~~~~~~~
     Drone (2):
          2          | 1          | 4          | 10        
s_times   0.0        | 131.0      | 253.57     | 283.27    
c_times   65.51      | 191.0      | 256.51     | 284.67    
travels   65.49      | 62.57      | 26.76      | 0.0       
charges   294.49     | 360.0      | 294.49     | 266.33    
~~~~~~~~~~~~~~~~~~~~~~~~~~~~~~~~~~~~~~~~~~
     Drone (3):
          5          | 8          | 9          | 11        
s_times   0.0        | 72.29      | 91.34      | 99.71     
c_times   44.65      | 73.95      | 92.74      | 99.71     
travels   27.64      | 17.39      | 6.97       | 0.0       
charges   315.35     | 286.05     | 267.26     | 260.29    
~~~~~~~~~~~~~~~~~~~~~~~~~~~~~~~~~~~~~~~~~~
***** nlp_Variables: 170
***** nlp_Constraints: 88
***** nlp_objective: 1015.3
***** nlp_Sol_time: 24.126
     Drone (1):
          2          | 1          | 4          | 10        
s_times   0.0        | 131.0      | 253.57     | 283.27    
c_times   65.51      | 191.0      | 256.51     | 284.67    
travels   65.49      | 62.57      | 26.76      | 0.0       
charges   294.49     | 360.0      | 294.49     | 266.33    
~~~~~~~~~~~~~~~~~~~~~~~~~~~~~~~~~~~~~~~~~~
     Drone (2):
          11         | 8          | 9          | 5         
s_times   0.0        | 63.59      | 82.64      | 101.14    
c_times   43.55      | 65.25      | 84.04      | 102.17    
travels   20.04      | 17.39      | 17.1       | 0.0       
charges   316.45     | 294.75     | 275.96     | 257.83    
~~~~~~~~~~~~~~~~~~~~~~~~~~~~~~~~~~~~~~~~~~
     Drone (3):
          7          | 3          | 1          | 6         
s_times   0.0        | 72.65      | 141.08     | 244.7     
c_times   31.42      | 75.59      | 201.08     | 245.73    
travels   41.23      | 65.49      | 43.62      | 0.0       
charges   328.58     | 284.41     | 360.0      | 315.35    
~~~~~~~~~~~~~~~~~~~~~~~~~~~~~~~~~~~~~~~~~~
