~~~~~~~~~~~~~~~~~~~ [3, 'SB', 4, 360] ~~~~~~~~~~~~~~~~~~~
     seed: 7776308744051216313
 Families: [[1], [2, 3], [4, 5, 6], [7, 8], [9, 10, 11], [12]]
  i_times: [730.0, 730.0, 1270.0, 1090.0]
Fam slots: [[4, 7], [4, 5, 7], [1, 7], [2, 4, 7]]
Ear_dates: [0, 720.0, 1260.0, 720.0, 900.0, 1260.0, 180.0, 1260.0, 360.0, 720.0, 1260.0, 0]
Due_dates: [1440, 900.0, 1440.0, 900.0, 1080.0, 1440.0, 360.0, 1440.0, 540.0, 900.0, 1440.0, 1440]
Monitor_t: [60.0, 2.02, 2.02, 0.68, 0.68, 0.68, 1.68, 1.68, 3.58, 3.58, 3.58, 0.0]
~~~~~~~~~~~~~~~~~~~ Comparing the results ~~~~~~~~~~~~~~~~~~~
***** lp_Variables: 2234
***** lp_Constraints: 3903
***** lp_objective: 1101.35
***** lp_Sol_time: 8.668
     Drone (1):
          9          | 1          | 8          | 3         
s_times   0.0        | 67.55      | 159.56     | 166.38    
c_times   33.92      | 127.55     | 161.24     | 168.4     
travels   33.63      | 32.01      | 5.14       | 0.0       
charges   326.08     | 360.0      | 326.31     | 319.15    
~~~~~~~~~~~~~~~~~~~~~~~~~~~~~~~~~~~~~~~~~~
     Drone (2):
          4          | 1          | 6          | 11        
s_times   0.0        | 66.04      | 158.65     | 168.46    
c_times   33.29      | 126.04     | 159.33     | 172.04    
travels   32.75      | 32.61      | 9.13       | 0.0       
charges   326.71     | 360.0      | 326.71     | 314.0     
~~~~~~~~~~~~~~~~~~~~~~~~~~~~~~~~~~~~~~~~~~
     Drone (3):
          2          | 10         | 5          | 7         
s_times   0.0        | 39.36      | 51.48      | 55.31     
c_times   29.96      | 42.94      | 52.16      | 56.99     
travels   9.4        | 8.54       | 3.15       | 0.0       
charges   330.04     | 317.06     | 307.84     | 303.01    
~~~~~~~~~~~~~~~~~~~~~~~~~~~~~~~~~~~~~~~~~~
***** nlp_Variables: 182
***** nlp_Constraints: 91
***** nlp_objective: 1101.35
***** nlp_Sol_time: 13.858
     Drone (1):
          4          | 1          | 6          | 3         
s_times   0.0        | 66.04      | 158.65     | 164.18    
c_times   33.29      | 126.04     | 159.33     | 166.2     
travels   32.75      | 32.61      | 4.85       | 0.0       
charges   326.71     | 360.0      | 326.71     | 319.84    
~~~~~~~~~~~~~~~~~~~~~~~~~~~~~~~~~~~~~~~~~~
     Drone (2):
          2          | 10         | 7          | 5         
s_times   0.0        | 39.36      | 53.87      | 59.69     
c_times   29.96      | 42.94      | 55.55      | 60.37     
travels   9.4        | 10.93      | 4.14       | 0.0       
charges   330.04     | 317.06     | 304.45     | 299.63    
~~~~~~~~~~~~~~~~~~~~~~~~~~~~~~~~~~~~~~~~~~
     Drone (3):
          9          | 1          | 8          | 11        
s_times   0.0        | 67.55      | 159.56     | 174.33    
c_times   33.92      | 127.55     | 161.24     | 177.91    
travels   33.63      | 32.01      | 13.09      | 0.0       
charges   326.08     | 360.0      | 326.31     | 309.64    
~~~~~~~~~~~~~~~~~~~~~~~~~~~~~~~~~~~~~~~~~~
