~~~~~~~~~~~~~~~~~~~ [3, 'SB', 4, 360] ~~~~~~~~~~~~~~~~~~~
     seed: 6874764403660696494
 Families: [[1], [2, 3], [4, 5, 6], [7, 8], [9, 10, 11], [12]]
  i_times: [730.0, 550.0, 1090.0, 730.0]
Fam slots: [[0, 3], [4, 5, 6], [2, 7], [3, 4, 6]]
Ear_dates: [0, 0.0, 540.0, 720.0, 900.0, 1080.0, 360.0, 1260.0, 540.0, 720.0, 1080.0, 0]
Due_dates: [1440, 180.0, 720.0, 900.0, 1080.0, 1260.0, 540.0, 1440.0, 720.0, 900.0, 1260.0, 1440]
Monitor_t: [60.0, 2.02, 2.02, 0.68, 0.68, 0.68, 1.68, 1.68, 3.58, 3.58, 3.58, 0.0]
~~~~~~~~~~~~~~~~~~~ Comparing the results ~~~~~~~~~~~~~~~~~~~
***** lp_Variables: 2234
***** lp_Constraints: 3903
***** lp_objective: 1084.0
***** lp_Sol_time: 3.448
     Drone (1):
          12         | 4          | 10         | 6         
s_times   0.0        | 33.2       | 43.01      | 55.13     
c_times   31.02      | 33.88      | 46.59      | 55.81     
travels   2.18       | 9.13       | 8.54       | 0.0       
charges   328.98     | 326.12     | 313.41     | 304.19    
~~~~~~~~~~~~~~~~~~~~~~~~~~~~~~~~~~~~~~~~~~
     Drone (2):
          9          | 2          | 5          | 3         
s_times   0.0        | 43.59      | 48.32      | 53.85     
c_times   33.92      | 45.61      | 49.0       | 55.87     
travels   9.67       | 2.71       | 4.85       | 0.0       
charges   326.08     | 314.39     | 311.0      | 304.13    
~~~~~~~~~~~~~~~~~~~~~~~~~~~~~~~~~~~~~~~~~~
     Drone (3):
          7          | 11         | 1          | 8         
s_times   0.0        | 46.78      | 83.99      | 176.0     
c_times   33.69      | 50.36      | 143.99     | 177.68    
travels   13.09      | 33.63      | 32.01      | 0.0       
charges   326.31     | 309.64     | 360.0      | 326.31    
~~~~~~~~~~~~~~~~~~~~~~~~~~~~~~~~~~~~~~~~~~
***** nlp_Variables: 182
***** nlp_Constraints: 91
***** nlp_objective: 1084.0
***** nlp_Sol_time: 13.323
     Drone (1):
          9          | 5          | 2          | 1         
s_times   0.0        | 42.46      | 47.99      | 79.94     
c_times   33.92      | 43.14      | 50.01      | 139.94    
travels   8.54       | 4.85       | 29.93      | 0.0       
charges   326.08     | 316.86     | 309.99     | 360.0     
~~~~~~~~~~~~~~~~~~~~~~~~~~~~~~~~~~~~~~~~~~
     Drone (2):
          7          | 11         | 1          | 8         
s_times   0.0        | 46.78      | 83.99      | 176.0     
c_times   33.69      | 50.36      | 143.99     | 177.68    
travels   13.09      | 33.63      | 32.01      | 0.0       
charges   326.31     | 309.64     | 360.0      | 326.31    
~~~~~~~~~~~~~~~~~~~~~~~~~~~~~~~~~~~~~~~~~~
     Drone (3):
          4          | 10         | 6          | 3         
s_times   0.0        | 42.42      | 54.54      | 60.07     
c_times   33.29      | 46.0       | 55.22      | 62.09     
travels   9.13       | 8.54       | 4.85       | 0.0       
charges   326.71     | 314.0      | 304.78     | 297.91    
~~~~~~~~~~~~~~~~~~~~~~~~~~~~~~~~~~~~~~~~~~
