~~~~~~~~~~~~~~~~~~~ [3, 'SB', 4, 360] ~~~~~~~~~~~~~~~~~~~
     seed: 4654007062941989032
 Families: [[1], [2, 3], [4, 5, 6], [7, 8], [9, 10, 11], [12]]
  i_times: [370.0, 550.0, 550.0, 550.0]
Fam slots: [[4, 5], [0, 1, 2], [5, 7], [2, 3, 4]]
Ear_dates: [0, 720.0, 900.0, 0.0, 180.0, 360.0, 900.0, 1260.0, 360.0, 540.0, 720.0, 0]
Due_dates: [1440, 900.0, 1080.0, 180.0, 360.0, 540.0, 1080.0, 1440.0, 540.0, 720.0, 900.0, 1440]
Monitor_t: [60.0, 2.02, 2.02, 0.68, 0.68, 0.68, 1.68, 1.68, 3.58, 3.58, 3.58, 0.0]
~~~~~~~~~~~~~~~~~~~ Comparing the results ~~~~~~~~~~~~~~~~~~~
***** lp_Variables: 2234
***** lp_Constraints: 3903
***** lp_objective: 1084.0
***** lp_Sol_time: 3.682
     Drone (1):
          2          | 1          | 6          | 11        
s_times   0.0        | 59.89      | 152.5      | 162.31    
c_times   29.96      | 119.89     | 153.18     | 165.89    
travels   29.93      | 32.61      | 9.13       | 0.0       
charges   330.04     | 360.0      | 326.71     | 314.0     
~~~~~~~~~~~~~~~~~~~~~~~~~~~~~~~~~~~~~~~~~~
     Drone (2):
          7          | 9          | 1          | 8         
s_times   0.0        | 46.78      | 83.99      | 176.0     
c_times   33.69      | 50.36      | 143.99     | 177.68    
travels   13.09      | 33.63      | 32.01      | 0.0       
charges   326.31     | 309.64     | 360.0      | 326.31    
~~~~~~~~~~~~~~~~~~~~~~~~~~~~~~~~~~~~~~~~~~
     Drone (3):
          4          | 3          | 5          | 10        
s_times   0.0        | 38.14      | 42.87      | 52.68     
c_times   33.29      | 40.16      | 43.55      | 56.26     
travels   4.85       | 2.71       | 9.13       | 0.0       
charges   326.71     | 319.84     | 316.45     | 303.74    
~~~~~~~~~~~~~~~~~~~~~~~~~~~~~~~~~~~~~~~~~~
***** nlp_Variables: 182
***** nlp_Constraints: 91
***** nlp_objective: 1084.0
***** nlp_Sol_time: 13.555
     Drone (1):
          7          | 11         | 1          | 8         
s_times   0.0        | 46.78      | 83.99      | 176.0     
c_times   33.69      | 50.36      | 143.99     | 177.68    
travels   13.09      | 33.63      | 32.01      | 0.0       
charges   326.31     | 309.64     | 360.0      | 326.31    
~~~~~~~~~~~~~~~~~~~~~~~~~~~~~~~~~~~~~~~~~~
     Drone (2):
          12         | 10         | 5          | 3         
s_times   0.0        | 38.82      | 50.94      | 56.47     
c_times   31.02      | 42.4       | 51.62      | 58.49     
travels   7.8        | 8.54       | 4.85       | 0.0       
charges   328.98     | 317.6      | 308.38     | 301.51    
~~~~~~~~~~~~~~~~~~~~~~~~~~~~~~~~~~~~~~~~~~
     Drone (3):
          9          | 4          | 2          | 6         
s_times   0.0        | 42.46      | 47.99      | 52.72     
c_times   33.92      | 43.14      | 50.01      | 53.4      
travels   8.54       | 4.85       | 2.71       | 0.0       
charges   326.08     | 316.86     | 309.99     | 306.6     
~~~~~~~~~~~~~~~~~~~~~~~~~~~~~~~~~~~~~~~~~~
