~~~~~~~~~~~~~~~~~~~ [3, 'SB', 4, 360] ~~~~~~~~~~~~~~~~~~~
     seed: 1272564582696966974
 Families: [[1], [2, 3], [4, 5, 6], [7, 8], [9, 10, 11], [12]]
  i_times: [550.0, 1090.0, 730.0, 1270.0]
Fam slots: [[4, 6], [0, 2, 5], [4, 7], [1, 5, 7]]
Ear_dates: [0, 720.0, 1080.0, 0.0, 360.0, 900.0, 720.0, 1260.0, 180.0, 900.0, 1260.0, 0]
Due_dates: [1440, 900.0, 1260.0, 180.0, 540.0, 1080.0, 900.0, 1440.0, 360.0, 1080.0, 1440.0, 1440]
Monitor_t: [60.0, 2.02, 2.02, 0.68, 0.68, 0.68, 1.68, 1.68, 3.58, 3.58, 3.58, 0.0]
~~~~~~~~~~~~~~~~~~~ Comparing the results ~~~~~~~~~~~~~~~~~~~
***** lp_Variables: 2234
***** lp_Constraints: 3903
***** lp_objective: 1090.029999999997
***** lp_Sol_time: 20.66
     Drone (1):
          2          | 4          | 3          | 5         
s_times   0.0        | 32.67      | 38.2       | 42.93     
c_times   29.96      | 33.35      | 40.22      | 43.61     
travels   2.71       | 4.85       | 2.71       | 0.0       
charges   330.04     | 326.65     | 319.78     | 316.39    
~~~~~~~~~~~~~~~~~~~~~~~~~~~~~~~~~~~~~~~~~~
     Drone (2):
          9          | 1          | 6          | 11        
s_times   0.0        | 67.55      | 160.16     | 169.97    
c_times   33.92      | 127.55     | 160.84     | 173.55    
travels   33.63      | 32.61      | 9.13       | 0.0       
charges   326.08     | 360.0      | 326.71     | 314.0     
~~~~~~~~~~~~~~~~~~~~~~~~~~~~~~~~~~~~~~~~~~
     Drone (3):
          7          | 10         | 1          | 8         
s_times   0.0        | 46.78      | 83.99      | 176.0     
c_times   33.69      | 50.36      | 143.99     | 177.68    
travels   13.09      | 33.63      | 32.01      | 0.0       
charges   326.31     | 309.64     | 360.0      | 326.31    
~~~~~~~~~~~~~~~~~~~~~~~~~~~~~~~~~~~~~~~~~~
***** nlp_Variables: 182
***** nlp_Constraints: 91
***** nlp_objective: 1090.030000000001
***** nlp_Sol_time: 22.151
     Drone (1):
          4          | 1          | 10         | 8         
s_times   0.0        | 66.04      | 156.38     | 170.89    
c_times   33.29      | 126.04     | 159.96     | 172.57    
travels   32.75      | 30.34      | 10.93      | 0.0       
charges   326.71     | 360.0      | 326.08     | 313.47    
~~~~~~~~~~~~~~~~~~~~~~~~~~~~~~~~~~~~~~~~~~
     Drone (2):
          2          | 7          | 3          | 5         
s_times   0.0        | 32.79      | 39.61      | 44.34     
c_times   29.96      | 34.47      | 41.63      | 45.02     
travels   2.83       | 5.14       | 2.71       | 0.0       
charges   330.04     | 325.53     | 318.37     | 314.98    
~~~~~~~~~~~~~~~~~~~~~~~~~~~~~~~~~~~~~~~~~~
     Drone (3):
          9          | 1          | 6          | 11        
s_times   0.0        | 67.55      | 160.16     | 169.97    
c_times   33.92      | 127.55     | 160.84     | 173.55    
travels   33.63      | 32.61      | 9.13       | 0.0       
charges   326.08     | 360.0      | 326.71     | 314.0     
~~~~~~~~~~~~~~~~~~~~~~~~~~~~~~~~~~~~~~~~~~
