~~~~~~~~~~~~~~~~~~~ [3, 'SB', 4, 360] ~~~~~~~~~~~~~~~~~~~
     seed: 22902064364539090
 Families: [[1], [2, 3], [4, 5, 6], [7, 8], [9, 10, 11], [12]]
  i_times: [1450.0, 730.0, 550.0, 1090.0]
Fam slots: [[0, 7], [4, 5, 7], [4, 6], [0, 2, 5]]
Ear_dates: [0, 0.0, 1260.0, 720.0, 900.0, 1260.0, 720.0, 1080.0, 0.0, 360.0, 900.0, 0]
Due_dates: [1440, 180.0, 1440.0, 900.0, 1080.0, 1440.0, 900.0, 1260.0, 180.0, 540.0, 1080.0, 1440]
Monitor_t: [60.0, 2.02, 2.02, 0.68, 0.68, 0.68, 1.68, 1.68, 3.58, 3.58, 3.58, 0.0]
~~~~~~~~~~~~~~~~~~~ Comparing the results ~~~~~~~~~~~~~~~~~~~
***** lp_Variables: 2234
***** lp_Constraints: 3903
***** lp_objective: 1088.0699999999972
***** lp_Sol_time: 18.0
     Drone (1):
          7          | 11         | 1          | 3         
s_times   0.0        | 46.78      | 83.99      | 171.93    
c_times   33.69      | 50.36      | 143.99     | 173.95    
travels   13.09      | 33.63      | 27.94      | 0.0       
charges   326.31     | 309.64     | 360.0      | 330.04    
~~~~~~~~~~~~~~~~~~~~~~~~~~~~~~~~~~~~~~~~~~
     Drone (2):
          4          | 10         | 1          | 6         
s_times   0.0        | 42.42      | 79.63      | 172.24    
c_times   33.29      | 46.0       | 139.63     | 172.92    
travels   9.13       | 33.63      | 32.61      | 0.0       
charges   326.71     | 314.0      | 360.0      | 326.71    
~~~~~~~~~~~~~~~~~~~~~~~~~~~~~~~~~~~~~~~~~~
     Drone (3):
          9          | 2          | 8          | 5         
s_times   0.0        | 43.59      | 48.44      | 54.26     
c_times   33.92      | 45.61      | 50.12      | 54.94     
travels   9.67       | 2.83       | 4.14       | 0.0       
charges   326.08     | 314.39     | 309.88     | 305.06    
~~~~~~~~~~~~~~~~~~~~~~~~~~~~~~~~~~~~~~~~~~
***** nlp_Variables: 182
***** nlp_Constraints: 91
***** nlp_objective: 1088.0699999999965
***** nlp_Sol_time: 15.407
     Drone (1):
          4          | 10         | 1          | 6         
s_times   0.0        | 42.42      | 79.63      | 172.24    
c_times   33.29      | 46.0       | 139.63     | 172.92    
travels   9.13       | 33.63      | 32.61      | 0.0       
charges   326.71     | 314.0      | 360.0      | 326.71    
~~~~~~~~~~~~~~~~~~~~~~~~~~~~~~~~~~~~~~~~~~
     Drone (2):
          7          | 11         | 1          | 3         
s_times   0.0        | 46.78      | 83.99      | 171.93    
c_times   33.69      | 50.36      | 143.99     | 173.95    
travels   13.09      | 33.63      | 27.94      | 0.0       
charges   326.31     | 309.64     | 360.0      | 330.04    
~~~~~~~~~~~~~~~~~~~~~~~~~~~~~~~~~~~~~~~~~~
     Drone (3):
          9          | 8          | 2          | 5         
s_times   0.0        | 44.85      | 51.67      | 56.4      
c_times   33.92      | 46.53      | 53.69      | 57.08     
travels   10.93      | 5.14       | 2.71       | 0.0       
charges   326.08     | 313.47     | 306.31     | 302.92    
~~~~~~~~~~~~~~~~~~~~~~~~~~~~~~~~~~~~~~~~~~
