~~~~~~~~~~~~~~~~~~~ [3, 'SB', 4, 360] ~~~~~~~~~~~~~~~~~~~
     seed: 9187627948263470933
 Families: [[1], [2, 3], [4, 5, 6], [7, 8], [9, 10, 11], [12]]
  i_times: [1090.0, 910.0, 550.0, 1090.0]
Fam slots: [[0, 5], [3, 4, 7], [3, 5], [0, 1, 5]]
Ear_dates: [0, 0.0, 900.0, 540.0, 720.0, 1260.0, 540.0, 900.0, 0.0, 180.0, 900.0, 0]
Due_dates: [1440, 180.0, 1080.0, 720.0, 900.0, 1440.0, 720.0, 1080.0, 180.0, 360.0, 1080.0, 1440]
Monitor_t: [60.0, 2.02, 2.02, 0.68, 0.68, 0.68, 1.68, 1.68, 3.58, 3.58, 3.58, 0.0]
~~~~~~~~~~~~~~~~~~~ Comparing the results ~~~~~~~~~~~~~~~~~~~
***** lp_Variables: 2234
***** lp_Constraints: 3903
***** lp_objective: 1083.4
***** lp_Sol_time: 6.781
     Drone (1):
          9          | 1          | 3          | 11        
s_times   0.0        | 67.55      | 155.49     | 166.91    
c_times   33.92      | 127.55     | 157.51     | 170.49    
travels   33.63      | 27.94      | 9.4        | 0.0       
charges   326.08     | 360.0      | 330.04     | 317.06    
~~~~~~~~~~~~~~~~~~~~~~~~~~~~~~~~~~~~~~~~~~
     Drone (2):
          4          | 8          | 5          | 2         
s_times   0.0        | 36.44      | 42.26      | 47.79     
c_times   33.29      | 38.12      | 42.94      | 49.81     
travels   3.15       | 4.14       | 4.85       | 0.0       
charges   326.71     | 321.88     | 317.06     | 310.19    
~~~~~~~~~~~~~~~~~~~~~~~~~~~~~~~~~~~~~~~~~~
     Drone (3):
          7          | 10         | 1          | 6         
s_times   0.0        | 46.78      | 83.99      | 176.6     
c_times   33.69      | 50.36      | 143.99     | 177.28    
travels   13.09      | 33.63      | 32.61      | 0.0       
charges   326.31     | 309.64     | 360.0      | 326.71    
~~~~~~~~~~~~~~~~~~~~~~~~~~~~~~~~~~~~~~~~~~
***** nlp_Variables: 182
***** nlp_Constraints: 91
***** nlp_objective: 1083.4
***** nlp_Sol_time: 8.55
     Drone (1):
          7          | 11         | 1          | 6         
s_times   0.0        | 46.78      | 83.99      | 176.6     
c_times   33.69      | 50.36      | 143.99     | 177.28    
travels   13.09      | 33.63      | 32.61      | 0.0       
charges   326.31     | 309.64     | 360.0      | 326.71    
~~~~~~~~~~~~~~~~~~~~~~~~~~~~~~~~~~~~~~~~~~
     Drone (2):
          4          | 10         | 5          | 3         
s_times   0.0        | 42.42      | 54.54      | 60.07     
c_times   33.29      | 46.0       | 55.22      | 62.09     
travels   9.13       | 8.54       | 4.85       | 0.0       
charges   326.71     | 314.0      | 304.78     | 297.91    
~~~~~~~~~~~~~~~~~~~~~~~~~~~~~~~~~~~~~~~~~~
     Drone (3):
          9          | 8          | 2          | 1         
s_times   0.0        | 44.85      | 51.67      | 83.62     
c_times   33.92      | 46.53      | 53.69      | 143.62    
travels   10.93      | 5.14       | 29.93      | 0.0       
charges   326.08     | 313.47     | 306.31     | 360.0     
~~~~~~~~~~~~~~~~~~~~~~~~~~~~~~~~~~~~~~~~~~
