~~~~~~~~~~~~~~~~~~~ [3, 'SB', 4, 360] ~~~~~~~~~~~~~~~~~~~
     seed: 4900321683973098120
 Families: [[1], [2, 3], [4, 5, 6], [7, 8], [9, 10, 11], [12]]
  i_times: [730.0, 730.0, 730.0, 1090.0]
Fam slots: [[4, 7], [2, 4, 5], [1, 4], [0, 4, 5]]
Ear_dates: [0, 720.0, 1260.0, 360.0, 720.0, 900.0, 180.0, 720.0, 0.0, 720.0, 900.0, 0]
Due_dates: [1440, 900.0, 1440.0, 540.0, 900.0, 1080.0, 360.0, 900.0, 180.0, 900.0, 1080.0, 1440]
Monitor_t: [60.0, 2.02, 2.02, 0.68, 0.68, 0.68, 1.68, 1.68, 3.58, 3.58, 3.58, 0.0]
~~~~~~~~~~~~~~~~~~~ Comparing the results ~~~~~~~~~~~~~~~~~~~
***** lp_Variables: 2234
***** lp_Constraints: 3903
***** lp_objective: 1088.07
***** lp_Sol_time: 3.564
     Drone (1):
          7          | 11         | 1          | 3         
s_times   0.0        | 46.78      | 83.99      | 171.93    
c_times   33.69      | 50.36      | 143.99     | 173.95    
travels   13.09      | 33.63      | 27.94      | 0.0       
charges   326.31     | 309.64     | 360.0      | 330.04    
~~~~~~~~~~~~~~~~~~~~~~~~~~~~~~~~~~~~~~~~~~
     Drone (2):
          9          | 5          | 8          | 12        
s_times   0.0        | 42.46      | 46.29      | 53.33     
c_times   33.92      | 43.14      | 47.97      | 53.33     
travels   8.54       | 3.15       | 5.36       | 0.0       
charges   326.08     | 316.86     | 312.03     | 306.67    
~~~~~~~~~~~~~~~~~~~~~~~~~~~~~~~~~~~~~~~~~~
     Drone (3):
          4          | 10         | 6          | 2         
s_times   0.0        | 42.42      | 54.54      | 60.07     
c_times   33.29      | 46.0       | 55.22      | 62.09     
travels   9.13       | 8.54       | 4.85       | 0.0       
charges   326.71     | 314.0      | 304.78     | 297.91    
~~~~~~~~~~~~~~~~~~~~~~~~~~~~~~~~~~~~~~~~~~
***** nlp_Variables: 182
***** nlp_Constraints: 91
***** nlp_objective: 1088.0699999999722
***** nlp_Sol_time: 13.004
     Drone (1):
          4          | 1          | 6          | 2         
s_times   0.0        | 66.04      | 158.65     | 164.18    
c_times   33.29      | 126.04     | 159.33     | 166.2     
travels   32.75      | 32.61      | 4.85       | 0.0       
charges   326.71     | 360.0      | 326.71     | 319.84    
~~~~~~~~~~~~~~~~~~~~~~~~~~~~~~~~~~~~~~~~~~
     Drone (2):
          7          | 10         | 1          | 3         
s_times   0.0        | 46.78      | 83.99      | 171.93    
c_times   33.69      | 50.36      | 143.99     | 173.95    
travels   13.09      | 33.63      | 27.94      | 0.0       
charges   326.31     | 309.64     | 360.0      | 330.04    
~~~~~~~~~~~~~~~~~~~~~~~~~~~~~~~~~~~~~~~~~~
     Drone (3):
          9          | 5          | 8          | 11        
s_times   0.0        | 42.46      | 46.29      | 61.06     
c_times   33.92      | 43.14      | 47.97      | 64.64     
travels   8.54       | 3.15       | 13.09      | 0.0       
charges   326.08     | 316.86     | 312.03     | 295.36    
~~~~~~~~~~~~~~~~~~~~~~~~~~~~~~~~~~~~~~~~~~
