~~~~~~~~~~~~~~~~~~~ [3, 'SB', 4, 360] ~~~~~~~~~~~~~~~~~~~
     seed: 7636297927146586810
 Families: [[1], [2, 3], [4, 5, 6], [7, 8], [9, 10, 11], [12]]
  i_times: [1090.0, 910.0, 1270.0, 1090.0]
Fam slots: [[1, 6], [2, 4, 6], [1, 7], [1, 5, 6]]
Ear_dates: [0, 180.0, 1080.0, 360.0, 720.0, 1080.0, 180.0, 1260.0, 180.0, 900.0, 1080.0, 0]
Due_dates: [1440, 360.0, 1260.0, 540.0, 900.0, 1260.0, 360.0, 1440.0, 360.0, 1080.0, 1260.0, 1440]
Monitor_t: [60.0, 2.02, 2.02, 0.68, 0.68, 0.68, 1.68, 1.68, 3.58, 3.58, 3.58, 0.0]
~~~~~~~~~~~~~~~~~~~ Comparing the results ~~~~~~~~~~~~~~~~~~~
***** lp_Variables: 2234
***** lp_Constraints: 3903
***** lp_objective: 1084.0
***** lp_Sol_time: 16.893
     Drone (1):
          7          | 9          | 1          | 8         
s_times   0.0        | 46.78      | 83.99      | 176.0     
c_times   33.69      | 50.36      | 143.99     | 177.68    
travels   13.09      | 33.63      | 32.01      | 0.0       
charges   326.31     | 309.64     | 360.0      | 326.31    
~~~~~~~~~~~~~~~~~~~~~~~~~~~~~~~~~~~~~~~~~~
     Drone (2):
          2          | 1          | 11         | 6         
s_times   0.0        | 59.89      | 150.23     | 162.35    
c_times   29.96      | 119.89     | 153.81     | 163.03    
travels   29.93      | 30.34      | 8.54       | 0.0       
charges   330.04     | 360.0      | 326.08     | 316.86    
~~~~~~~~~~~~~~~~~~~~~~~~~~~~~~~~~~~~~~~~~~
     Drone (3):
          4          | 3          | 5          | 10        
s_times   0.0        | 38.14      | 42.87      | 52.68     
c_times   33.29      | 40.16      | 43.55      | 56.26     
travels   4.85       | 2.71       | 9.13       | 0.0       
charges   326.71     | 319.84     | 316.45     | 303.74    
~~~~~~~~~~~~~~~~~~~~~~~~~~~~~~~~~~~~~~~~~~
***** nlp_Variables: 182
***** nlp_Constraints: 91
***** nlp_objective: 1084.0
***** nlp_Sol_time: 16.197
     Drone (1):
          9          | 1          | 3          | 6         
s_times   0.0        | 67.55      | 155.49     | 160.22    
c_times   33.92      | 127.55     | 157.51     | 160.9     
travels   33.63      | 27.94      | 2.71       | 0.0       
charges   326.08     | 360.0      | 330.04     | 326.65    
~~~~~~~~~~~~~~~~~~~~~~~~~~~~~~~~~~~~~~~~~~
     Drone (2):
          7          | 11         | 1          | 8         
s_times   0.0        | 46.78      | 83.99      | 176.0     
c_times   33.69      | 50.36      | 143.99     | 177.68    
travels   13.09      | 33.63      | 32.01      | 0.0       
charges   326.31     | 309.64     | 360.0      | 326.31    
~~~~~~~~~~~~~~~~~~~~~~~~~~~~~~~~~~~~~~~~~~
     Drone (3):
          4          | 10         | 2          | 5         
s_times   0.0        | 42.42      | 55.67      | 60.4      
c_times   33.29      | 46.0       | 57.69      | 61.08     
travels   9.13       | 9.67       | 2.71       | 0.0       
charges   326.71     | 314.0      | 302.31     | 298.92    
~~~~~~~~~~~~~~~~~~~~~~~~~~~~~~~~~~~~~~~~~~
