~~~~~~~~~~~~~~~~~~~ [3, 'SB', 4, 360] ~~~~~~~~~~~~~~~~~~~
     seed: 150962093889944592
 Families: [[1], [2, 3], [4, 5, 6], [7, 8], [9, 10, 11], [12]]
  i_times: [370.0, 1090.0, 1270.0, 910.0]
Fam slots: [[1, 2], [0, 1, 5], [0, 6], [0, 2, 4]]
Ear_dates: [0, 180.0, 360.0, 0.0, 180.0, 900.0, 0.0, 1080.0, 0.0, 360.0, 720.0, 0]
Due_dates: [1440, 360.0, 540.0, 180.0, 360.0, 1080.0, 180.0, 1260.0, 180.0, 540.0, 900.0, 1440]
Monitor_t: [60.0, 2.02, 2.02, 0.68, 0.68, 0.68, 1.68, 1.68, 3.58, 3.58, 3.58, 0.0]
~~~~~~~~~~~~~~~~~~~ Comparing the results ~~~~~~~~~~~~~~~~~~~
***** lp_Variables: 2234
***** lp_Constraints: 3903
***** lp_objective: 904.0
***** lp_Sol_time: 3.374
     Drone (1):
          7          | 11         | 1          | 8         
s_times   0.0        | 46.78      | 83.99      | 176.0     
c_times   33.69      | 50.36      | 143.99     | 177.68    
travels   13.09      | 33.63      | 32.01      | 0.0       
charges   326.31     | 309.64     | 360.0      | 326.31    
~~~~~~~~~~~~~~~~~~~~~~~~~~~~~~~~~~~~~~~~~~
     Drone (2):
          2          | 4          | 12         | 10        
s_times   0.0        | 32.67      | 35.27      | 43.07     
c_times   29.96      | 33.35      | 35.27      | 46.65     
travels   2.71       | 1.92       | 7.8        | 0.0       
charges   330.04     | 326.65     | 324.73     | 313.35    
~~~~~~~~~~~~~~~~~~~~~~~~~~~~~~~~~~~~~~~~~~
     Drone (3):
          9          | 5          | 3          | 6         
s_times   0.0        | 42.46      | 47.99      | 52.72     
c_times   33.92      | 43.14      | 50.01      | 53.4      
travels   8.54       | 4.85       | 2.71       | 0.0       
charges   326.08     | 316.86     | 309.99     | 306.6     
~~~~~~~~~~~~~~~~~~~~~~~~~~~~~~~~~~~~~~~~~~
***** nlp_Variables: 182
***** nlp_Constraints: 91
***** nlp_objective: 904.0
***** nlp_Sol_time: 10.874
     Drone (1):
          7          | 10         | 1          | 8         
s_times   0.0        | 46.78      | 83.99      | 176.0     
c_times   33.69      | 50.36      | 143.99     | 177.68    
travels   13.09      | 33.63      | 32.01      | 0.0       
charges   326.31     | 309.64     | 360.0      | 326.31    
~~~~~~~~~~~~~~~~~~~~~~~~~~~~~~~~~~~~~~~~~~
     Drone (2):
          2          | 4          | 1          | 6         
s_times   0.0        | 32.67      | 66.1       | 158.71    
c_times   29.96      | 33.35      | 126.1      | 159.39    
travels   2.71       | 32.75      | 32.61      | 0.0       
charges   330.04     | 326.65     | 360.0      | 326.71    
~~~~~~~~~~~~~~~~~~~~~~~~~~~~~~~~~~~~~~~~~~
     Drone (3):
          9          | 5          | 3          | 11        
s_times   0.0        | 42.46      | 47.99      | 59.41     
c_times   33.92      | 43.14      | 50.01      | 62.99     
travels   8.54       | 4.85       | 9.4        | 0.0       
charges   326.08     | 316.86     | 309.99     | 297.01    
~~~~~~~~~~~~~~~~~~~~~~~~~~~~~~~~~~~~~~~~~~
