~~~~~~~~~~~~~~~~~~~ [3, 'SB', 4, 360] ~~~~~~~~~~~~~~~~~~~
     seed: 6119671492508501019
 Families: [[1], [2, 3], [4, 5, 6], [7, 8], [9, 10, 11], [12]]
  i_times: [1270.0, 1270.0, 370.0, 1090.0]
Fam slots: [[0, 6], [1, 4, 7], [3, 4], [2, 3, 7]]
Ear_dates: [0, 0.0, 1080.0, 180.0, 720.0, 1260.0, 540.0, 720.0, 360.0, 540.0, 1260.0, 0]
Due_dates: [1440, 180.0, 1260.0, 360.0, 900.0, 1440.0, 720.0, 900.0, 540.0, 720.0, 1440.0, 1440]
Monitor_t: [60.0, 2.02, 2.02, 0.68, 0.68, 0.68, 1.68, 1.68, 3.58, 3.58, 3.58, 0.0]
~~~~~~~~~~~~~~~~~~~ Comparing the results ~~~~~~~~~~~~~~~~~~~
***** lp_Variables: 2234
***** lp_Constraints: 3903
***** lp_objective: 1085.6699999999996
***** lp_Sol_time: 8.67
     Drone (1):
          7          | 10         | 1          | 6         
s_times   0.0        | 46.78      | 83.99      | 176.6     
c_times   33.69      | 50.36      | 143.99     | 177.28    
travels   13.09      | 33.63      | 32.61      | 0.0       
charges   326.31     | 309.64     | 360.0      | 326.71    
~~~~~~~~~~~~~~~~~~~~~~~~~~~~~~~~~~~~~~~~~~
     Drone (2):
          9          | 1          | 8          | 11        
s_times   0.0        | 67.55      | 159.56     | 174.33    
c_times   33.92      | 127.55     | 161.24     | 177.91    
travels   33.63      | 32.01      | 13.09      | 0.0       
charges   326.08     | 360.0      | 326.31     | 309.64    
~~~~~~~~~~~~~~~~~~~~~~~~~~~~~~~~~~~~~~~~~~
     Drone (3):
          4          | 2          | 5          | 3         
s_times   0.0        | 38.14      | 42.87      | 48.4      
c_times   33.29      | 40.16      | 43.55      | 50.42     
travels   4.85       | 2.71       | 4.85       | 0.0       
charges   326.71     | 319.84     | 316.45     | 309.58    
~~~~~~~~~~~~~~~~~~~~~~~~~~~~~~~~~~~~~~~~~~
***** nlp_Variables: 182
***** nlp_Constraints: 91
***** nlp_objective: 1085.6699999999948
***** nlp_Sol_time: 15.652
     Drone (1):
          9          | 1          | 8          | 11        
s_times   0.0        | 67.55      | 159.56     | 174.33    
c_times   33.92      | 127.55     | 161.24     | 177.91    
travels   33.63      | 32.01      | 13.09      | 0.0       
charges   326.08     | 360.0      | 326.31     | 309.64    
~~~~~~~~~~~~~~~~~~~~~~~~~~~~~~~~~~~~~~~~~~
     Drone (2):
          2          | 4          | 3          | 5         
s_times   0.0        | 32.67      | 38.2       | 42.93     
c_times   29.96      | 33.35      | 40.22      | 43.61     
travels   2.71       | 4.85       | 2.71       | 0.0       
charges   330.04     | 326.65     | 319.78     | 316.39    
~~~~~~~~~~~~~~~~~~~~~~~~~~~~~~~~~~~~~~~~~~
     Drone (3):
          7          | 10         | 1          | 6         
s_times   0.0        | 46.78      | 83.99      | 176.6     
c_times   33.69      | 50.36      | 143.99     | 177.28    
travels   13.09      | 33.63      | 32.61      | 0.0       
charges   326.31     | 309.64     | 360.0      | 326.71    
~~~~~~~~~~~~~~~~~~~~~~~~~~~~~~~~~~~~~~~~~~
