~~~~~~~~~~~~~~~~~~~ [3, 'SB', 4, 360] ~~~~~~~~~~~~~~~~~~~
     seed: 5763885225705263097
 Families: [[1], [2, 3], [4, 5, 6], [7, 8], [9, 10, 11], [12]]
  i_times: [370.0, 1090.0, 1090.0, 1090.0]
Fam slots: [[2, 3], [0, 1, 5], [0, 5], [2, 4, 7]]
Ear_dates: [0, 360.0, 540.0, 0.0, 180.0, 900.0, 0.0, 900.0, 360.0, 720.0, 1260.0, 0]
Due_dates: [1440, 540.0, 720.0, 180.0, 360.0, 1080.0, 180.0, 1080.0, 540.0, 900.0, 1440.0, 1440]
Monitor_t: [60.0, 2.02, 2.02, 0.68, 0.68, 0.68, 1.68, 1.68, 3.58, 3.58, 3.58, 0.0]
~~~~~~~~~~~~~~~~~~~ Comparing the results ~~~~~~~~~~~~~~~~~~~
***** lp_Variables: 2234
***** lp_Constraints: 3903
***** lp_objective: 1085.6699999999998
***** lp_Sol_time: 3.894
     Drone (1):
          2          | 7          | 5          | 10        
s_times   0.0        | 32.79      | 38.61      | 48.42     
c_times   29.96      | 34.47      | 39.29      | 52.0      
travels   2.83       | 4.14       | 9.13       | 0.0       
charges   330.04     | 325.53     | 320.71     | 308.0     
~~~~~~~~~~~~~~~~~~~~~~~~~~~~~~~~~~~~~~~~~~
     Drone (2):
          9          | 1          | 8          | 11        
s_times   0.0        | 67.55      | 159.56     | 174.33    
c_times   33.92      | 127.55     | 161.24     | 177.91    
travels   33.63      | 32.01      | 13.09      | 0.0       
charges   326.08     | 360.0      | 326.31     | 309.64    
~~~~~~~~~~~~~~~~~~~~~~~~~~~~~~~~~~~~~~~~~~
     Drone (3):
          4          | 3          | 1          | 6         
s_times   0.0        | 38.14      | 70.09      | 162.7     
c_times   33.29      | 40.16      | 130.09     | 163.38    
travels   4.85       | 29.93      | 32.61      | 0.0       
charges   326.71     | 319.84     | 360.0      | 326.71    
~~~~~~~~~~~~~~~~~~~~~~~~~~~~~~~~~~~~~~~~~~
***** nlp_Variables: 182
***** nlp_Constraints: 91
***** nlp_objective: 1085.6699999999953
***** nlp_Sol_time: 13.646
     Drone (1):
          4          | 3          | 10         | 5         
s_times   0.0        | 38.14      | 49.56      | 61.68     
c_times   33.29      | 40.16      | 53.14      | 62.36     
travels   4.85       | 9.4        | 8.54       | 0.0       
charges   326.71     | 319.84     | 306.86     | 297.64    
~~~~~~~~~~~~~~~~~~~~~~~~~~~~~~~~~~~~~~~~~~
     Drone (2):
          2          | 1          | 6          | 7         
s_times   0.0        | 59.89      | 152.5      | 156.33    
c_times   29.96      | 119.89     | 153.18     | 158.01    
travels   29.93      | 32.61      | 3.15       | 0.0       
charges   330.04     | 360.0      | 326.71     | 321.88    
~~~~~~~~~~~~~~~~~~~~~~~~~~~~~~~~~~~~~~~~~~
     Drone (3):
          9          | 1          | 8          | 11        
s_times   0.0        | 67.55      | 159.56     | 174.33    
c_times   33.92      | 127.55     | 161.24     | 177.91    
travels   33.63      | 32.01      | 13.09      | 0.0       
charges   326.08     | 360.0      | 326.31     | 309.64    
~~~~~~~~~~~~~~~~~~~~~~~~~~~~~~~~~~~~~~~~~~
