~~~~~~~~~~~~~~~~~~~ [3, 'SB', 4, 360] ~~~~~~~~~~~~~~~~~~~
     seed: 4697094457871053198
 Families: [[1], [2, 3], [4, 5, 6], [7, 8], [9, 10, 11], [12]]
  i_times: [1090.0, 1090.0, 550.0, 1090.0]
Fam slots: [[0, 5], [0, 2, 5], [5, 7], [0, 2, 5]]
Ear_dates: [0, 0.0, 900.0, 0.0, 360.0, 900.0, 900.0, 1260.0, 0.0, 360.0, 900.0, 0]
Due_dates: [1440, 180.0, 1080.0, 180.0, 540.0, 1080.0, 1080.0, 1440.0, 180.0, 540.0, 1080.0, 1440]
Monitor_t: [60.0, 2.02, 2.02, 0.68, 0.68, 0.68, 1.68, 1.68, 3.58, 3.58, 3.58, 0.0]
~~~~~~~~~~~~~~~~~~~ Comparing the results ~~~~~~~~~~~~~~~~~~~
***** lp_Variables: 2234
***** lp_Constraints: 3903
***** lp_objective: 1084.0
***** lp_Sol_time: 3.564
     Drone (1):
          7          | 10         | 1          | 8         
s_times   0.0        | 46.78      | 83.99      | 176.0     
c_times   33.69      | 50.36      | 143.99     | 177.68    
travels   13.09      | 33.63      | 32.01      | 0.0       
charges   326.31     | 309.64     | 360.0      | 326.31    
~~~~~~~~~~~~~~~~~~~~~~~~~~~~~~~~~~~~~~~~~~
     Drone (2):
          9          | 5          | 3          | 6         
s_times   0.0        | 42.46      | 47.99      | 52.72     
c_times   33.92      | 43.14      | 50.01      | 53.4      
travels   8.54       | 4.85       | 2.71       | 0.0       
charges   326.08     | 316.86     | 309.99     | 306.6     
~~~~~~~~~~~~~~~~~~~~~~~~~~~~~~~~~~~~~~~~~~
     Drone (3):
          2          | 4          | 1          | 11        
s_times   0.0        | 32.67      | 66.1       | 156.44    
c_times   29.96      | 33.35      | 126.1      | 160.02    
travels   2.71       | 32.75      | 30.34      | 0.0       
charges   330.04     | 326.65     | 360.0      | 326.08    
~~~~~~~~~~~~~~~~~~~~~~~~~~~~~~~~~~~~~~~~~~
***** nlp_Variables: 182
***** nlp_Constraints: 91
***** nlp_objective: 1084.0
***** nlp_Sol_time: 13.668
     Drone (1):
          2          | 4          | 3          | 5         
s_times   0.0        | 32.67      | 38.2       | 42.93     
c_times   29.96      | 33.35      | 40.22      | 43.61     
travels   2.71       | 4.85       | 2.71       | 0.0       
charges   330.04     | 326.65     | 319.78     | 316.39    
~~~~~~~~~~~~~~~~~~~~~~~~~~~~~~~~~~~~~~~~~~
     Drone (2):
          12         | 9          | 6          | 11        
s_times   0.0        | 38.82      | 50.94      | 60.75     
c_times   31.02      | 42.4       | 51.62      | 64.33     
travels   7.8        | 8.54       | 9.13       | 0.0       
charges   328.98     | 317.6      | 308.38     | 295.67    
~~~~~~~~~~~~~~~~~~~~~~~~~~~~~~~~~~~~~~~~~~
     Drone (3):
          7          | 10         | 1          | 8         
s_times   0.0        | 46.78      | 83.99      | 176.0     
c_times   33.69      | 50.36      | 143.99     | 177.68    
travels   13.09      | 33.63      | 32.01      | 0.0       
charges   326.31     | 309.64     | 360.0      | 326.31    
~~~~~~~~~~~~~~~~~~~~~~~~~~~~~~~~~~~~~~~~~~
