~~~~~~~~~~~~~~~~~~~ [3, 'SB', 4, 360] ~~~~~~~~~~~~~~~~~~~
     seed: 6461405731857934382
 Families: [[1], [2, 3], [4, 5, 6], [7, 8], [9, 10, 11], [12]]
  i_times: [370.0, 1090.0, 910.0, 730.0]
Fam slots: [[2, 3], [2, 3, 7], [1, 5], [3, 5, 6]]
Ear_dates: [0, 360.0, 540.0, 360.0, 540.0, 1260.0, 180.0, 900.0, 540.0, 900.0, 1080.0, 0]
Due_dates: [1440, 540.0, 720.0, 540.0, 720.0, 1440.0, 360.0, 1080.0, 720.0, 1080.0, 1260.0, 1440]
Monitor_t: [60.0, 2.02, 2.02, 0.68, 0.68, 0.68, 1.68, 1.68, 3.58, 3.58, 3.58, 0.0]
~~~~~~~~~~~~~~~~~~~ Comparing the results ~~~~~~~~~~~~~~~~~~~
***** lp_Variables: 2234
***** lp_Constraints: 3903
***** lp_objective: 1083.4
***** lp_Sol_time: 4.807
     Drone (1):
          7          | 11         | 1          | 6         
s_times   0.0        | 46.78      | 83.99      | 176.6     
c_times   33.69      | 50.36      | 143.99     | 177.28    
travels   13.09      | 33.63      | 32.61      | 0.0       
charges   326.31     | 309.64     | 360.0      | 326.71    
~~~~~~~~~~~~~~~~~~~~~~~~~~~~~~~~~~~~~~~~~~
     Drone (2):
          9          | 8          | 1          | 5         
s_times   0.0        | 44.85      | 78.03      | 170.64    
c_times   33.92      | 46.53      | 138.03     | 171.32    
travels   10.93      | 31.5       | 32.61      | 0.0       
charges   326.08     | 313.47     | 360.0      | 326.71    
~~~~~~~~~~~~~~~~~~~~~~~~~~~~~~~~~~~~~~~~~~
     Drone (3):
          2          | 10         | 3          | 4         
s_times   0.0        | 39.36      | 52.61      | 57.34     
c_times   29.96      | 42.94      | 54.63      | 58.02     
travels   9.4        | 9.67       | 2.71       | 0.0       
charges   330.04     | 317.06     | 305.37     | 301.98    
~~~~~~~~~~~~~~~~~~~~~~~~~~~~~~~~~~~~~~~~~~
***** nlp_Variables: 182
***** nlp_Constraints: 91
***** nlp_objective: 1083.4
***** nlp_Sol_time: 13.222
     Drone (1):
          7          | 11         | 1          | 6         
s_times   0.0        | 46.78      | 83.99      | 176.6     
c_times   33.69      | 50.36      | 143.99     | 177.28    
travels   13.09      | 33.63      | 32.61      | 0.0       
charges   326.31     | 309.64     | 360.0      | 326.71    
~~~~~~~~~~~~~~~~~~~~~~~~~~~~~~~~~~~~~~~~~~
     Drone (2):
          9          | 8          | 4          | 3         
s_times   0.0        | 44.85      | 50.67      | 56.2      
c_times   33.92      | 46.53      | 51.35      | 58.22     
travels   10.93      | 4.14       | 4.85       | 0.0       
charges   326.08     | 313.47     | 308.65     | 301.78    
~~~~~~~~~~~~~~~~~~~~~~~~~~~~~~~~~~~~~~~~~~
     Drone (3):
          2          | 10         | 5          | 1         
s_times   0.0        | 39.36      | 51.48      | 84.91     
c_times   29.96      | 42.94      | 52.16      | 144.91    
travels   9.4        | 8.54       | 32.75      | 0.0       
charges   330.04     | 317.06     | 307.84     | 360.0     
~~~~~~~~~~~~~~~~~~~~~~~~~~~~~~~~~~~~~~~~~~
