~~~~~~~~~~~~~~~~~~~ [3, 'SB', 4, 360] ~~~~~~~~~~~~~~~~~~~
     seed: 3182318848028711469
 Families: [[1], [2, 3], [4, 5, 6], [7, 8], [9, 10, 11], [12]]
  i_times: [370.0, 1090.0, 910.0, 1270.0]
Fam slots: [[2, 3], [1, 2, 6], [2, 6], [1, 4, 7]]
Ear_dates: [0, 360.0, 540.0, 180.0, 360.0, 1080.0, 360.0, 1080.0, 180.0, 720.0, 1260.0, 0]
Due_dates: [1440, 540.0, 720.0, 360.0, 540.0, 1260.0, 540.0, 1260.0, 360.0, 900.0, 1440.0, 1440]
Monitor_t: [60.0, 2.02, 2.02, 0.68, 0.68, 0.68, 1.68, 1.68, 3.58, 3.58, 3.58, 0.0]
~~~~~~~~~~~~~~~~~~~ Comparing the results ~~~~~~~~~~~~~~~~~~~
***** lp_Variables: 2234
***** lp_Constraints: 3903
***** lp_objective: 1085.67
***** lp_Sol_time: 5.89
     Drone (1):
          4          | 3          | 5          | 10        
s_times   0.0        | 38.14      | 42.87      | 52.68     
c_times   33.29      | 40.16      | 43.55      | 56.26     
travels   4.85       | 2.71       | 9.13       | 0.0       
charges   326.71     | 319.84     | 316.45     | 303.74    
~~~~~~~~~~~~~~~~~~~~~~~~~~~~~~~~~~~~~~~~~~
     Drone (2):
          9          | 1          | 8          | 11        
s_times   0.0        | 67.55      | 159.56     | 174.33    
c_times   33.92      | 127.55     | 161.24     | 177.91    
travels   33.63      | 32.01      | 13.09      | 0.0       
charges   326.08     | 360.0      | 326.31     | 309.64    
~~~~~~~~~~~~~~~~~~~~~~~~~~~~~~~~~~~~~~~~~~
     Drone (3):
          2          | 7          | 1          | 6         
s_times   0.0        | 32.79      | 65.97      | 158.58    
c_times   29.96      | 34.47      | 125.97     | 159.26    
travels   2.83       | 31.5       | 32.61      | 0.0       
charges   330.04     | 325.53     | 360.0      | 326.71    
~~~~~~~~~~~~~~~~~~~~~~~~~~~~~~~~~~~~~~~~~~
***** nlp_Variables: 182
***** nlp_Constraints: 91
***** nlp_objective: 1085.6699999999978
***** nlp_Sol_time: 21.165
     Drone (1):
          7          | 10         | 1          | 11        
s_times   0.0        | 46.78      | 83.99      | 174.33    
c_times   33.69      | 50.36      | 143.99     | 177.91    
travels   13.09      | 33.63      | 30.34      | 0.0       
charges   326.31     | 309.64     | 360.0      | 326.08    
~~~~~~~~~~~~~~~~~~~~~~~~~~~~~~~~~~~~~~~~~~
     Drone (2):
          2          | 1          | 6          | 8         
s_times   0.0        | 59.89      | 152.5      | 156.33    
c_times   29.96      | 119.89     | 153.18     | 158.01    
travels   29.93      | 32.61      | 3.15       | 0.0       
charges   330.04     | 360.0      | 326.71     | 321.88    
~~~~~~~~~~~~~~~~~~~~~~~~~~~~~~~~~~~~~~~~~~
     Drone (3):
          4          | 9          | 3          | 5         
s_times   0.0        | 42.42      | 55.67      | 60.4      
c_times   33.29      | 46.0       | 57.69      | 61.08     
travels   9.13       | 9.67       | 2.71       | 0.0       
charges   326.71     | 314.0      | 302.31     | 298.92    
~~~~~~~~~~~~~~~~~~~~~~~~~~~~~~~~~~~~~~~~~~
