~~~~~~~~~~~~~~~~~~~ [3, 'SB', 4, 360] ~~~~~~~~~~~~~~~~~~~
     seed: 7558963502060841021
 Families: [[1], [2, 3], [4, 5, 6], [7, 8], [9, 10, 11], [12]]
  i_times: [370.0, 910.0, 550.0, 730.0]
Fam slots: [[2, 3], [1, 4, 5], [5, 7], [0, 2, 3]]
Ear_dates: [0, 360.0, 540.0, 180.0, 720.0, 900.0, 900.0, 1260.0, 0.0, 360.0, 540.0, 0]
Due_dates: [1440, 540.0, 720.0, 360.0, 900.0, 1080.0, 1080.0, 1440.0, 180.0, 540.0, 720.0, 1440]
Monitor_t: [60.0, 2.02, 2.02, 0.68, 0.68, 0.68, 1.68, 1.68, 3.58, 3.58, 3.58, 0.0]
~~~~~~~~~~~~~~~~~~~ Comparing the results ~~~~~~~~~~~~~~~~~~~
***** lp_Variables: 2234
***** lp_Constraints: 3903
***** lp_objective: 1084.0
***** lp_Sol_time: 5.446
     Drone (1):
          9          | 5          | 2          | 6         
s_times   0.0        | 42.46      | 47.99      | 52.72     
c_times   33.92      | 43.14      | 50.01      | 53.4      
travels   8.54       | 4.85       | 2.71       | 0.0       
charges   326.08     | 316.86     | 309.99     | 306.6     
~~~~~~~~~~~~~~~~~~~~~~~~~~~~~~~~~~~~~~~~~~
     Drone (2):
          12         | 4          | 10         | 3         
s_times   0.0        | 33.2       | 43.01      | 56.26     
c_times   31.02      | 33.88      | 46.59      | 58.28     
travels   2.18       | 9.13       | 9.67       | 0.0       
charges   328.98     | 326.12     | 313.41     | 301.72    
~~~~~~~~~~~~~~~~~~~~~~~~~~~~~~~~~~~~~~~~~~
     Drone (3):
          7          | 11         | 1          | 8         
s_times   0.0        | 46.78      | 83.99      | 176.0     
c_times   33.69      | 50.36      | 143.99     | 177.68    
travels   13.09      | 33.63      | 32.01      | 0.0       
charges   326.31     | 309.64     | 360.0      | 326.31    
~~~~~~~~~~~~~~~~~~~~~~~~~~~~~~~~~~~~~~~~~~
***** nlp_Variables: 182
***** nlp_Constraints: 91
***** nlp_objective: 1084.0
***** nlp_Sol_time: 10.333
     Drone (1):
          4          | 10         | 1          | 3         
s_times   0.0        | 42.42      | 79.63      | 167.57    
c_times   33.29      | 46.0       | 139.63     | 169.59    
travels   9.13       | 33.63      | 27.94      | 0.0       
charges   326.71     | 314.0      | 360.0      | 330.04    
~~~~~~~~~~~~~~~~~~~~~~~~~~~~~~~~~~~~~~~~~~
     Drone (2):
          9          | 5          | 2          | 6         
s_times   0.0        | 42.46      | 47.99      | 52.72     
c_times   33.92      | 43.14      | 50.01      | 53.4      
travels   8.54       | 4.85       | 2.71       | 0.0       
charges   326.08     | 316.86     | 309.99     | 306.6     
~~~~~~~~~~~~~~~~~~~~~~~~~~~~~~~~~~~~~~~~~~
     Drone (3):
          7          | 11         | 1          | 8         
s_times   0.0        | 46.78      | 83.99      | 176.0     
c_times   33.69      | 50.36      | 143.99     | 177.68    
travels   13.09      | 33.63      | 32.01      | 0.0       
charges   326.31     | 309.64     | 360.0      | 326.31    
~~~~~~~~~~~~~~~~~~~~~~~~~~~~~~~~~~~~~~~~~~
