~~~~~~~~~~~~~~~~~~~ [3, 'SB_RS', 8, 360] ~~~~~~~~~~~~~~~~~~~
     seed: 2567886940413416119
 Families: [[1], [2, 3], [4, 5, 6], [7, 8], [9, 10, 11], [12, 13, 14], [15, 16], [17, 18], [19, 20], [21], [22]]
  i_times: [370.0, 1090.0, 370.0, 730.0, 1450.0, 910.0, 1090.0, 730.0]
Fam slots: [[2, 3], [1, 5, 6], [4, 5], [3, 4, 6], [0, 5, 7], [3, 7], [2, 7], [4, 7]]
Ear_dates: [0, 360.0, 540.0, 180.0, 900.0, 1080.0, 720.0, 900.0, 540.0, 720.0, 1080.0, 0.0, 900.0, 1260.0, 540.0, 1260.0, 360.0, 1260.0, 720.0, 1260.0, 0, 0]
Due_dates: [1440, 540.0, 720.0, 360.0, 1080.0, 1260.0, 900.0, 1080.0, 720.0, 900.0, 1260.0, 180.0, 1080.0, 1440.0, 720.0, 1440.0, 540.0, 1440.0, 900.0, 1440.0, 1440, 1440]
Monitor_t: [60.0, 2.02, 2.02, 0.68, 0.68, 0.68, 1.68, 1.68, 3.58, 3.58, 3.58, 2.94, 2.94, 2.94, 1.03, 1.03, 1.66, 1.66, 1.4, 1.4, 0.0, 0.0]
~~~~~~~~~~~~~~~~~~~ Comparing the results ~~~~~~~~~~~~~~~~~~~
***** lp_Variables: 13346
***** lp_Constraints: 24796
***** lp_objective: 829.239999916969
***** lp_Sol_time: 1811.696
     Drone (1):
          7          | 2          | 4          | 3          | 9          | 5          | 8          | 17        
s_times   0.0        | 38.83      | 43.56      | 49.09      | 60.51      | 72.63      | 76.46      | 100.97    
c_times   33.69      | 40.85      | 44.24      | 51.11      | 64.09      | 73.31      | 78.14      | 102.63    
travels   5.14       | 2.71       | 4.85       | 9.4        | 8.54       | 3.15       | 22.83      | 0.0       
charges   326.31     | 319.15     | 315.76     | 308.89     | 295.91     | 286.69     | 281.86     | 257.37    
~~~~~~~~~~~~~~~~~~~~~~~~~~~~~~~~~~~~~~~~~~
     Drone (2):
          12         | 1          | 10         | 1          | 22         | 11         | 18         | 16        
s_times   0.0        | 131.0      | 221.34     | 258.55     | 362.1      | 392.74     | 430.76     | 460.84    
c_times   65.51      | 191.0      | 224.92     | 318.55     | 362.1      | 396.32     | 432.42     | 461.87    
travels   65.49      | 30.34      | 33.63      | 43.55      | 30.64      | 34.44      | 28.42      | 0.0       
charges   294.49     | 360.0      | 326.08     | 360.0      | 316.45     | 282.23     | 246.13     | 216.68    
~~~~~~~~~~~~~~~~~~~~~~~~~~~~~~~~~~~~~~~~~~
     Drone (3):
          15         | 1          | 13         | 1          | 19         | 6          | 14         | 20        
s_times   0.0        | 89.29      | 211.86     | 280.29     | 382.45     | 408.18     | 443.41     | 473.11    
c_times   44.65      | 149.29     | 214.8      | 340.29     | 383.85     | 408.86     | 446.35     | 474.51    
travels   44.64      | 62.57      | 65.49      | 42.16      | 24.33      | 34.55      | 26.76      | 0.0       
charges   315.35     | 360.0      | 294.49     | 360.0      | 316.44     | 291.43     | 253.94     | 225.78    
~~~~~~~~~~~~~~~~~~~~~~~~~~~~~~~~~~~~~~~~~~
***** nlp_Variables: 602
***** nlp_Constraints: 182
***** nlp_objective: 1012.970000000004
***** nlp_Sol_time: 1804.661
     Drone (1):
          15         | 1          | 2          | 10         | 7          | 13         | 11         | 16        
s_times   0.0        | 89.29      | 177.23     | 188.65     | 203.16     | 237.72     | 286.23     | 310.85    
c_times   44.65      | 149.29     | 179.25     | 192.23     | 204.84     | 240.66     | 289.81     | 311.88    
travels   44.64      | 27.94      | 9.4        | 10.93      | 32.88      | 45.57      | 21.04      | 0.0       
charges   315.35     | 360.0      | 330.04     | 317.06     | 304.45     | 268.63     | 219.48     | 197.41    
~~~~~~~~~~~~~~~~~~~~~~~~~~~~~~~~~~~~~~~~~~
     Drone (2):
          22         | 1          | 17         | 3          | 5          | 8          | 14         | 20        
s_times   0.0        | 87.1       | 176.86     | 203.91     | 208.64     | 212.47     | 247.03     | 276.73    
c_times   43.55      | 147.1      | 178.52     | 205.93     | 209.32     | 214.15     | 249.97     | 278.13    
travels   43.55      | 29.76      | 25.39      | 2.71       | 3.15       | 32.88      | 26.76      | 0.0       
charges   316.45     | 360.0      | 328.58     | 301.17     | 297.78     | 292.95     | 257.13     | 228.97    
~~~~~~~~~~~~~~~~~~~~~~~~~~~~~~~~~~~~~~~~~~
     Drone (3):
          12         | 4          | 22         | 9          | 19         | 6          | 21         | 18        
s_times   0.0        | 102.36     | 124.62     | 155.26     | 191.66     | 217.39     | 219.99     | 247.34    
c_times   65.51      | 103.04     | 124.62     | 158.84     | 193.06     | 218.07     | 219.99     | 249.0     
travels   36.85      | 21.58      | 30.64      | 32.82      | 24.33      | 1.92       | 27.35      | 0.0       
charges   294.49     | 256.96     | 235.38     | 201.16     | 166.94     | 141.93     | 140.01     | 111.0     
~~~~~~~~~~~~~~~~~~~~~~~~~~~~~~~~~~~~~~~~~~
