~~~~~~~~~~~~~~~~~~~ [3, 'SB_RS', 8, 360] ~~~~~~~~~~~~~~~~~~~
     seed: 2791309368698812046
 Families: [[1], [2, 3], [4, 5, 6], [7, 8], [9, 10, 11], [12, 13, 14], [15, 16], [17, 18], [19, 20], [21], [22]]
  i_times: [730.0, 730.0, 910.0, 1090.0, 730.0, 1090.0, 370.0, 1270.0]
Fam slots: [[4, 7], [3, 4, 6], [1, 5], [1, 2, 6], [4, 5, 7], [2, 7], [3, 4], [1, 7]]
Ear_dates: [0, 720.0, 1260.0, 540.0, 720.0, 1080.0, 180.0, 900.0, 180.0, 360.0, 1080.0, 720.0, 900.0, 1260.0, 360.0, 1260.0, 540.0, 720.0, 180.0, 1260.0, 0, 0]
Due_dates: [1440, 900.0, 1440.0, 720.0, 900.0, 1260.0, 360.0, 1080.0, 360.0, 540.0, 1260.0, 900.0, 1080.0, 1440.0, 540.0, 1440.0, 720.0, 900.0, 360.0, 1440.0, 1440, 1440]
Monitor_t: [60.0, 2.02, 2.02, 0.68, 0.68, 0.68, 1.68, 1.68, 3.58, 3.58, 3.58, 2.94, 2.94, 2.94, 1.03, 1.03, 1.66, 1.66, 1.4, 1.4, 0.0, 0.0]
~~~~~~~~~~~~~~~~~~~ Comparing the results ~~~~~~~~~~~~~~~~~~~
***** lp_Variables: 13346
***** lp_Constraints: 24796
***** lp_objective: 917.59
***** lp_Sol_time: 1809.29
     Drone (1):
          12         | 1          | 8          | 2          | 1          | 3          | 20         | 16        
s_times   0.0        | 131.0      | 223.01     | 229.83     | 261.78     | 349.72     | 376.03     | 394.53    
c_times   65.51      | 191.0      | 224.69     | 231.85     | 321.78     | 351.74     | 377.43     | 395.56    
travels   65.49      | 32.01      | 5.14       | 29.93      | 27.94      | 24.29      | 17.1       | 0.0       
charges   294.49     | 360.0      | 326.31     | 319.15     | 360.0      | 330.04     | 304.35     | 286.22    
~~~~~~~~~~~~~~~~~~~~~~~~~~~~~~~~~~~~~~~~~~
     Drone (2):
          22         | 7          | 13         | 5          | 10         | 1          | 18         | 6         
s_times   0.0        | 62.51      | 97.07      | 136.86     | 146.67     | 183.88     | 273.64     | 302.98    
c_times   43.55      | 64.19      | 100.01     | 137.54     | 150.25     | 243.88     | 275.3      | 303.66    
travels   18.96      | 32.88      | 36.85      | 9.13       | 33.63      | 29.76      | 27.68      | 0.0       
charges   316.45     | 295.81     | 259.99     | 222.46     | 209.75     | 360.0      | 328.58     | 300.22    
~~~~~~~~~~~~~~~~~~~~~~~~~~~~~~~~~~~~~~~~~~
     Drone (3):
          4          | 19         | 9          | 1          | 15         | 17         | 11         | 14        
s_times   0.0        | 58.24      | 93.21      | 130.42     | 234.04     | 262.71     | 298.44     | 342.41    
c_times   33.29      | 59.64      | 96.79      | 190.42     | 235.07     | 264.37     | 302.02     | 345.35    
travels   24.95      | 33.57      | 33.63      | 43.62      | 27.64      | 34.07      | 40.39      | 0.0       
charges   326.71     | 300.36     | 263.21     | 360.0      | 315.35     | 286.05     | 248.4      | 205.07    
~~~~~~~~~~~~~~~~~~~~~~~~~~~~~~~~~~~~~~~~~~
***** nlp_Variables: 602
***** nlp_Constraints: 182
***** nlp_objective: 1030.5200000000057
***** nlp_Sol_time: 1805.505
     Drone (1):
          4          | 7          | 17         | 13         | 11         | 1          | 14         | 20        
s_times   0.0        | 36.44      | 60.95      | 103.84     | 152.35     | 189.56     | 312.13     | 341.83    
c_times   33.29      | 38.12      | 62.61      | 106.78     | 155.93     | 249.56     | 315.07     | 343.23    
travels   3.15       | 22.83      | 41.23      | 45.57      | 33.63      | 62.57      | 26.76      | 0.0       
charges   326.71     | 321.88     | 297.39     | 253.22     | 204.07     | 360.0      | 294.49     | 266.33    
~~~~~~~~~~~~~~~~~~~~~~~~~~~~~~~~~~~~~~~~~~
     Drone (2):
          9          | 21         | 10         | 12         | 18         | 2          | 8          | 6         
s_times   0.0        | 41.18      | 48.98      | 92.95      | 138.32     | 165.37     | 170.22     | 176.04    
c_times   33.92      | 41.18      | 52.56      | 95.89      | 139.98     | 167.39     | 171.9      | 176.72    
travels   7.26       | 7.8        | 40.39      | 42.43      | 25.39      | 2.83       | 4.14       | 0.0       
charges   326.08     | 318.82     | 307.44     | 264.11     | 220.02     | 192.61     | 188.1      | 183.28    
~~~~~~~~~~~~~~~~~~~~~~~~~~~~~~~~~~~~~~~~~~
     Drone (3):
          19         | 21         | 15         | 5          | 1          | 21         | 3          | 16        
s_times   0.0        | 69.42      | 85.63      | 101.67     | 135.1      | 226.12     | 229.48     | 247.32    
c_times   43.56      | 69.42      | 86.66      | 102.35     | 195.1      | 226.12     | 231.5      | 248.35    
travels   25.86      | 16.21      | 15.01      | 32.75      | 31.02      | 3.36       | 15.82      | 0.0       
charges   316.44     | 290.58     | 273.34     | 257.65     | 360.0      | 328.98     | 323.6      | 306.75    
~~~~~~~~~~~~~~~~~~~~~~~~~~~~~~~~~~~~~~~~~~
