~~~~~~~~~~~~~~~~~~~ [3, 'SB_RS', 8, 360] ~~~~~~~~~~~~~~~~~~~
     seed: 6444070549340808351
 Families: [[1], [2, 3], [4, 5, 6], [7, 8], [9, 10, 11], [12, 13, 14], [15, 16], [17, 18], [19, 20], [21], [22]]
  i_times: [370.0, 730.0, 910.0, 730.0, 1090.0, 1270.0, 370.0, 1090.0]
Fam slots: [[4, 5], [0, 2, 3], [0, 4], [1, 3, 4], [2, 6, 7], [1, 7], [2, 3], [1, 6]]
Ear_dates: [0, 720.0, 900.0, 0.0, 360.0, 540.0, 0.0, 720.0, 180.0, 540.0, 720.0, 360.0, 1080.0, 1260.0, 180.0, 1260.0, 360.0, 540.0, 180.0, 1080.0, 0, 0]
Due_dates: [1440, 900.0, 1080.0, 180.0, 540.0, 720.0, 180.0, 900.0, 360.0, 720.0, 900.0, 540.0, 1260.0, 1440.0, 360.0, 1440.0, 540.0, 720.0, 360.0, 1260.0, 1440, 1440]
Monitor_t: [60.0, 2.02, 2.02, 0.68, 0.68, 0.68, 1.68, 1.68, 3.58, 3.58, 3.58, 2.94, 2.94, 2.94, 1.03, 1.03, 1.66, 1.66, 1.4, 1.4, 0.0, 0.0]
~~~~~~~~~~~~~~~~~~~ Comparing the results ~~~~~~~~~~~~~~~~~~~
***** lp_Variables: 13346
***** lp_Constraints: 24796
***** lp_objective: 816.35
***** lp_Sol_time: 1812.78
     Drone (1):
          4          | 8          | 15         | 5          | 17         | 6          | 11         | 1         
s_times   0.0        | 36.44      | 50.88      | 66.92      | 95.11      | 124.45     | 134.26     | 171.47    
c_times   33.29      | 38.12      | 51.91      | 67.6       | 96.77      | 125.13     | 137.84     | 231.47    
travels   3.15       | 12.76      | 15.01      | 27.51      | 27.68      | 9.13       | 33.63      | 0.0       
charges   326.71     | 321.88     | 308.09     | 292.4      | 263.23     | 234.87     | 222.16     | 360.0     
~~~~~~~~~~~~~~~~~~~~~~~~~~~~~~~~~~~~~~~~~~
     Drone (2):
          7          | 2          | 9          | 22         | 19         | 10         | 22         | 3         
s_times   0.0        | 38.83      | 50.25      | 83.11      | 88.95      | 123.92     | 156.78     | 179.56    
c_times   33.69      | 40.85      | 53.83      | 83.11      | 90.35      | 127.5      | 156.78     | 181.58    
travels   5.14       | 9.4        | 29.28      | 5.84       | 33.57      | 29.28      | 22.78      | 0.0       
charges   326.31     | 319.15     | 306.17     | 276.89     | 269.65     | 232.5      | 203.22     | 178.42    
~~~~~~~~~~~~~~~~~~~~~~~~~~~~~~~~~~~~~~~~~~
     Drone (3):
          12         | 1          | 18         | 13         | 1          | 14         | 20         | 16        
s_times   0.0        | 131.0      | 220.76     | 263.65     | 332.08     | 454.65     | 484.35     | 502.85    
c_times   65.51      | 191.0      | 222.42     | 266.59     | 392.08     | 457.59     | 485.75     | 503.88    
travels   65.49      | 29.76      | 41.23      | 65.49      | 62.57      | 26.76      | 17.1       | 0.0       
charges   294.49     | 360.0      | 328.58     | 284.41     | 360.0      | 294.49     | 266.33     | 248.2     
~~~~~~~~~~~~~~~~~~~~~~~~~~~~~~~~~~~~~~~~~~
***** nlp_Variables: 602
***** nlp_Constraints: 182
***** nlp_objective: 1028.52
***** nlp_Sol_time: 1805.646
     Drone (1):
          17         | 1          | 4          | 10         | 1          | 3          | 8          | 16        
s_times   0.0        | 60.09      | 152.7      | 162.51     | 199.72     | 287.66     | 292.51     | 306.95    
c_times   31.42      | 120.09     | 153.38     | 166.09     | 259.72     | 289.68     | 294.19     | 307.98    
travels   28.67      | 32.61      | 9.13       | 33.63      | 27.94      | 2.83       | 12.76      | 0.0       
charges   328.58     | 360.0      | 326.71     | 314.0      | 360.0      | 330.04     | 325.53     | 311.74    
~~~~~~~~~~~~~~~~~~~~~~~~~~~~~~~~~~~~~~~~~~
     Drone (2):
          9          | 1          | 19         | 18         | 5          | 11         | 2          | 20        
s_times   0.0        | 67.55      | 169.71     | 185.46     | 214.8      | 224.61     | 237.86     | 264.17    
c_times   33.92      | 127.55     | 171.11     | 187.12     | 215.48     | 228.19     | 239.88     | 265.57    
travels   33.63      | 42.16      | 14.35      | 27.68      | 9.13       | 9.67       | 24.29      | 0.0       
charges   326.08     | 360.0      | 316.44     | 300.43     | 272.07     | 259.36     | 247.67     | 221.98    
~~~~~~~~~~~~~~~~~~~~~~~~~~~~~~~~~~~~~~~~~~
     Drone (3):
          12         | 1          | 6          | 15         | 7          | 13         | 1          | 14        
s_times   0.0        | 131.0      | 223.61     | 238.73     | 253.79     | 288.35     | 356.78     | 479.35    
c_times   65.51      | 191.0      | 224.29     | 239.76     | 255.47     | 291.29     | 416.78     | 482.29    
travels   65.49      | 32.61      | 14.44      | 14.03      | 32.88      | 65.49      | 62.57      | 0.0       
charges   294.49     | 360.0      | 326.71     | 311.24     | 295.53     | 259.71     | 360.0      | 294.49    
~~~~~~~~~~~~~~~~~~~~~~~~~~~~~~~~~~~~~~~~~~
