~~~~~~~~~~~~~~~~~~~ [3, 'SB_RS', 8, 360] ~~~~~~~~~~~~~~~~~~~
     seed: 2834074169528354139
 Families: [[1], [2, 3], [4, 5, 6], [7, 8], [9, 10, 11], [12, 13, 14], [15, 16], [17, 18], [19, 20], [21], [22]]
  i_times: [370.0, 1090.0, 1450.0, 910.0, 1270.0, 550.0, 910.0, 730.0]
Fam slots: [[5, 6], [1, 5, 6], [0, 7], [2, 5, 6], [1, 4, 7], [5, 7], [1, 5], [1, 4]]
Ear_dates: [0, 900.0, 1080.0, 180.0, 900.0, 1080.0, 0.0, 1260.0, 360.0, 900.0, 1080.0, 180.0, 720.0, 1260.0, 900.0, 1260.0, 180.0, 900.0, 180.0, 720.0, 0, 0]
Due_dates: [1440, 1080.0, 1260.0, 360.0, 1080.0, 1260.0, 180.0, 1440.0, 540.0, 1080.0, 1260.0, 360.0, 900.0, 1440.0, 1080.0, 1440.0, 360.0, 1080.0, 360.0, 900.0, 1440, 1440]
Monitor_t: [60.0, 2.02, 2.02, 0.68, 0.68, 0.68, 1.68, 1.68, 3.58, 3.58, 3.58, 2.94, 2.94, 2.94, 1.03, 1.03, 1.66, 1.66, 1.4, 1.4, 0.0, 0.0]
~~~~~~~~~~~~~~~~~~~ Comparing the results ~~~~~~~~~~~~~~~~~~~
***** lp_Variables: 13346
***** lp_Constraints: 24796
***** lp_objective: 786.3599999999974
***** lp_Sol_time: 1867.883
     Drone (1):
          12         | 1          | 13         | 11         | 6          | 1          | 3          | 14        
s_times   0.0        | 131.0      | 253.57     | 302.08     | 314.2      | 347.63     | 435.57     | 473.64    
c_times   65.51      | 191.0      | 256.51     | 305.66     | 314.88     | 407.63     | 437.59     | 476.58    
travels   65.49      | 62.57      | 45.57      | 8.54       | 32.75      | 27.94      | 36.05      | 0.0       
charges   294.49     | 360.0      | 294.49     | 245.34     | 236.12     | 360.0      | 330.04     | 291.05    
~~~~~~~~~~~~~~~~~~~~~~~~~~~~~~~~~~~~~~~~~~
     Drone (2):
          19         | 1          | 20         | 1          | 15         | 1          | 16         | 8         
s_times   0.0        | 84.64      | 186.8      | 229.28     | 332.9      | 378.57     | 482.19     | 497.25    
c_times   43.56      | 144.64     | 188.2      | 289.28     | 333.93     | 438.57     | 483.22     | 498.93    
travels   41.08      | 42.16      | 41.08      | 43.62      | 44.64      | 43.62      | 14.03      | 0.0       
charges   316.44     | 360.0      | 316.44     | 360.0      | 315.35     | 360.0      | 315.35     | 299.64    
~~~~~~~~~~~~~~~~~~~~~~~~~~~~~~~~~~~~~~~~~~
     Drone (3):
          4          | 7          | 9          | 17         | 5          | 2          | 18         | 10        
s_times   0.0        | 36.44      | 51.21      | 89.23      | 118.57     | 124.1      | 151.38     | 187.11    
c_times   33.29      | 38.12      | 54.79      | 90.89      | 119.25     | 126.12     | 153.04     | 190.69    
travels   3.15       | 13.09      | 34.44      | 27.68      | 4.85       | 25.26      | 34.07      | 0.0       
charges   326.71     | 321.88     | 305.21     | 269.11     | 240.75     | 233.88     | 206.96     | 169.31    
~~~~~~~~~~~~~~~~~~~~~~~~~~~~~~~~~~~~~~~~~~
***** nlp_Variables: 602
***** nlp_Constraints: 182
***** nlp_objective: 798.14
***** nlp_Sol_time: 2577.853
     Drone (1):
          12         | 1          | 13         | 10         | 1          | 14         | 16         | 8         
s_times   0.0        | 131.0      | 253.57     | 302.08     | 339.29     | 461.86     | 487.75     | 502.81    
c_times   65.51      | 191.0      | 256.51     | 305.66     | 399.29     | 464.8      | 488.78     | 504.49    
travels   65.49      | 62.57      | 45.57      | 33.63      | 62.57      | 22.95      | 14.03      | 0.0       
charges   294.49     | 360.0      | 294.49     | 245.34     | 360.0      | 294.49     | 270.51     | 254.8     
~~~~~~~~~~~~~~~~~~~~~~~~~~~~~~~~~~~~~~~~~~
     Drone (2):
          19         | 1          | 5          | 9          | 1          | 11         | 6          | 3         
s_times   0.0        | 84.64      | 177.25     | 187.06     | 224.27     | 314.61     | 326.73     | 332.26    
c_times   43.56      | 144.64     | 177.93     | 190.64     | 284.27     | 318.19     | 327.41     | 334.28    
travels   41.08      | 32.61      | 9.13       | 33.63      | 30.34      | 8.54       | 4.85       | 0.0       
charges   316.44     | 360.0      | 326.71     | 314.0      | 360.0      | 326.08     | 316.86     | 309.99    
~~~~~~~~~~~~~~~~~~~~~~~~~~~~~~~~~~~~~~~~~~
     Drone (3):
          4          | 20         | 7          | 21         | 17         | 15         | 2          | 18        
s_times   0.0        | 58.24      | 81.63      | 88.67      | 116.02     | 146.1      | 165.79     | 193.07    
c_times   33.29      | 59.64      | 83.31      | 88.67      | 117.68     | 147.13     | 167.81     | 194.73    
travels   24.95      | 21.99      | 5.36       | 27.35      | 28.42      | 18.66      | 25.26      | 0.0       
charges   326.71     | 300.36     | 276.69     | 271.33     | 242.32     | 212.87     | 192.19     | 165.27    
~~~~~~~~~~~~~~~~~~~~~~~~~~~~~~~~~~~~~~~~~~
