~~~~~~~~~~~~~~~~~~~ [3, 'SB_RS', 8, 360] ~~~~~~~~~~~~~~~~~~~
     seed: 3566333068205689356
 Families: [[1], [2, 3], [4, 5, 6], [7, 8], [9, 10, 11], [12, 13, 14], [15, 16], [17, 18], [19, 20], [21], [22]]
  i_times: [370.0, 910.0, 1450.0, 1090.0, 910.0, 730.0, 370.0, 910.0]
Fam slots: [[4, 5], [1, 4, 5], [0, 7], [1, 5, 6], [3, 4, 7], [0, 3], [4, 5], [3, 7]]
Ear_dates: [0, 720.0, 900.0, 180.0, 720.0, 900.0, 0.0, 1260.0, 180.0, 900.0, 1080.0, 540.0, 720.0, 1260.0, 0.0, 540.0, 720.0, 900.0, 540.0, 1260.0, 0, 0]
Due_dates: [1440, 900.0, 1080.0, 360.0, 900.0, 1080.0, 180.0, 1440.0, 360.0, 1080.0, 1260.0, 720.0, 900.0, 1440.0, 180.0, 720.0, 900.0, 1080.0, 720.0, 1440.0, 1440, 1440]
Monitor_t: [60.0, 2.02, 2.02, 0.68, 0.68, 0.68, 1.68, 1.68, 3.58, 3.58, 3.58, 2.94, 2.94, 2.94, 1.03, 1.03, 1.66, 1.66, 1.4, 1.4, 0.0, 0.0]
~~~~~~~~~~~~~~~~~~~ Comparing the results ~~~~~~~~~~~~~~~~~~~
***** lp_Variables: 13346
***** lp_Constraints: 24796
***** lp_objective: 798.1399999200248
***** lp_Sol_time: 1884.575
     Drone (1):
          4          | 2          | 9          | 19         | 5          | 17         | 16         | 10        
s_times   0.0        | 38.14      | 49.56      | 85.96      | 111.69     | 139.88     | 169.96     | 195.18    
c_times   33.29      | 40.16      | 53.14      | 87.36      | 112.37     | 141.54     | 170.99     | 198.76    
travels   4.85       | 9.4        | 32.82      | 24.33      | 27.51      | 28.42      | 24.19      | 0.0       
charges   326.71     | 319.84     | 306.86     | 272.64     | 247.63     | 218.46     | 189.01     | 161.24    
~~~~~~~~~~~~~~~~~~~~~~~~~~~~~~~~~~~~~~~~~~
     Drone (2):
          15         | 7          | 1          | 18         | 3          | 22         | 22         | 6         
s_times   0.0        | 58.68      | 91.86      | 181.62     | 208.67     | 232.26     | 232.26     | 253.24    
c_times   44.65      | 60.36      | 151.86     | 183.28     | 210.69     | 232.26     | 232.26     | 253.92    
travels   14.03      | 31.5       | 29.76      | 25.39      | 21.57      | 0.0        | 20.98      | 0.0       
charges   315.35     | 299.64     | 360.0      | 328.58     | 301.17     | 279.6      | 279.6      | 257.94    
~~~~~~~~~~~~~~~~~~~~~~~~~~~~~~~~~~~~~~~~~~
     Drone (3):
          12         | 1          | 13         | 11         | 1          | 14         | 8          | 20        
s_times   0.0        | 131.0      | 253.57     | 302.08     | 339.29     | 461.86     | 500.77     | 523.02    
c_times   65.51      | 191.0      | 256.51     | 305.66     | 399.29     | 464.8      | 502.45     | 524.42    
travels   65.49      | 62.57      | 45.57      | 33.63      | 62.57      | 35.97      | 20.57      | 0.0       
charges   294.49     | 360.0      | 294.49     | 245.34     | 360.0      | 294.49     | 256.84     | 234.87    
~~~~~~~~~~~~~~~~~~~~~~~~~~~~~~~~~~~~~~~~~~
***** nlp_Variables: 602
***** nlp_Constraints: 182
***** nlp_objective: 774.6200000000044
***** nlp_Sol_time: 1878.054
     Drone (1):
          12         | 1          | 13         | 18         | 3          | 1          | 11         | 14        
s_times   0.0        | 131.0      | 253.57     | 298.94     | 325.99     | 357.94     | 448.28     | 492.25    
c_times   65.51      | 191.0      | 256.51     | 300.6      | 328.01     | 417.94     | 451.86     | 495.19    
travels   65.49      | 62.57      | 42.43      | 25.39      | 29.93      | 30.34      | 40.39      | 0.0       
charges   294.49     | 360.0      | 294.49     | 250.4      | 222.99     | 360.0      | 326.08     | 282.75    
~~~~~~~~~~~~~~~~~~~~~~~~~~~~~~~~~~~~~~~~~~
     Drone (2):
          15         | 1          | 16         | 1          | 19         | 1          | 20         | 8         
s_times   0.0        | 89.29      | 192.91     | 238.58     | 340.74     | 383.22     | 485.38     | 508.77    
c_times   44.65      | 149.29     | 193.94     | 298.58     | 342.14     | 443.22     | 486.78     | 510.45    
travels   44.64      | 43.62      | 44.64      | 42.16      | 41.08      | 42.16      | 21.99      | 0.0       
charges   315.35     | 360.0      | 315.35     | 360.0      | 316.44     | 360.0      | 316.44     | 292.77    
~~~~~~~~~~~~~~~~~~~~~~~~~~~~~~~~~~~~~~~~~~
     Drone (3):
          4          | 17         | 5          | 9          | 7          | 10         | 6          | 2         
s_times   0.0        | 60.8       | 90.14      | 99.95      | 114.46     | 129.23     | 141.35     | 146.88    
c_times   33.29      | 62.46      | 90.82      | 103.53     | 116.14     | 132.81     | 142.03     | 148.9     
travels   27.51      | 27.68      | 9.13       | 10.93      | 13.09      | 8.54       | 4.85       | 0.0       
charges   326.71     | 297.54     | 269.18     | 256.47     | 243.86     | 227.19     | 217.97     | 211.1     
~~~~~~~~~~~~~~~~~~~~~~~~~~~~~~~~~~~~~~~~~~
