~~~~~~~~~~~~~~~~~~~ [3, 'SB_RS', 8, 360] ~~~~~~~~~~~~~~~~~~~
     seed: 2306983315914002701
 Families: [[1], [2, 3], [4, 5, 6], [7, 8], [9, 10, 11], [12, 13, 14], [15, 16], [17, 18], [19, 20], [21], [22]]
  i_times: [1450.0, 910.0, 550.0, 1450.0, 910.0, 370.0, 550.0, 370.0]
Fam slots: [[0, 7], [0, 1, 4], [3, 5], [0, 3, 7], [1, 4, 5], [6, 7], [5, 7], [4, 5]]
Ear_dates: [0, 0.0, 1260.0, 0.0, 180.0, 720.0, 540.0, 900.0, 0.0, 540.0, 1260.0, 180.0, 720.0, 900.0, 1080.0, 1260.0, 900.0, 1260.0, 720.0, 900.0, 0, 0]
Due_dates: [1440, 180.0, 1440.0, 180.0, 360.0, 900.0, 720.0, 1080.0, 180.0, 720.0, 1440.0, 360.0, 900.0, 1080.0, 1260.0, 1440.0, 1080.0, 1440.0, 900.0, 1080.0, 1440, 1440]
Monitor_t: [60.0, 2.02, 2.02, 0.68, 0.68, 0.68, 1.68, 1.68, 3.58, 3.58, 3.58, 2.94, 2.94, 2.94, 1.03, 1.03, 1.66, 1.66, 1.4, 1.4, 0.0, 0.0]
~~~~~~~~~~~~~~~~~~~ Comparing the results ~~~~~~~~~~~~~~~~~~~
***** lp_Variables: 13346
***** lp_Constraints: 24796
***** lp_objective: 860.6899999999998
***** lp_Sol_time: 1806.026
     Drone (1):
          12         | 1          | 13         | 1          | 8          | 11         | 16         | 18        
s_times   0.0        | 131.0      | 253.57     | 322.0      | 414.01     | 428.78     | 453.4      | 482.07    
c_times   65.51      | 191.0      | 256.51     | 382.0      | 415.69     | 432.36     | 454.43     | 483.73    
travels   65.49      | 62.57      | 65.49      | 32.01      | 13.09      | 21.04      | 27.64      | 0.0       
charges   294.49     | 360.0      | 294.49     | 360.0      | 326.31     | 309.64     | 287.57     | 258.27    
~~~~~~~~~~~~~~~~~~~~~~~~~~~~~~~~~~~~~~~~~~
     Drone (2):
          4          | 1          | 5          | 1          | 6          | 17         | 14         | 3         
s_times   0.0        | 66.04      | 158.65     | 192.08     | 284.69     | 312.88     | 355.77     | 399.31    
c_times   33.29      | 126.04     | 159.33     | 252.08     | 285.37     | 314.54     | 358.71     | 401.33    
travels   32.75      | 32.61      | 32.75      | 32.61      | 27.51      | 41.23      | 40.6       | 0.0       
charges   326.71     | 360.0      | 326.71     | 360.0      | 326.71     | 297.54     | 253.37     | 210.75    
~~~~~~~~~~~~~~~~~~~~~~~~~~~~~~~~~~~~~~~~~~
     Drone (3):
          2          | 19         | 9          | 1          | 10         | 20         | 7          | 15        
s_times   0.0        | 54.25      | 89.22      | 126.43     | 216.77     | 253.17     | 276.56     | 291.0     
c_times   29.96      | 55.65      | 92.8       | 186.43     | 220.35     | 254.57     | 278.24     | 292.03    
travels   24.29      | 33.57      | 33.63      | 30.34      | 32.82      | 21.99      | 12.76      | 0.0       
charges   330.04     | 304.35     | 267.2      | 360.0      | 326.08     | 291.86     | 268.19     | 254.4     
~~~~~~~~~~~~~~~~~~~~~~~~~~~~~~~~~~~~~~~~~~
***** nlp_Variables: 602
***** nlp_Constraints: 182
***** nlp_objective: 981.5800000000048
***** nlp_Sol_time: 1807.498
     Drone (1):
          22         | 9          | 19         | 10         | 17         | 15         | 14         | 11        
s_times   0.0        | 74.19      | 110.59     | 145.56     | 183.58     | 213.66     | 233.92     | 282.43    
c_times   43.55      | 77.77      | 111.99     | 149.14     | 185.24     | 214.69     | 236.86     | 286.01    
travels   30.64      | 32.82      | 33.57      | 34.44      | 28.42      | 19.23      | 45.57      | 0.0       
charges   316.45     | 282.23     | 248.01     | 210.86     | 174.76     | 145.31     | 123.14     | 73.99     
~~~~~~~~~~~~~~~~~~~~~~~~~~~~~~~~~~~~~~~~~~
     Drone (2):
          4          | 1          | 12         | 6          | 20         | 8          | 1          | 3         
s_times   0.0        | 66.04      | 188.61     | 228.4      | 254.03     | 277.42     | 310.6      | 398.54    
c_times   33.29      | 126.04     | 191.55     | 229.08     | 255.43     | 279.1      | 370.6      | 400.56    
travels   32.75      | 62.57      | 36.85      | 24.95      | 21.99      | 31.5       | 27.94      | 0.0       
charges   326.71     | 360.0      | 294.49     | 256.96     | 230.61     | 206.94     | 360.0      | 330.04    
~~~~~~~~~~~~~~~~~~~~~~~~~~~~~~~~~~~~~~~~~~
     Drone (3):
          22         | 1          | 2          | 5          | 13         | 7          | 18         | 16        
s_times   0.0        | 87.1       | 175.04     | 179.77     | 215.0      | 253.91     | 278.42     | 308.5     
c_times   43.55      | 147.1      | 177.06     | 180.45     | 217.94     | 255.59     | 280.08     | 309.53    
travels   43.55      | 27.94      | 2.71       | 34.55      | 35.97      | 22.83      | 28.42      | 0.0       
charges   316.45     | 360.0      | 330.04     | 326.65     | 289.16     | 251.51     | 227.02     | 197.57    
~~~~~~~~~~~~~~~~~~~~~~~~~~~~~~~~~~~~~~~~~~
