~~~~~~~~~~~~~~~~~~~ [5, 'LA', 7, 720, 120] ~~~~~~~~~~~~~~~~~~~
 Families: [[1], [2, 3, 4, 5], [6, 7, 8], [9, 10, 11, 12], [13, 14, 15], [16, 17, 18, 19], [20, 21, 22], [23, 24, 25], [26, 27, 28], [29]]
Due_dates: [1440, 360.0, 720.0, 1080.0, 1440.0, 480.0, 960.0, 1440.0, 360.0, 720.0, 1080.0, 1440.0, 480.0, 960.0, 1440.0, 360.0, 720.0, 1080.0, 1440.0, 480.0, 960.0, 1440.0, 480.0, 960.0, 1440.0, 480.0, 960.0, 1440.0, 1440]
Ear_dates: [0, 36.0, 72.0, 108.0, 144.0, 48.0, 96.0, 144.0, 36.0, 72.0, 108.0, 144.0, 48.0, 96.0, 144.0, 36.0, 72.0, 108.0, 144.0, 48.0, 96.0, 144.0, 48.0, 96.0, 144.0, 48.0, 96.0, 144.0, 0]
Monitor_t: [60.0, 2.05, 2.05, 2.05, 2.05, 2.54, 2.54, 2.54, 7.51, 7.51, 7.51, 7.51, 3.93, 3.93, 3.93, 3.33, 3.33, 3.33, 3.33, 1.97, 1.97, 1.97, 3.72, 3.72, 3.72, 4.6, 4.6, 4.6, 0.0]
~~~~~~~~~~~~~~~~~~~ Comparing the results ~~~~~~~~~~~~~~~~~~~
***** lp_objective: 36.0
***** lp_Sol_time: 70.237
     Drone (1):
          0          | 29         | 26         | 13         | 20         | 14         | 27        
s_times   0.0        | 0.0        | 23.76      | 64.88      | 93.66      | 119.17     | 163.3     
c_times   0.0        | 0.0        | 28.36      | 68.81      | 95.63      | 123.1      | 167.9     
travels   0.0        | 23.76      | 36.52      | 24.85      | 23.54      | 40.2       | 0.0       
charges   720.0      | 720.0      | 691.64     | 651.19     | 624.37     | 596.9      | 552.1     
~~~~~~~~~~~~~~~~~~~~~~~~~~~~~~~~~~~~~~~~~~
     Drone (2):
          0          | 16         | 1          | 18         | 5          | 10         | 15        
s_times   0.0        | 0.0        | 66.09      | 186.52     | 210.91     | 243.32     | 281.88    
c_times   0.0        | 3.33       | 126.09     | 189.85     | 212.96     | 250.83     | 285.81    
travels   13.85      | 62.76      | 60.43      | 21.06      | 30.36      | 31.05      | 0.0       
charges   720.0      | 716.67     | 720.0      | 656.24     | 633.13     | 595.26     | 560.28    
~~~~~~~~~~~~~~~~~~~~~~~~~~~~~~~~~~~~~~~~~~
     Drone (3):
          9          | 28         | 19         | 4          | 21         | 7          | 23        
s_times   0.0        | 137.13     | 172.6      | 196.99     | 201.87     | 215.83     | 233.01    
c_times   80.91      | 141.73     | 175.93     | 199.04     | 203.84     | 218.37     | 236.73    
travels   56.22      | 30.87      | 21.06      | 2.83       | 11.99      | 14.64      | 0.0       
charges   639.09     | 578.27     | 544.07     | 520.96     | 516.16     | 501.63     | 483.27    
~~~~~~~~~~~~~~~~~~~~~~~~~~~~~~~~~~~~~~~~~~
     Drone (4):
          0          | 1          | 24         | 11         | 25         | 3          | 8         
s_times   0.0        | 0.0        | 95.07      | 145.53     | 201.0      | 221.81     | 236.08    
c_times   0.0        | 60.0       | 98.79      | 153.04     | 204.72     | 223.86     | 238.62    
travels   49.45      | 35.07      | 46.74      | 47.96      | 17.09      | 12.22      | 0.0       
charges   720.0      | 720.0      | 681.21     | 626.96     | 575.28     | 556.14     | 541.38    
~~~~~~~~~~~~~~~~~~~~~~~~~~~~~~~~~~~~~~~~~~
     Drone (5):
          0          | 2          | 6          | 1          | 17         | 22         | 12        
s_times   0.0        | 0.0        | 14.27      | 66.03      | 186.46     | 212.4      | 245.62    
c_times   0.0        | 2.05       | 16.81      | 126.03     | 189.79     | 214.37     | 253.13    
travels   6.35       | 12.22      | 49.22      | 60.43      | 22.61      | 31.25      | 0.0       
charges   720.0      | 717.95     | 703.19     | 720.0      | 656.24     | 631.66     | 592.9     
~~~~~~~~~~~~~~~~~~~~~~~~~~~~~~~~~~~~~~~~~~
***** nlp_objective: 36.0
***** nlp_Sol_time: 103.712
     Drone (1):
          0          | 1          | 11         | 23         | 8          | 26         | 24        
s_times   0.0        | 0.0        | 133.4      | 188.87     | 209.93     | 235.2      | 249.92    
c_times   0.0        | 60.0       | 140.91     | 192.59     | 212.47     | 239.8      | 253.64    
travels   49.45      | 73.4       | 47.96      | 17.34      | 22.73      | 10.12      | 0.0       
charges   720.0      | 720.0      | 639.09     | 587.41     | 567.53     | 540.2      | 526.36    
~~~~~~~~~~~~~~~~~~~~~~~~~~~~~~~~~~~~~~~~~~
     Drone (2):
          0          | 1          | 17         | 15         | 25         | 27         | 18        
s_times   0.0        | 0.0        | 120.43     | 127.58     | 163.81     | 172.59     | 208.06    
c_times   0.0        | 60.0       | 123.76     | 131.51     | 167.53     | 177.19     | 211.39    
travels   49.45      | 60.43      | 3.82       | 32.3       | 5.06       | 30.87      | 0.0       
charges   720.0      | 720.0      | 656.24     | 648.49     | 612.47     | 602.81     | 568.61    
~~~~~~~~~~~~~~~~~~~~~~~~~~~~~~~~~~~~~~~~~~
     Drone (3):
          0          | 29         | 16         | 10         | 7          | 3          | 20        
s_times   0.0        | 0.0        | 13.85      | 44.53      | 90.02      | 100.45     | 105.33    
c_times   0.0        | 0.0        | 17.18      | 52.04      | 92.56      | 102.5      | 107.3     
travels   0.0        | 13.85      | 27.35      | 37.98      | 7.89       | 2.83       | 0.0       
charges   720.0      | 720.0      | 702.82     | 667.96     | 627.44     | 617.5      | 612.7     
~~~~~~~~~~~~~~~~~~~~~~~~~~~~~~~~~~~~~~~~~~
     Drone (4):
          2          | 9          | 14         | 28         | 19         | 22         | 4         
s_times   0.0        | 77.29      | 115.85     | 159.98     | 195.45     | 221.39     | 225.48    
c_times   46.93      | 84.8       | 119.78     | 164.58     | 198.78     | 223.36     | 227.53    
travels   30.36      | 31.05      | 40.2       | 30.87      | 22.61      | 2.12       | 0.0       
charges   673.07     | 635.2      | 600.22     | 555.42     | 521.22     | 496.64     | 492.47    
~~~~~~~~~~~~~~~~~~~~~~~~~~~~~~~~~~~~~~~~~~
     Drone (5):
          0          | 1          | 12         | 5          | 13         | 21         | 6         
s_times   0.0        | 0.0        | 133.4      | 175.48     | 200.75     | 229.53     | 243.49    
c_times   0.0        | 60.0       | 140.91     | 177.53     | 204.68     | 231.5      | 246.03    
travels   49.45      | 73.4       | 34.57      | 23.22      | 24.85      | 11.99      | 0.0       
charges   720.0      | 720.0      | 639.09     | 602.47     | 575.32     | 548.5      | 533.97    
~~~~~~~~~~~~~~~~~~~~~~~~~~~~~~~~~~~~~~~~~~
