~~~~~~~~~~~~~~~~~~~ [5, 'RS_LA', 10, 720, 1200] ~~~~~~~~~~~~~~~~~~~
 Families: [[1], [2, 3, 4], [5, 6], [7, 8], [9, 10], [11, 12, 13, 14], [15, 16, 17], [18, 19, 20, 21], [22, 23, 24], [25, 26, 27, 28], [29, 30, 31], [32, 33, 34], [35, 36, 37], [38], [39]]
Due_dates: [1440, 480.0, 960.0, 1440.0, 720.0, 1440.0, 720.0, 1440.0, 720.0, 1440.0, 360.0, 720.0, 1080.0, 1440.0, 480.0, 960.0, 1440.0, 360.0, 720.0, 1080.0, 1440.0, 480.0, 960.0, 1440.0, 360.0, 720.0, 1080.0, 1440.0, 480.0, 960.0, 1440.0, 480.0, 960.0, 1440.0, 480.0, 960.0, 1440.0, 1440, 1440]
Ear_dates: [0, 0.0, 0.0, 0.0, 0.0, 0.0, 0.0, 0.0, 0.0, 0.0, 0.0, 0.0, 0.0, 0.0, 0.0, 0.0, 0.0, 0.0, 0.0, 0.0, 0.0, 0.0, 0.0, 0.0, 0.0, 0.0, 0.0, 0.0, 0.0, 0.0, 0.0, 0.0, 0.0, 0.0, 0.0, 0.0, 0.0, 0, 0]
Monitor_t: [np.float64(60.0), np.float64(2.94), np.float64(2.94), np.float64(2.94), np.float64(1.03), np.float64(1.03), np.float64(1.66), np.float64(1.66), np.float64(1.4), np.float64(1.4), np.float64(2.05), np.float64(2.05), np.float64(2.05), np.float64(2.05), np.float64(2.54), np.float64(2.54), np.float64(2.54), np.float64(7.51), np.float64(7.51), np.float64(7.51), np.float64(7.51), np.float64(3.93), np.float64(3.93), np.float64(3.93), np.float64(3.33), np.float64(3.33), np.float64(3.33), np.float64(3.33), np.float64(1.97), np.float64(1.97), np.float64(1.97), np.float64(3.72), np.float64(3.72), np.float64(3.72), np.float64(4.6), np.float64(4.6), np.float64(4.6), np.float64(0.0), np.float64(0.0)]
~~~~~~~~~~~~~~~~~~~ Comparing the results ~~~~~~~~~~~~~~~~~~~
***** lp_objective: 0.0
***** lp_Sol_time: 3607.051
     Drone (1):
          0          | 0          | 0          | 0          | 0          | 7          | 25         | 18         | 12         | 20        
s_times   0.0        | 0.0        | 0.0        | 0.0        | 0.0        | 0.0        | 83.55      | 114.23     | 156.31     | 188.72    
c_times   0.0        | 0.0        | 0.0        | 0.0        | 0.0        | 1.66       | 86.88      | 121.74     | 158.36     | 196.23    
travels   0.0        | 0.0        | 0.0        | 0.0        | 75.04      | 81.89      | 27.35      | 34.57      | 30.36      | 0.0       
charges   720.0      | 720.0      | 720.0      | 720.0      | 720.0      | 718.34     | 633.12     | 598.26     | 561.64     | 523.77    
~~~~~~~~~~~~~~~~~~~~~~~~~~~~~~~~~~~~~~~~~~
     Drone (2):
          0          | 0          | 9          | 22         | 29         | 8          | 27         | 23         | 16         | 1         
s_times   0.0        | 0.0        | 0.0        | 104.13     | 132.91     | 205.08     | 288.63     | 295.78     | 317.53     | 369.29    
c_times   0.0        | 0.0        | 1.4        | 108.06     | 134.88     | 206.74     | 291.96     | 299.71     | 320.07     | 429.29    
travels   0.0        | 89.8       | 102.73     | 24.85      | 70.2       | 81.89      | 3.82       | 17.82      | 49.22      | 0.0       
charges   720.0      | 720.0      | 718.6      | 611.94     | 585.12     | 513.26     | 428.04     | 420.29     | 399.93     | 720.0     
~~~~~~~~~~~~~~~~~~~~~~~~~~~~~~~~~~~~~~~~~~
     Drone (3):
          0          | 0          | 0          | 1          | 35         | 3          | 6          | 15         | 13         | 24        
s_times   0.0        | 0.0        | 0.0        | 0.0        | 88.81      | 184.37     | 210.26     | 305.42     | 315.85     | 341.12    
c_times   0.0        | 0.0        | 0.0        | 60.0       | 93.41      | 187.31     | 211.29     | 307.96     | 317.9      | 345.05    
travels   0.0        | 0.0        | 49.45      | 28.81      | 90.96      | 22.95      | 94.13      | 7.89       | 23.22      | 0.0       
charges   720.0      | 720.0      | 720.0      | 720.0      | 686.59     | 592.69     | 568.71     | 472.04     | 462.1      | 434.95    
~~~~~~~~~~~~~~~~~~~~~~~~~~~~~~~~~~~~~~~~~~
     Drone (4):
          11         | 5          | 30         | 10         | 28         | 31         | 34         | 17         | 37         | 21        
s_times   0.0        | 134.27     | 222.36     | 308.77     | 407.66     | 433.6      | 448.37     | 469.43     | 494.7      | 551.92    
c_times   46.93      | 135.3      | 224.33     | 310.17     | 410.99     | 435.57     | 452.09     | 471.97     | 499.3      | 559.43    
travels   87.34      | 87.06      | 84.44      | 97.49      | 22.61      | 12.8       | 17.34      | 22.73      | 52.62      | 0.0       
charges   673.07     | 584.7      | 495.67     | 409.83     | 309.01     | 284.43     | 267.91     | 248.03     | 220.7      | 160.57    
~~~~~~~~~~~~~~~~~~~~~~~~~~~~~~~~~~~~~~~~~~
     Drone (5):
          0          | 2          | 19         | 32         | 26         | 1          | 14         | 36         | 33         | 4         
s_times   0.0        | 0.0        | 141.63     | 197.1      | 228.28     | 294.37     | 399.25     | 423.07     | 437.79     | 535.66    
c_times   0.0        | 2.94       | 149.14     | 200.82     | 231.61     | 354.37     | 401.3      | 427.67     | 441.51     | 538.6     
travels   111.69     | 138.69     | 47.96      | 27.46      | 62.76      | 44.88      | 21.77      | 10.12      | 94.15      | 0.0       
charges   720.0      | 717.06     | 570.86     | 519.18     | 488.39     | 720.0      | 673.07     | 646.7      | 632.86     | 535.77    
~~~~~~~~~~~~~~~~~~~~~~~~~~~~~~~~~~~~~~~~~~
***** nlp_objective: 0.0
***** nlp_Sol_time: 1939.235
     Drone (1):
          0          | 1          | 1          | 28         | 14         | 37         | 24         | 31         | 1          | 8         
s_times   0.0        | 0.0        | 1060.0     | 1180.43    | 1204.82    | 1228.64    | 1269.76    | 1298.54    | 1343.63    | 1433.39   
c_times   0.0        | 60.0       | 1120.0     | 1183.76    | 1206.87    | 1233.24    | 1273.69    | 1300.51    | 1403.63    | 1435.05   
travels   49.45      | 1000.0     | 60.43      | 21.06      | 21.77      | 36.52      | 24.85      | 43.12      | 29.76      | 0.0       
charges   720.0      | 720.0      | 720.0      | 656.24     | 633.13     | 606.76     | 566.31     | 539.49     | 720.0      | 688.58    
~~~~~~~~~~~~~~~~~~~~~~~~~~~~~~~~~~~~~~~~~~
     Drone (2):
          0          | 0          | 0          | 39         | 10         | 11         | 30         | 4          | 17         | 13        
s_times   0.0        | 0.0        | 0.0        | 0.0        | 89.8       | 176.02     | 180.9      | 288.54     | 405.78     | 416.21    
c_times   0.0        | 0.0        | 0.0        | 0.0        | 91.2       | 178.07     | 182.87     | 291.48     | 408.32     | 418.26    
travels   0.0        | 0.0        | 0.0        | 89.8       | 84.82      | 2.83       | 105.67     | 114.3      | 7.89       | 0.0       
charges   720.0      | 720.0      | 720.0      | 720.0      | 628.8      | 541.93     | 537.13     | 428.52     | 311.68     | 301.74    
~~~~~~~~~~~~~~~~~~~~~~~~~~~~~~~~~~~~~~~~~~
     Drone (3):
          0          | 0          | 15         | 5          | 12         | 18         | 23         | 36         | 20         | 6         
s_times   0.0        | 0.0        | 0.0        | 95.34      | 185.84     | 218.25     | 256.81     | 300.94     | 358.16     | 483.8     
c_times   0.0        | 0.0        | 2.54       | 96.37      | 187.89     | 225.76     | 260.74     | 305.54     | 365.67     | 484.83    
travels   0.0        | 4.83       | 92.8       | 89.47      | 30.36      | 31.05      | 40.2       | 52.62      | 118.13     | 0.0       
charges   720.0      | 720.0      | 717.46     | 623.63     | 532.11     | 494.24     | 459.26     | 414.46     | 354.33     | 235.17    
~~~~~~~~~~~~~~~~~~~~~~~~~~~~~~~~~~~~~~~~~~
     Drone (4):
          0          | 0          | 22         | 16         | 29         | 35         | 2          | 19         | 33         | 26        
s_times   0.0        | 0.0        | 0.0        | 21.75      | 33.1       | 55.9       | 151.46     | 293.09     | 348.56     | 379.74    
c_times   0.0        | 0.0        | 3.93       | 24.29      | 35.07      | 60.5       | 154.4      | 300.6      | 352.28     | 383.07    
travels   0.0        | 15.55      | 17.82      | 8.81       | 20.83      | 90.96      | 138.69     | 47.96      | 27.46      | 0.0       
charges   720.0      | 720.0      | 716.07     | 695.71     | 684.93     | 659.5      | 565.6      | 419.4      | 367.72     | 336.93    
~~~~~~~~~~~~~~~~~~~~~~~~~~~~~~~~~~~~~~~~~~
     Drone (5):
          0          | 0          | 9          | 25         | 32         | 3          | 21         | 7          | 34         | 27        
s_times   0.0        | 0.0        | 0.0        | 98.89      | 129.93     | 227.8      | 369.43     | 481.62     | 541.38     | 572.56    
c_times   0.0        | 0.0        | 1.4        | 102.22     | 133.65     | 230.74     | 376.94     | 483.28     | 545.1      | 575.89    
travels   0.0        | 89.8       | 97.49      | 27.71      | 94.15      | 138.69     | 104.68     | 58.1       | 27.46      | 0.0       
charges   720.0      | 720.0      | 718.6      | 617.78     | 586.35     | 489.26     | 343.06     | 236.72     | 174.9      | 144.11    
~~~~~~~~~~~~~~~~~~~~~~~~~~~~~~~~~~~~~~~~~~
