~~~~~~~~~~~~~~~~~~~ [5, 'SB_LA', 10, 720, 1200] ~~~~~~~~~~~~~~~~~~~
 Families: [[1], [2, 3], [4, 5, 6], [7, 8], [9, 10, 11], [12, 13, 14, 15], [16, 17, 18], [19, 20, 21, 22], [23, 24, 25], [26, 27, 28, 29], [30, 31, 32], [33, 34, 35], [36, 37, 38], [39], [40]]
Due_dates: [1440, 720.0, 1440.0, 480.0, 960.0, 1440.0, 720.0, 1440.0, 480.0, 960.0, 1440.0, 360.0, 720.0, 1080.0, 1440.0, 480.0, 960.0, 1440.0, 360.0, 720.0, 1080.0, 1440.0, 480.0, 960.0, 1440.0, 360.0, 720.0, 1080.0, 1440.0, 480.0, 960.0, 1440.0, 480.0, 960.0, 1440.0, 480.0, 960.0, 1440.0, 1440, 1440]
Ear_dates: [0, 0.0, 0.0, 0.0, 0.0, 0.0, 0.0, 0.0, 0.0, 0.0, 0.0, 0.0, 0.0, 0.0, 0.0, 0.0, 0.0, 0.0, 0.0, 0.0, 0.0, 0.0, 0.0, 0.0, 0.0, 0.0, 0.0, 0.0, 0.0, 0.0, 0.0, 0.0, 0.0, 0.0, 0.0, 0.0, 0.0, 0.0, 0, 0]
Monitor_t: [np.float64(60.0), np.float64(2.02), np.float64(2.02), np.float64(0.68), np.float64(0.68), np.float64(0.68), np.float64(1.68), np.float64(1.68), np.float64(3.58), np.float64(3.58), np.float64(3.58), np.float64(2.05), np.float64(2.05), np.float64(2.05), np.float64(2.05), np.float64(2.54), np.float64(2.54), np.float64(2.54), np.float64(7.51), np.float64(7.51), np.float64(7.51), np.float64(7.51), np.float64(3.93), np.float64(3.93), np.float64(3.93), np.float64(3.33), np.float64(3.33), np.float64(3.33), np.float64(3.33), np.float64(1.97), np.float64(1.97), np.float64(1.97), np.float64(3.72), np.float64(3.72), np.float64(3.72), np.float64(4.6), np.float64(4.6), np.float64(4.6), np.float64(0.0), np.float64(0.0)]
~~~~~~~~~~~~~~~~~~~ Comparing the results ~~~~~~~~~~~~~~~~~~~
***** lp_objective: 0.0
***** lp_Sol_time: 5766.496
     Drone (1):
          9          | 26         | 23         | 19         | 1          | 1          | 29         | 1          | 15         | 1         
s_times   0.0        | 126.91     | 134.06     | 158.04     | 241.58     | 301.58     | 422.01     | 488.1      | 592.98     | 638.89    
c_times   33.92      | 130.24     | 137.99     | 165.55     | 301.58     | 361.58     | 425.34     | 548.1      | 595.03     | 698.89    
travels   92.99      | 3.82       | 20.05      | 76.03      | 1000.0     | 60.43      | 62.76      | 44.88      | 43.86      | 0.0       
charges   686.08     | 589.76     | 582.01     | 554.45     | 720.0      | 720.0      | 656.24     | 720.0      | 673.07     | 720.0     
~~~~~~~~~~~~~~~~~~~~~~~~~~~~~~~~~~~~~~~~~~
     Drone (2):
          4          | 2          | 1          | 1          | 6          | 1          | 1          | 37         | 24         | 10        
s_times   0.0        | 38.14      | 70.09      | 130.09     | 222.7      | 256.13     | 316.13     | 404.94     | 446.06     | 544.57    
c_times   33.29      | 40.16      | 130.09     | 190.09     | 223.38     | 316.13     | 376.13     | 409.54     | 449.99     | 548.15    
travels   4.85       | 29.93      | 1000.0     | 32.61      | 32.75      | 1000.0     | 28.81      | 36.52      | 94.58      | 0.0       
charges   686.71     | 679.84     | 720.0      | 720.0      | 686.71     | 720.0      | 720.0      | 686.59     | 646.14     | 547.98    
~~~~~~~~~~~~~~~~~~~~~~~~~~~~~~~~~~~~~~~~~~
     Drone (3):
          0          | 33         | 1          | 8          | 35         | 18         | 32         | 25         | 11         | 38        
s_times   0.0        | 0.0        | 1036.9     | 1128.91    | 1197.14    | 1218.2     | 1229.55    | 1255.06    | 1353.57    | 1419.4    
c_times   0.0        | 3.72       | 1096.9     | 1130.59    | 1200.86    | 1220.74    | 1231.52    | 1258.99    | 1357.15    | 1424.0    
travels   15.46      | 33.18      | 32.01      | 66.55      | 17.34      | 8.81       | 23.54      | 94.58      | 62.25      | 0.0       
charges   720.0      | 716.28     | 720.0      | 686.31     | 616.04     | 596.16     | 585.38     | 557.91     | 459.75     | 392.9     
~~~~~~~~~~~~~~~~~~~~~~~~~~~~~~~~~~~~~~~~~~
     Drone (4):
          12         | 31         | 16         | 36         | 3          | 20         | 28         | 13         | 22         | 1         
s_times   0.0        | 49.76      | 63.72      | 88.99      | 153.11     | 256.24     | 301.1      | 325.49     | 357.9      | 441.44    
c_times   46.93      | 51.73      | 66.26      | 93.59      | 155.13     | 263.75     | 304.43     | 327.54     | 365.41     | 501.44    
travels   2.83       | 11.99      | 22.73      | 59.52      | 101.11     | 37.35      | 21.06      | 30.36      | 76.03      | 0.0       
charges   673.07     | 668.27     | 653.74     | 626.41     | 564.87     | 456.25     | 415.57     | 392.46     | 354.59     | 720.0     
~~~~~~~~~~~~~~~~~~~~~~~~~~~~~~~~~~~~~~~~~~
     Drone (5):
          30         | 34         | 17         | 5          | 27         | 21         | 14         | 1          | 1          | 7         
s_times   0.0        | 57.22      | 78.28      | 162.39     | 256.19     | 286.87     | 328.95     | 374.86     | 434.86     | 526.87    
c_times   44.42      | 60.94      | 80.82      | 163.07     | 259.52     | 294.38     | 331.0      | 434.86     | 494.86     | 528.55    
travels   12.8       | 17.34      | 81.57      | 93.12      | 27.35      | 34.57      | 43.86      | 1000.0     | 32.01      | 0.0       
charges   675.58     | 659.06     | 639.18     | 556.93     | 460.48     | 425.62     | 389.0      | 720.0      | 720.0      | 686.31    
~~~~~~~~~~~~~~~~~~~~~~~~~~~~~~~~~~~~~~~~~~
***** nlp_objective: 0.0
***** nlp_Sol_time: 12224.745
     Drone (1):
          0          | 19         | 23         | 20         | 1          | 35         | 18         | 22         | 25         | 15        
s_times   0.0        | 0.0        | 38.56      | 62.54      | 146.08     | 241.15     | 262.21     | 295.0      | 333.56     | 360.22    
c_times   0.0        | 7.51       | 42.49      | 70.05      | 206.08     | 244.87     | 264.75     | 302.51     | 337.49     | 362.27    
travels   28.5       | 31.05      | 20.05      | 76.03      | 35.07      | 17.34      | 30.25      | 31.05      | 22.73      | 0.0       
charges   720.0      | 712.49     | 677.51     | 649.95     | 720.0      | 681.21     | 661.33     | 623.57     | 588.59     | 563.81    
~~~~~~~~~~~~~~~~~~~~~~~~~~~~~~~~~~~~~~~~~~
     Drone (2):
          0          | 0          | 0          | 12         | 33         | 31         | 28         | 21         | 32         | 9         
s_times   0.0        | 0.0        | 0.0        | 0.0        | 15.79      | 34.27      | 58.5       | 89.18      | 133.7      | 205.58    
c_times   0.0        | 0.0        | 0.0        | 2.05       | 19.51      | 36.24      | 61.83      | 96.69      | 135.67     | 209.16    
travels   0.0        | 0.0        | 6.35       | 13.74      | 14.76      | 22.26      | 27.35      | 37.01      | 69.91      | 0.0       
charges   720.0      | 720.0      | 720.0      | 717.95     | 700.49     | 683.76     | 658.17     | 623.31     | 584.33     | 510.84    
~~~~~~~~~~~~~~~~~~~~~~~~~~~~~~~~~~~~~~~~~~
     Drone (3):
          0          | 0          | 0          | 0          | 26         | 8          | 1          | 17         | 37         | 5         
s_times   0.0        | 0.0        | 0.0        | 0.0        | 0.0        | 98.09      | 131.27     | 240.93     | 266.2      | 334.96    
c_times   0.0        | 0.0        | 0.0        | 0.0        | 3.33       | 99.77      | 191.27     | 243.47     | 270.8      | 335.64    
travels   0.0        | 0.0        | 0.0        | 13.85      | 94.76      | 31.5       | 49.66      | 22.73      | 64.16      | 0.0       
charges   720.0      | 720.0      | 720.0      | 720.0      | 716.67     | 620.23     | 720.0      | 667.8      | 640.47     | 575.63    
~~~~~~~~~~~~~~~~~~~~~~~~~~~~~~~~~~~~~~~~~~
     Drone (4):
          0          | 0          | 30         | 27         | 13         | 36         | 34         | 1          | 10         | 38        
s_times   0.0        | 0.0        | 0.0        | 24.23      | 48.62      | 72.44      | 87.16      | 124.06     | 214.4      | 280.23    
c_times   0.0        | 0.0        | 1.97       | 27.56      | 50.67      | 77.04      | 90.88      | 184.06     | 217.98     | 284.83    
travels   0.0        | 7.83       | 22.26      | 21.06      | 21.77      | 10.12      | 33.18      | 30.34      | 62.25      | 0.0       
charges   720.0      | 720.0      | 718.03     | 692.44     | 669.33     | 642.96     | 629.12     | 720.0      | 686.08     | 619.23    
~~~~~~~~~~~~~~~~~~~~~~~~~~~~~~~~~~~~~~~~~~
     Drone (5):
          7          | 2          | 4          | 3          | 16         | 24         | 11         | 14         | 6          | 29        
s_times   0.0        | 38.83      | 43.56      | 49.09      | 130.6      | 148.53     | 247.04     | 326.11     | 403.51     | 497.31    
c_times   33.69      | 40.85      | 44.24      | 51.11      | 133.14     | 152.46     | 250.62     | 328.16     | 404.19     | 500.64    
travels   5.14       | 2.71       | 4.85       | 79.49      | 15.39      | 94.58      | 75.49      | 75.35      | 93.12      | 0.0       
charges   686.31     | 679.15     | 675.76     | 668.89     | 586.86     | 567.54     | 469.38     | 391.84     | 315.81     | 219.36    
~~~~~~~~~~~~~~~~~~~~~~~~~~~~~~~~~~~~~~~~~~
