~~~~~~~~~~~~~~~~~~~ [3, 'SB', 7, 240] ~~~~~~~~~~~~~~~~~~~
 Families: [[1], [2, 3], [4, 5, 6], [7, 8], [9, 10, 11], [12]]
Due_dates: [1440, 180.0, 360.0, 360.0, 900.0, 1260.0, 540.0, 1080.0, 360.0, 1080.0, 1260.0, 1440]
Ear_dates: [0, 0.0, 180.0, 180.0, 720.0, 1080.0, 360.0, 900.0, 180.0, 900.0, 1080.0, 0]
Monitor_t: [60.0, 2.02, 2.02, 0.68, 0.68, 0.68, 1.68, 1.68, 3.58, 3.58, 3.58, 0.0]
~~~~~~~~~~~~~~~~~~~ Comparing the results ~~~~~~~~~~~~~~~~~~~
***** lp_objective: 486.8499999512143
***** lp_Sol_time: 106.531
     Drone (1):
          10         | 2          | 12         | 1          | 1          | 3          | 1         
s_times   2926.29    | 43.59      | 47.71      | 78.73      | 138.73     | 226.67     | 258.62    
c_times   33.92      | 45.61      | 47.71      | 138.73     | 198.73     | 228.69     | 318.62    
travels   9.67       | 2.1        | 31.02      | 10000.0    | 27.94      | 29.93      | 0.0       
charges   206.08     | 194.39     | 192.29     | 240.0      | 240.0      | 210.04     | 240.0     
~~~~~~~~~~~~~~~~~~~~~~~~~~~~~~~~~~~~~~~~~~
     Drone (2):
          6          | 1          | 1          | 7          | 1          | 5          | 12        
s_times   824.52     | 66.04      | 126.04     | 218.05     | 251.23     | 343.84     | 346.44    
c_times   33.29      | 126.04     | 186.04     | 219.73     | 311.23     | 344.52     | 346.44    
travels   32.75      | 10000.0    | 32.01      | 31.5       | 32.61      | 1.92       | 0.0       
charges   206.71     | 240.0      | 240.0      | 206.31     | 240.0      | 206.71     | 204.79    
~~~~~~~~~~~~~~~~~~~~~~~~~~~~~~~~~~~~~~~~~~
     Drone (3):
          11         | 1          | 4          | 1          | 9          | 1          | 0         
s_times   9647.66    | 67.55      | 160.16     | 193.59     | 283.93     | 321.14     | 413.15    
c_times   33.92      | 127.55     | 160.84     | 253.59     | 287.51     | 381.14     | 414.83    
travels   33.63      | 32.61      | 32.75      | 30.34      | 33.63      | 31.02      | 0.0       
charges   206.08     | 240.0      | 206.71     | 240.0      | 206.08     | 240.0      | 206.31    
~~~~~~~~~~~~~~~~~~~~~~~~~~~~~~~~~~~~~~~~~~
***** nlp_objective: 486.84999995121484
***** nlp_Sol_time: 2688.873
     Drone (1):
          10         | 1          | 9          | 1          | 5          | 1          | 8         
s_times   413.15     | 67.55      | 157.89     | 195.1      | 287.71     | 321.14     | 413.15    
c_times   33.92      | 127.55     | 161.47     | 255.1      | 288.39     | 381.14     | 414.83    
travels   33.63      | 30.34      | 33.63      | 32.61      | 32.75      | 32.01      | 0.0       
charges   206.08     | 240.0      | 206.08     | 240.0      | 206.71     | 240.0      | 206.31    
~~~~~~~~~~~~~~~~~~~~~~~~~~~~~~~~~~~~~~~~~~
     Drone (2):
          11         | 1          | 4          | 1          | 3          | 7          | 12        
s_times   4426.23    | 67.55      | 160.16     | 193.59     | 281.53     | 286.38     | 293.42    
c_times   33.92      | 127.55     | 160.84     | 253.59     | 283.55     | 288.06     | 293.42    
travels   33.63      | 32.61      | 32.75      | 27.94      | 2.83       | 5.36       | 0.0       
charges   206.08     | 240.0      | 206.71     | 240.0      | 210.04     | 205.53     | 200.17    
~~~~~~~~~~~~~~~~~~~~~~~~~~~~~~~~~~~~~~~~~~
     Drone (3):
          6          | 1          | 2          | 1          | 12         | 1          | 12        
s_times   593.15     | 66.04      | 153.98     | 185.93     | 276.95     | 307.97     | 398.99    
c_times   33.29      | 126.04     | 156.0      | 245.93     | 276.95     | 367.97     | 398.99    
travels   32.75      | 27.94      | 29.93      | 31.02      | 31.02      | 31.02      | 0.0       
charges   206.71     | 240.0      | 210.04     | 240.0      | 208.98     | 240.0      | 208.98    
~~~~~~~~~~~~~~~~~~~~~~~~~~~~~~~~~~~~~~~~~~
