~~~~~~~~~~~~~~~~~~~ [3, 'SB', 5, 240] ~~~~~~~~~~~~~~~~~~~
 Families: [[1], [2, 3], [4, 5, 6], [7, 8], [9, 10, 11], [12]]
Ear_dates: [0, 0.0, 180.0, 180.0, 720.0, 1080.0, 360.0, 900.0, 180.0, 900.0, 1080.0, 0]
Due_dates: [1440, 180.0, 360.0, 360.0, 900.0, 1260.0, 540.0, 1080.0, 360.0, 1080.0, 1260.0, 1440]
Monitor_t: [60.0, 2.02, 2.02, 0.68, 0.68, 0.68, 1.68, 1.68, 3.58, 3.58, 3.58, 0.0]
~~~~~~~~~~~~~~~~~~~ Comparing the results ~~~~~~~~~~~~~~~~~~~
***** lp_objective: 795.31
***** lp_Sol_time: 33.379
     Drone (1):
          7          | 2          | 1          | 3          | 8         
s_times   32.01      | 38.83      | 70.78      | 158.72     | 163.57    
c_times   33.69      | 40.85      | 130.78     | 160.74     | 165.25    
travels   5.14       | 29.93      | 27.94      | 2.83       | 0.0       
charges   206.31     | 199.15     | 240.0      | 210.04     | 205.53    
~~~~~~~~~~~~~~~~~~~~~~~~~~~~~~~~~~~~~~~~~~
     Drone (2):
          4          | 1          | 5          | 1          | 6         
s_times   32.61      | 66.04      | 158.65     | 192.08     | 284.69    
c_times   33.29      | 126.04     | 159.33     | 252.08     | 285.37    
travels   32.75      | 32.61      | 32.75      | 32.61      | 0.0       
charges   206.71     | 240.0      | 206.71     | 240.0      | 206.71    
~~~~~~~~~~~~~~~~~~~~~~~~~~~~~~~~~~~~~~~~~~
     Drone (3):
          9          | 1          | 10         | 1          | 11        
s_times   30.34      | 67.55      | 157.89     | 195.1      | 285.44    
c_times   33.92      | 127.55     | 161.47     | 255.1      | 289.02    
travels   33.63      | 30.34      | 33.63      | 30.34      | 0.0       
charges   206.08     | 240.0      | 206.08     | 240.0      | 206.08    
~~~~~~~~~~~~~~~~~~~~~~~~~~~~~~~~~~~~~~~~~~
***** nlp_objective: 795.3100000000001
***** nlp_Sol_time: 56.224
     Drone (1):
          4          | 1          | 5          | 1          | 6         
s_times   32.61      | 66.04      | 158.65     | 192.08     | 284.69    
c_times   33.29      | 126.04     | 159.33     | 252.08     | 285.37    
travels   32.75      | 32.61      | 32.75      | 32.61      | 0.0       
charges   206.71     | 240.0      | 206.71     | 240.0      | 206.71    
~~~~~~~~~~~~~~~~~~~~~~~~~~~~~~~~~~~~~~~~~~
     Drone (2):
          9          | 1          | 10         | 1          | 11        
s_times   30.34      | 67.55      | 157.89     | 195.1      | 285.44    
c_times   33.92      | 127.55     | 161.47     | 255.1      | 289.02    
travels   33.63      | 30.34      | 33.63      | 30.34      | 0.0       
charges   206.08     | 240.0      | 206.08     | 240.0      | 206.08    
~~~~~~~~~~~~~~~~~~~~~~~~~~~~~~~~~~~~~~~~~~
     Drone (3):
          7          | 2          | 1          | 3          | 8         
s_times   32.01      | 38.83      | 70.78      | 158.72     | 163.57    
c_times   33.69      | 40.85      | 130.78     | 160.74     | 165.25    
travels   5.14       | 29.93      | 27.94      | 2.83       | 0.0       
charges   206.31     | 199.15     | 240.0      | 210.04     | 205.53    
~~~~~~~~~~~~~~~~~~~~~~~~~~~~~~~~~~~~~~~~~~
