~~~~~~~~~~~~~~~~~~~ [2, 'SB', 6, 720] ~~~~~~~~~~~~~~~~~~~
 Families: [[1], [2, 3], [4, 5, 6], [7, 8], [9, 10, 11], [12]]
Due_dates: [1440, 0.0, 180.0, 180.0, 720.0, 1080.0, 360.0, 900.0, 180.0, 900.0, 1080.0, 1440]
Ear_dates: [0, 180.0, 360.0, 360.0, 900.0, 1260.0, 540.0, 1080.0, 360.0, 1080.0, 1260.0, 0]
Monitor_t: [60.0, 2.02, 2.02, 0.68, 0.68, 0.68, 1.68, 1.68, 3.58, 3.58, 3.58, 0.0]
~~~~~~~~~~~~~~~~~~~ Comparing the results ~~~~~~~~~~~~~~~~~~~
***** lp_objective: 1090.1199268614162
***** lp_Sol_time: 2135.651
     Drone (1):
          11         | 1          | 9          | 8          | 10         | 0         
s_times   299.9701   | 67.55      | 157.89     | 172.4      | 187.17     | 199.29    
c_times   33.92      | 127.55     | 161.47     | 174.08     | 190.75     | 199.97    
travels   33.63      | 30.34      | 10.93      | 13.09      | 7.26       | 0.0       
charges   686.08     | 720.0      | 686.08     | 673.47     | 656.8      | 647.58    
~~~~~~~~~~~~~~~~~~~~~~~~~~~~~~~~~~~~~~~~~~
     Drone (2):
          6          | 2          | 1          | 7          | 0          | 3         
s_times   299.9701   | 38.14      | 70.09      | 162.1      | 167.92     | 173.45    
c_times   33.29      | 40.16      | 130.09     | 163.78     | 168.6      | 175.47    
travels   4.85       | 29.93      | 32.01      | 5.36       | 3.36       | 0.0       
charges   686.71     | 679.84     | 720.0      | 686.31     | 681.49     | 674.62    
~~~~~~~~~~~~~~~~~~~~~~~~~~~~~~~~~~~~~~~~~~
***** nlp_objective: 1090.119999999999
***** nlp_Sol_time: 6307.016
     Drone (1):
          11         | 1          | 10         | 8          | 9          | 5         
s_times   4484.32    | 67.55      | 157.89     | 172.4      | 187.17     | 199.29    
c_times   33.92      | 127.55     | 161.47     | 174.08     | 190.75     | 199.97    
travels   33.63      | 30.34      | 10.93      | 13.09      | 8.54       | 0.0       
charges   686.08     | 720.0      | 686.08     | 673.47     | 656.8      | 647.58    
~~~~~~~~~~~~~~~~~~~~~~~~~~~~~~~~~~~~~~~~~~
     Drone (2):
          6          | 2          | 1          | 3          | 7          | 4         
s_times   299.97     | 38.14      | 70.09      | 158.03     | 162.88     | 168.7     
c_times   33.29      | 40.16      | 130.09     | 160.05     | 164.56     | 169.38    
travels   4.85       | 29.93      | 27.94      | 2.83       | 4.14       | 0.0       
charges   686.71     | 679.84     | 720.0      | 690.04     | 685.53     | 680.71    
~~~~~~~~~~~~~~~~~~~~~~~~~~~~~~~~~~~~~~~~~~
