~~~~~~~~~~~~~~~~~~~ [3, 'RS', 4, 720, 1000] ~~~~~~~~~~~~~~~~~~~
 Families: [[1], [2, 3, 4], [5, 6], [7, 8], [9, 10], [11]]
Due_dates: [1440, 480.0, 960.0, 1440.0, 720.0, 1440.0, 720.0, 1440.0, 720.0, 1440.0, 1440]
Ear_dates: [0, 48.0, 96.0, 144.0, 72.0, 144.0, 72.0, 144.0, 72.0, 144.0, 0]
Monitor_t: [60.0, 2.94, 2.94, 2.94, 1.03, 1.03, 1.66, 1.66, 1.4, 1.4, 0.0]
~~~~~~~~~~~~~~~~~~~ Comparing the results ~~~~~~~~~~~~~~~~~~~
***** lp_objective: 72.0
***** lp_Sol_time: 3.558
     Drone (1):
          2          | 10         | 6          | 4         
s_times   0.0        | 92.2747    | 110.7785   | 131.0409  
c_times   65.5147    | 93.6785    | 111.8109   | 133.9856  
travels   26.76      | 17.1       | 19.23      | 0.0       
charges   654.4853   | 626.3215   | 608.1891   | 586.0144  
~~~~~~~~~~~~~~~~~~~~~~~~~~~~~~~~~~~~~~~~~~
     Drone (2):
          9          | 7          | 3          | 1         
s_times   0.0        | 57.9139    | 100.801    | 169.2356  
c_times   43.5639    | 59.571     | 103.7456   | 229.2356  
travels   14.35      | 41.23      | 65.49      | 0.0       
charges   676.4361   | 660.429    | 616.2544   | 720.0     
~~~~~~~~~~~~~~~~~~~~~~~~~~~~~~~~~~~~~~~~~~
     Drone (3):
          5          | 8          | 1          | 1         
s_times   0.0        | 72.2924    | 102.6195   | 162.6195  
c_times   44.6524    | 73.9495    | 162.6195   | 222.6195  
travels   27.64      | 28.67      | 1000.0     | 0.0       
charges   675.3476   | 646.0505   | 720.0      | 720.0     
~~~~~~~~~~~~~~~~~~~~~~~~~~~~~~~~~~~~~~~~~~
***** nlp_objective: 72.0
***** nlp_Sol_time: 10.543
     Drone (1):
          9          | 1          | 3          | 6         
s_times   0.0        | 84.6439    | 207.2139   | 233.1085  
c_times   43.5639    | 144.6439   | 210.1585   | 234.1409  
travels   41.08      | 62.57      | 22.95      | 0.0       
charges   676.4361   | 720.0      | 654.4853   | 630.503   
~~~~~~~~~~~~~~~~~~~~~~~~~~~~~~~~~~~~~~~~~~
     Drone (2):
          2          | 8          | 1          | 4         
s_times   0.0        | 107.9447   | 138.2718   | 260.8418  
c_times   65.5147    | 109.6018   | 198.2718   | 263.7864  
travels   42.43      | 28.67      | 62.57      | 0.0       
charges   654.4853   | 610.3982   | 720.0      | 654.4853  
~~~~~~~~~~~~~~~~~~~~~~~~~~~~~~~~~~~~~~~~~~
     Drone (3):
          7          | 1          | 5          | 10        
s_times   0.0        | 60.0871    | 163.7071   | 181.1495  
c_times   31.4171    | 120.0871   | 164.7395   | 182.5533  
travels   28.67      | 43.62      | 16.41      | 0.0       
charges   688.5829   | 720.0      | 675.3476   | 657.5338  
~~~~~~~~~~~~~~~~~~~~~~~~~~~~~~~~~~~~~~~~~~
