~~~~~~~~~~~~~~~~~~~ [3, 'SB', 5, 120] ~~~~~~~~~~~~~~~~~~~
     seed: 7326193577543693557
 Families: [[1], [2, 3], [4, 5, 6], [7, 8], [9, 10, 11], [12]]
  i_times: [750.0, 390.0, 210.0, 30.0]
Fam slots: [[1, 6], [1, 3, 6], [2, 4], [1, 2, 3]]
Ear_dates: [0, 180.0, 1080.0, 180.0, 540.0, 1080.0, 360.0, 720.0, 180.0, 360.0, 540.0, 0]
Due_dates: [1440, 360.0, 1260.0, 360.0, 720.0, 1260.0, 540.0, 900.0, 360.0, 540.0, 720.0, 1440]
Monitor_t: [60.0, 2.02, 2.02, 0.68, 0.68, 0.68, 1.68, 1.68, 3.58, 3.58, 3.58, 0.0]
~~~~~~~~~~~~~~~~~~~ Comparing the results ~~~~~~~~~~~~~~~~~~~
***** lp_Variables: 2807
***** lp_Constraints: 5104
***** lp_objective: 137.01999998619792
***** lp_Sol_time: 21.709
     Drone (1):
          12         | 11         | 7          | 12         | 8         
s_times   0.0        | 402.98     | 417.49     | 424.53     | 582.98    
c_times   395.18     | 406.56     | 419.17     | 579.05     | 584.66    
travels   7.8        | 10.93      | 5.36       | 3.93       | 0.0       
charges   120.0      | 108.62     | 96.01      | 90.65      | 85.04     
~~~~~~~~~~~~~~~~~~~~~~~~~~~~~~~~~~~~~~~~~~
     Drone (2):
          12         | 5          | 12         | 3          | 6         
s_times   0.0        | 557.03     | 559.63     | 942.98     | 947.71    
c_times   554.85     | 557.71     | 939.62     | 945.0      | 948.39    
travels   2.18       | 1.92       | 3.36       | 2.71       | 0.0       
charges   120.0      | 117.14     | 115.22     | 109.84     | 106.45    
~~~~~~~~~~~~~~~~~~~~~~~~~~~~~~~~~~~~~~~~~~
     Drone (3):
          12         | 4          | 9          | 2          | 10        
s_times   0.0        | 334.92     | 344.73     | 357.98     | 369.4     
c_times   332.74     | 335.6      | 348.31     | 360.0      | 372.98    
travels   2.18       | 9.13       | 9.67       | 9.4        | 0.0       
charges   120.0      | 117.14     | 104.43     | 92.74      | 79.76     
~~~~~~~~~~~~~~~~~~~~~~~~~~~~~~~~~~~~~~~~~~
***** nlp_Variables: 407
***** nlp_Constraints: 109
***** nlp_objective: 137.01999999999907
***** nlp_Sol_time: 31.656
     Drone (1):
          12         | 7          | 12         | 3          | 6         
s_times   0.0        | 538.32     | 545.36     | 1105.27    | 1110.0    
c_times   534.39     | 540.0      | 1101.91    | 1107.29    | 1110.68   
travels   3.93       | 5.36       | 3.36       | 2.71       | 0.0       
charges   120.0      | 114.39     | 109.03     | 103.65     | 100.26    
~~~~~~~~~~~~~~~~~~~~~~~~~~~~~~~~~~~~~~~~~~
     Drone (2):
          12         | 4          | 9          | 2          | 10        
s_times   0.0        | 334.92     | 344.73     | 357.98     | 369.4     
c_times   332.74     | 335.6      | 348.31     | 360.0      | 372.98    
travels   2.18       | 9.13       | 9.67       | 9.4        | 0.0       
charges   120.0      | 117.14     | 104.43     | 92.74      | 79.76     
~~~~~~~~~~~~~~~~~~~~~~~~~~~~~~~~~~~~~~~~~~
     Drone (3):
          12         | 11         | 12         | 5          | 8         
s_times   0.0        | 402.98     | 413.82     | 719.32     | 723.15    
c_times   395.18     | 406.56     | 717.14     | 720.0      | 724.83    
travels   7.8        | 7.26       | 2.18       | 3.15       | 0.0       
charges   120.0      | 108.62     | 101.36     | 98.5       | 93.67     
~~~~~~~~~~~~~~~~~~~~~~~~~~~~~~~~~~~~~~~~~~
