~~~~~~~~~~~~~~~~~~~ [3, 'SB', 5, 120] ~~~~~~~~~~~~~~~~~~~
     seed: 421944554634897024
 Families: [[1], [2, 3], [4, 5, 6], [7, 8], [9, 10, 11], [12]]
  i_times: [30.0, 210.0, 30.0, 210.0]
Fam slots: [[6, 7], [1, 3, 5], [0, 1], [3, 5, 7]]
Ear_dates: [0, 1080.0, 1260.0, 180.0, 540.0, 900.0, 0.0, 180.0, 540.0, 900.0, 1260.0, 0]
Due_dates: [1440, 1260.0, 1440.0, 360.0, 720.0, 1080.0, 180.0, 360.0, 720.0, 1080.0, 1440.0, 1440]
Monitor_t: [60.0, 2.02, 2.02, 0.68, 0.68, 0.68, 1.68, 1.68, 3.58, 3.58, 3.58, 0.0]
~~~~~~~~~~~~~~~~~~~ Comparing the results ~~~~~~~~~~~~~~~~~~~
***** lp_Variables: 2807
***** lp_Constraints: 5104
***** lp_objective: 255.92999997430698
***** lp_Sol_time: 39.121
     Drone (1):
          12         | 4          | 12         | 6          | 10        
s_times   0.0        | 359.32     | 361.92     | 780.68     | 790.49    
c_times   357.14     | 360.0      | 778.5      | 781.36     | 794.07    
travels   2.18       | 1.92       | 2.18       | 9.13       | 0.0       
charges   120.0      | 117.14     | 115.22     | 112.36     | 99.65     
~~~~~~~~~~~~~~~~~~~~~~~~~~~~~~~~~~~~~~~~~~
     Drone (2):
          12         | 8          | 12         | 5          | 9         
s_times   0.0        | 33.69      | 40.73      | 570.0      | 579.81    
c_times   29.76      | 35.37      | 567.82     | 570.68     | 583.39    
travels   3.93       | 5.36       | 2.18       | 9.13       | 0.0       
charges   120.0      | 114.39     | 109.03     | 106.17     | 93.46     
~~~~~~~~~~~~~~~~~~~~~~~~~~~~~~~~~~~~~~~~~~
     Drone (3):
          7          | 12         | 2          | 11         | 3         
s_times   0.0        | 39.05      | 992.65     | 1004.07    | 1017.32   
c_times   33.69      | 989.29     | 994.67     | 1007.65    | 1019.34   
travels   5.36       | 3.36       | 9.4        | 9.67       | 0.0       
charges   86.31      | 80.95      | 75.57      | 62.59      | 50.9      
~~~~~~~~~~~~~~~~~~~~~~~~~~~~~~~~~~~~~~~~~~
***** nlp_Variables: 407
***** nlp_Constraints: 109
***** nlp_objective: 255.92999997430377
***** nlp_Sol_time: 81.712
     Drone (1):
          7          | 12         | 2          | 11         | 3         
s_times   0.0        | 39.05      | 992.65     | 1004.07    | 1017.32   
c_times   33.69      | 989.29     | 994.67     | 1007.65    | 1019.34   
travels   5.36       | 3.36       | 9.4        | 9.67       | 0.0       
charges   86.31      | 80.95      | 75.57      | 62.59      | 50.9      
~~~~~~~~~~~~~~~~~~~~~~~~~~~~~~~~~~~~~~~~~~
     Drone (2):
          12         | 8          | 12         | 5          | 9         
s_times   0.0        | 34.95      | 41.99      | 570.0      | 579.81    
c_times   31.02      | 36.63      | 567.82     | 570.68     | 583.39    
travels   3.93       | 5.36       | 2.18       | 9.13       | 0.0       
charges   120.0      | 114.39     | 109.03     | 106.17     | 93.46     
~~~~~~~~~~~~~~~~~~~~~~~~~~~~~~~~~~~~~~~~~~
     Drone (3):
          12         | 4          | 12         | 6          | 10        
s_times   0.0        | 359.32     | 361.92     | 780.68     | 790.49    
c_times   357.14     | 360.0      | 778.5      | 781.36     | 794.07    
travels   2.18       | 1.92       | 2.18       | 9.13       | 0.0       
charges   120.0      | 117.14     | 115.22     | 112.36     | 99.65     
~~~~~~~~~~~~~~~~~~~~~~~~~~~~~~~~~~~~~~~~~~
