~~~~~~~~~~~~~~~~~~~ [3, 'SB', 5, 120] ~~~~~~~~~~~~~~~~~~~
     seed: 6345914117086546897
 Families: [[1], [2, 3], [4, 5, 6], [7, 8], [9, 10, 11], [12]]
  i_times: [1110.0, 750.0, 30.0, 390.0]
Fam slots: [[0, 7], [0, 5, 6], [6, 7], [0, 2, 5]]
Ear_dates: [0, 0.0, 1260.0, 0.0, 900.0, 1080.0, 1080.0, 1260.0, 0.0, 360.0, 900.0, 0]
Due_dates: [1440, 180.0, 1440.0, 180.0, 1080.0, 1260.0, 1260.0, 1440.0, 180.0, 540.0, 1080.0, 1440]
Monitor_t: [60.0, 2.02, 2.02, 0.68, 0.68, 0.68, 1.68, 1.68, 3.58, 3.58, 3.58, 0.0]
~~~~~~~~~~~~~~~~~~~ Comparing the results ~~~~~~~~~~~~~~~~~~~
***** lp_Variables: 2807
***** lp_Constraints: 5104
***** lp_objective: 0.0
***** lp_Sol_time: 2.111
     Drone (1):
          12         | 10         | 12         | 11         | 5         
s_times   0.0        | 506.42     | 517.26     | 900.0      | 912.12    
c_times   498.62     | 510.0      | 892.2      | 903.58     | 912.8     
travels   7.8        | 7.26       | 7.8        | 8.54       | 0.0       
charges   120.0      | 108.62     | 101.36     | 89.98      | 80.76     
~~~~~~~~~~~~~~~~~~~~~~~~~~~~~~~~~~~~~~~~~~
     Drone (2):
          12         | 6          | 7          | 3          | 8         
s_times   0.0        | 1249.35    | 1253.18    | 1260.0     | 1264.85   
c_times   1247.17    | 1250.03    | 1254.86    | 1262.02    | 1266.53   
travels   2.18       | 3.15       | 5.14       | 2.83       | 0.0       
charges   120.0      | 117.14     | 112.31     | 105.15     | 100.64    
~~~~~~~~~~~~~~~~~~~~~~~~~~~~~~~~~~~~~~~~~~
     Drone (3):
          12         | 12         | 2          | 4          | 9         
s_times   0.0        | 0.0        | 156.71     | 161.44     | 171.25    
c_times   0.0        | 153.35     | 158.73     | 162.12     | 174.83    
travels   0.0        | 3.36       | 2.71       | 9.13       | 0.0       
charges   120.0      | 120.0      | 114.62     | 111.23     | 98.52     
~~~~~~~~~~~~~~~~~~~~~~~~~~~~~~~~~~~~~~~~~~
***** nlp_Variables: 407
***** nlp_Constraints: 109
***** nlp_objective: 0.0
***** nlp_Sol_time: 5.28
     Drone (1):
          12         | 6          | 7          | 3          | 8         
s_times   0.0        | 1249.35    | 1253.18    | 1260.0     | 1264.85   
c_times   1247.17    | 1250.03    | 1254.86    | 1262.02    | 1266.53   
travels   2.18       | 3.15       | 5.14       | 2.83       | 0.0       
charges   120.0      | 117.14     | 112.31     | 105.15     | 100.64    
~~~~~~~~~~~~~~~~~~~~~~~~~~~~~~~~~~~~~~~~~~
     Drone (2):
          12         | 9          | 2          | 12         | 4         
s_times   0.0        | 134.73     | 147.98     | 152.1      | 161.44    
c_times   126.93     | 138.31     | 150.0      | 159.26     | 162.12    
travels   7.8        | 9.67       | 2.1        | 2.18       | 0.0       
charges   120.0      | 108.62     | 96.93      | 94.83      | 91.97     
~~~~~~~~~~~~~~~~~~~~~~~~~~~~~~~~~~~~~~~~~~
     Drone (3):
          12         | 10         | 12         | 11         | 5         
s_times   0.0        | 506.42     | 517.26     | 900.0      | 912.12    
c_times   498.62     | 510.0      | 892.2      | 903.58     | 912.8     
travels   7.8        | 7.26       | 7.8        | 8.54       | 0.0       
charges   120.0      | 108.62     | 101.36     | 89.98      | 80.76     
~~~~~~~~~~~~~~~~~~~~~~~~~~~~~~~~~~~~~~~~~~
