~~~~~~~~~~~~~~~~~~~ [3, 'SB', 5, 120] ~~~~~~~~~~~~~~~~~~~
     seed: 7303093567141269060
 Families: [[1], [2, 3], [4, 5, 6], [7, 8], [9, 10, 11], [12]]
  i_times: [210.0, 30.0, 570.0, 210.0]
Fam slots: [[0, 2], [1, 2, 3], [2, 6], [3, 4, 6]]
Ear_dates: [0, 0.0, 360.0, 180.0, 360.0, 540.0, 360.0, 1080.0, 540.0, 720.0, 1080.0, 0]
Due_dates: [1440, 180.0, 540.0, 360.0, 540.0, 720.0, 540.0, 1260.0, 720.0, 900.0, 1260.0, 1440]
Monitor_t: [60.0, 2.02, 2.02, 0.68, 0.68, 0.68, 1.68, 1.68, 3.58, 3.58, 3.58, 0.0]
~~~~~~~~~~~~~~~~~~~ Comparing the results ~~~~~~~~~~~~~~~~~~~
***** lp_Variables: 2807
***** lp_Constraints: 5104
***** lp_objective: 233.95
***** lp_Sol_time: 182.18
     Drone (1):
          2          | 12         | 10         | 8          | 11        
s_times   0.0        | 32.06      | 857.4      | 871.91     | 886.68    
c_times   29.96      | 849.6      | 860.98     | 873.59     | 890.26    
travels   2.1        | 7.8        | 10.93      | 13.09      | 0.0       
charges   90.04      | 87.94      | 76.56      | 63.95      | 47.28     
~~~~~~~~~~~~~~~~~~~~~~~~~~~~~~~~~~~~~~~~~~
     Drone (2):
          12         | 7          | 6          | 12         | 9         
s_times   0.0        | 300.23     | 306.05     | 308.65     | 643.82    
c_times   296.3      | 301.91     | 306.73     | 636.02     | 647.4     
travels   3.93       | 4.14       | 1.92       | 7.8        | 0.0       
charges   120.0      | 114.39     | 109.57     | 107.65     | 96.27     
~~~~~~~~~~~~~~~~~~~~~~~~~~~~~~~~~~~~~~~~~~
     Drone (3):
          12         | 3          | 4          | 12         | 5         
s_times   0.0        | 239.96     | 244.69     | 247.29     | 275.37    
c_times   236.6      | 241.98     | 245.37     | 273.19     | 276.05    
travels   3.36       | 2.71       | 1.92       | 2.18       | 0.0       
charges   120.0      | 114.62     | 111.23     | 109.31     | 106.45    
~~~~~~~~~~~~~~~~~~~~~~~~~~~~~~~~~~~~~~~~~~
***** nlp_Variables: 407
***** nlp_Constraints: 109
***** nlp_objective: 233.95000012382107
***** nlp_Sol_time: 279.464
     Drone (1):
          12         | 7          | 6          | 12         | 9         
s_times   0.0        | 300.23     | 306.05     | 308.65     | 682.0119  
c_times   296.3      | 301.91     | 306.73     | 674.2119   | 685.5919  
travels   3.93       | 4.14       | 1.92       | 7.8        | 0.0       
charges   120.0      | 114.39     | 109.57     | 107.65     | 96.27     
~~~~~~~~~~~~~~~~~~~~~~~~~~~~~~~~~~~~~~~~~~
     Drone (2):
          12         | 3          | 4          | 12         | 5         
s_times   0.0        | 239.96     | 244.69     | 247.29     | 275.37    
c_times   236.6      | 241.98     | 245.37     | 273.19     | 276.05    
travels   3.36       | 2.71       | 1.92       | 2.18       | 0.0       
charges   120.0      | 114.62     | 111.23     | 109.31     | 106.45    
~~~~~~~~~~~~~~~~~~~~~~~~~~~~~~~~~~~~~~~~~~
     Drone (3):
          2          | 12         | 10         | 8          | 11        
s_times   0.0        | 32.06      | 849.4499   | 863.9599   | 878.7299  
c_times   29.96      | 841.6499   | 853.0299   | 865.6399   | 882.3099  
travels   2.1        | 7.8        | 10.93      | 13.09      | 0.0       
charges   90.04      | 87.94      | 76.56      | 63.95      | 47.28     
~~~~~~~~~~~~~~~~~~~~~~~~~~~~~~~~~~~~~~~~~~
