~~~~~~~~~~~~~~~~~~~ [3, 'SB', 5, 120] ~~~~~~~~~~~~~~~~~~~
     seed: 284422726354273154
 Families: [[1], [2, 3], [4, 5, 6], [7, 8], [9, 10, 11], [12]]
  i_times: [390.0, 390.0, 30.0, 390.0]
Fam slots: [[1, 4], [1, 4, 5], [1, 2], [1, 4, 7]]
Ear_dates: [0, 180.0, 720.0, 180.0, 720.0, 900.0, 180.0, 360.0, 180.0, 720.0, 1260.0, 0]
Due_dates: [1440, 360.0, 900.0, 360.0, 900.0, 1080.0, 360.0, 540.0, 360.0, 900.0, 1440.0, 1440]
Monitor_t: [60.0, 2.02, 2.02, 0.68, 0.68, 0.68, 1.68, 1.68, 3.58, 3.58, 3.58, 0.0]
~~~~~~~~~~~~~~~~~~~ Comparing the results ~~~~~~~~~~~~~~~~~~~
***** lp_Variables: 2807
***** lp_Constraints: 5104
***** lp_objective: 137.87999998611195
***** lp_Sol_time: 14.782
     Drone (1):
          12         | 7          | 9          | 12         | 11        
s_times   0.0        | 341.65     | 356.42     | 367.26     | 1143.58   
c_times   337.72     | 343.33     | 360.0      | 1135.78    | 1147.16   
travels   3.93       | 13.09      | 7.26       | 7.8        | 0.0       
charges   120.0      | 114.39     | 97.72      | 90.46      | 79.08     
~~~~~~~~~~~~~~~~~~~~~~~~~~~~~~~~~~~~~~~~~~
     Drone (2):
          12         | 12         | 8          | 4          | 2         
s_times   0.0        | 0.0        | 343.69     | 349.51     | 355.04    
c_times   0.0        | 339.76     | 345.37     | 350.19     | 357.06    
travels   0.0        | 3.93       | 4.14       | 4.85       | 0.0       
charges   120.0      | 120.0      | 114.39     | 109.57     | 102.7     
~~~~~~~~~~~~~~~~~~~~~~~~~~~~~~~~~~~~~~~~~~
     Drone (3):
          12         | 3          | 5          | 10         | 6         
s_times   0.0        | 735.46     | 740.19     | 750.0      | 762.12    
c_times   732.1      | 737.48     | 740.87     | 753.58     | 762.8     
travels   3.36       | 2.71       | 9.13       | 8.54       | 0.0       
charges   120.0      | 114.62     | 111.23     | 98.52      | 89.3      
~~~~~~~~~~~~~~~~~~~~~~~~~~~~~~~~~~~~~~~~~~
***** nlp_Variables: 407
***** nlp_Constraints: 109
***** nlp_objective: 137.87999998611102
***** nlp_Sol_time: 30.493
     Drone (1):
          12         | 4          | 2          | 7          | 9         
s_times   0.0        | 331.27     | 336.8      | 341.65     | 356.42    
c_times   329.09     | 331.95     | 338.82     | 343.33     | 360.0     
travels   2.18       | 4.85       | 2.83       | 13.09      | 0.0       
charges   120.0      | 117.14     | 110.27     | 105.76     | 89.09     
~~~~~~~~~~~~~~~~~~~~~~~~~~~~~~~~~~~~~~~~~~
     Drone (2):
          12         | 8          | 12         | 5          | 3         
s_times   0.0        | 343.33     | 350.37     | 582.12     | 587.65    
c_times   339.4      | 345.01     | 579.94     | 582.8      | 589.67    
travels   3.93       | 5.36       | 2.18       | 4.85       | 0.0       
charges   120.0      | 114.39     | 109.03     | 106.17     | 99.3      
~~~~~~~~~~~~~~~~~~~~~~~~~~~~~~~~~~~~~~~~~~
     Drone (3):
          12         | 10         | 6          | 12         | 11        
s_times   0.0        | 750.0      | 762.12     | 764.72     | 1122.12   
c_times   742.2      | 753.58     | 762.8      | 1114.32    | 1125.7    
travels   7.8        | 8.54       | 1.92       | 7.8        | 0.0       
charges   120.0      | 108.62     | 99.4       | 97.48      | 86.1      
~~~~~~~~~~~~~~~~~~~~~~~~~~~~~~~~~~~~~~~~~~
