~~~~~~~~~~~~~~~~~~~ [3, 'SB_RS', 15, 1000, 500] ~~~~~~~~~~~~~~~~~~~
 Families: [[1], [2, 3], [4, 5, 6], [7, 8], [9, 10, 11], [12, 13, 14], [15, 16], [17, 18], [19, 20], [21], [22]]
Due_dates: [360, 180.0, 360.0, 120.0, 240.0, 360.0, 180.0, 360.0, 120.0, 240.0, 360.0, 120.0, 240.0, 360.0, 180.0, 360.0, 180.0, 360.0, 180.0, 360.0, 360, 360]
Ear_dates: [0, 18.0, 36.0, 12.0, 24.0, 36.0, 18.0, 36.0, 12.0, 24.0, 36.0, 12.0, 24.0, 36.0, 18.0, 36.0, 18.0, 36.0, 18.0, 36.0, 0, 0]
Monitor_t: [60.0, 4.04, 4.04, 1.37, 1.37, 1.37, 3.35, 3.35, 7.17, 7.17, 7.17, 5.89, 5.89, 5.89, 2.06, 2.06, 3.31, 3.31, 2.81, 2.81, 0.0, 0.0]
~~~~~~~~~~~~~~~~~~~ Comparing the results ~~~~~~~~~~~~~~~~~~~
***** lp_objective: 62.041216558621954
***** lp_Sol_time: 856.635
     Drone (1):
          21         | 21         | 21         | 21         | 21         | 21         | 21         | 21         | 21         | 9          | 5          | 17         | 19         | 10         | 1         
s_times   0.0        | 62.0412    | 62.0412    | 62.0412    | 62.0412    | 62.0412    | 62.0412    | 62.0412    | 62.0412    | 77.6469    | 101.8976   | 158.2788   | 196.3704   | 266.31     | 340.7383  
c_times   62.0412    | 62.0412    | 62.0412    | 62.0412    | 62.0412    | 62.0412    | 62.0412    | 62.0412    | 62.0412    | 84.8126    | 103.2652   | 161.593    | 199.1781   | 273.4757   | 400.7383  
charges   937.9588   | 937.9588   | 937.9588   | 937.9588   | 937.9588   | 937.9588   | 937.9588   | 937.9588   | 937.9588   | 915.1874   | 896.7348   | 838.407    | 800.8219   | 726.5243   | 1000.0    
~~~~~~~~~~~~~~~~~~~~~~~~~~~~~~~~~~~~~~~~~~
     Drone (2):
          21         | 21         | 21         | 21         | 21         | 21         | 21         | 21         | 21         | 2          | 15         | 18         | 13         | 6          | 14        
s_times   0.0        | 62.0412    | 62.0412    | 62.0412    | 62.0412    | 62.0412    | 62.0412    | 62.0412    | 62.0412    | 68.7613    | 104.4343   | 161.7736   | 247.5504   | 327.1356   | 397.5961  
c_times   62.0412    | 62.0412    | 62.0412    | 62.0412    | 62.0412    | 62.0412    | 62.0412    | 62.0412    | 62.0412    | 72.7976    | 106.499    | 165.0878   | 253.4397   | 328.5031   | 403.4854  
charges   937.9588   | 937.9588   | 937.9588   | 937.9588   | 937.9588   | 937.9588   | 937.9588   | 937.9588   | 937.9588   | 927.2024   | 893.501    | 834.9122   | 746.5603   | 671.4969   | 596.5146  
~~~~~~~~~~~~~~~~~~~~~~~~~~~~~~~~~~~~~~~~~~
     Drone (3):
          21         | 21         | 21         | 21         | 21         | 21         | 21         | 4          | 7          | 12         | 20         | 16         | 11         | 3          | 8         
s_times   0.0        | 62.0412    | 62.0412    | 62.0412    | 62.0412    | 62.0412    | 62.0412    | 66.3962    | 74.063     | 143.1851   | 202.5964   | 239.6046   | 290.0469   | 316.5585   | 326.253   
c_times   62.0412    | 62.0412    | 62.0412    | 62.0412    | 62.0412    | 62.0412    | 62.0412    | 67.7637    | 77.4168    | 149.0744   | 205.4042   | 241.6694   | 297.2126   | 320.5948   | 329.6069  
charges   937.9588   | 937.9588   | 937.9588   | 937.9588   | 937.9588   | 937.9588   | 937.9588   | 932.2363   | 922.5832   | 850.9256   | 794.5958   | 758.3306   | 702.7874   | 679.4052   | 670.3931  
~~~~~~~~~~~~~~~~~~~~~~~~~~~~~~~~~~~~~~~~~~
***** nlp_objective: 87.1053423556454
***** nlp_Sol_time: 6974.224
     Drone (1):
          22         | 22         | 22         | 22         | 22         | 22         | 22         | 22         | 22         | 22         | 17         | 19         | 18         | 13         | 20        
s_times   0.0        | 87.1053    | 87.1053    | 87.1053    | 87.1053    | 87.1053    | 87.1053    | 87.1053    | 87.1053    | 87.1053    | 127.1882   | 165.2798   | 196.7794   | 282.5562   | 341.9675  
c_times   87.1053    | 87.1053    | 87.1053    | 87.1053    | 87.1053    | 87.1053    | 87.1053    | 87.1053    | 87.1053    | 87.1053    | 130.5024   | 168.0875   | 200.0936   | 288.4455   | 344.7753  
charges   912.8947   | 912.8947   | 912.8947   | 912.8947   | 912.8947   | 912.8947   | 912.8947   | 912.8947   | 912.8947   | 912.8947   | 869.4976   | 831.9125   | 799.9064   | 711.5545   | 655.2247  
~~~~~~~~~~~~~~~~~~~~~~~~~~~~~~~~~~~~~~~~~~
     Drone (2):
          21         | 2          | 21         | 7          | 4          | 9          | 5          | 15         | 10         | 3          | 11         | 16         | 6          | 8          | 14        
s_times   0.0        | 68.7613    | 76.9931    | 84.8499    | 96.4787    | 116.1105   | 140.3612   | 170.5999   | 221.0421   | 247.5538   | 270.3813   | 319.6281   | 351.7029   | 359.3697   | 428.4919  
c_times   62.0412    | 72.7976    | 76.9931    | 88.2038    | 97.8462    | 123.2762   | 141.7288   | 172.6646   | 228.2078   | 251.59     | 277.547    | 321.6928   | 353.0705   | 362.7236   | 434.3812  
charges   937.9588   | 927.2024   | 923.0069   | 911.7962   | 902.1538   | 876.7238   | 858.2712   | 827.3354   | 771.7922   | 748.41     | 722.453    | 678.3072   | 646.9295   | 637.2764   | 565.6188  
~~~~~~~~~~~~~~~~~~~~~~~~~~~~~~~~~~~~~~~~~~
     Drone (3):
          22         | 22         | 22         | 22         | 22         | 22         | 22         | 22         | 22         | 22         | 22         | 22         | 22         | 22         | 12        
s_times   0.0        | 87.1053    | 87.1053    | 87.1053    | 87.1053    | 87.1053    | 87.1053    | 87.1053    | 87.1053    | 87.1053    | 87.1053    | 87.1053    | 87.1053    | 87.1053    | 126.8951  
c_times   87.1053    | 87.1053    | 87.1053    | 87.1053    | 87.1053    | 87.1053    | 87.1053    | 87.1053    | 87.1053    | 87.1053    | 87.1053    | 87.1053    | 87.1053    | 87.1053    | 132.7844  
charges   912.8947   | 912.8947   | 912.8947   | 912.8947   | 912.8947   | 912.8947   | 912.8947   | 912.8947   | 912.8947   | 912.8947   | 912.8947   | 912.8947   | 912.8947   | 912.8947   | 867.2156  
~~~~~~~~~~~~~~~~~~~~~~~~~~~~~~~~~~~~~~~~~~
