~~~~~~~~~~~~~~~~~~~ [3, 'RS', 4, 360, 90] ~~~~~~~~~~~~~~~~~~~
 Families: [[1], [2, 3, 4], [5, 6], [7, 8], [9, 10], [11]]
Due_dates: [360, 120.0, 240.0, 360.0, 180.0, 360.0, 180.0, 360.0, 180.0, 360.0, 360]
Ear_dates: [0, 12.0, 24.0, 36.0, 18.0, 36.0, 18.0, 36.0, 18.0, 36.0, 0]
Monitor_t: [60.0, 5.89, 5.89, 5.89, 2.06, 2.06, 3.31, 3.31, 2.81, 2.81, 0.0]
~~~~~~~~~~~~~~~~~~~ Comparing the results ~~~~~~~~~~~~~~~~~~~
***** lp_objective: 42.64940523026172
***** lp_Sol_time: 98.843
     Drone (1):
          9          | 8          | 10         | 4         
s_times   0.0        | 115.8124   | 153.904    | 207.4149  
c_times   87.1206    | 119.1266   | 156.7118   | 213.3042  
charges   272.8794   | 240.8734   | 203.2882   | 146.6958  
~~~~~~~~~~~~~~~~~~~~~~~~~~~~~~~~~~~~~~~~~~
     Drone (2):
          5          | 2          | 1          | 1         
s_times   0.0        | 127.7752   | 264.6494   | 324.6494  
c_times   89.3132    | 133.6646   | 324.6494   | 384.6494  
charges   270.6868   | 226.3354   | 360.0      | 360.0     
~~~~~~~~~~~~~~~~~~~~~~~~~~~~~~~~~~~~~~~~~~
     Drone (3):
          7          | 6          | 3          | 1         
s_times   0.0        | 119.6755   | 160.2023   | 297.0765  
c_times   62.8297    | 121.7403   | 166.0917   | 357.0765  
charges   297.1703   | 238.2597   | 193.9083   | 360.0     
~~~~~~~~~~~~~~~~~~~~~~~~~~~~~~~~~~~~~~~~~~
***** nlp_objective: 64.09165094574269
***** nlp_Sol_time: 20.975
     Drone (1):
          7          | 6          | 2          | 1         
s_times   0.0        | 119.6755   | 160.2023   | 297.0765  
c_times   62.8297    | 121.7403   | 166.0917   | 357.0765  
charges   297.1703   | 238.2597   | 193.9083   | 360.0     
~~~~~~~~~~~~~~~~~~~~~~~~~~~~~~~~~~~~~~~~~~
     Drone (2):
          5          | 10         | 3          | 1         
s_times   0.0        | 122.1314   | 175.6422   | 312.5164  
c_times   89.3132    | 124.9392   | 181.5316   | 372.5164  
charges   270.6868   | 235.0608   | 178.4684   | 360.0     
~~~~~~~~~~~~~~~~~~~~~~~~~~~~~~~~~~~~~~~~~~
     Drone (3):
          9          | 8          | 4          | 1         
s_times   0.0        | 115.8124   | 201.5893   | 338.4634  
c_times   87.1206    | 119.1266   | 207.4786   | 398.4634  
charges   272.8794   | 240.8734   | 152.5214   | 360.0     
~~~~~~~~~~~~~~~~~~~~~~~~~~~~~~~~~~~~~~~~~~
