~~~~~~~~~~~~~~~~~~~ [2, 'SB', 6, 360, 45] ~~~~~~~~~~~~~~~~~~~
 Families: [[1], [2, 3], [4, 5, 6], [7, 8], [9, 10, 11], [12]]
Due_dates: [360, 180.0, 360.0, 120.0, 240.0, 360.0, 180.0, 360.0, 120.0, 240.0, 360.0, 360]
Ear_dates: [0, 18.0, 36.0, 12.0, 24.0, 36.0, 18.0, 36.0, 12.0, 24.0, 36.0, 0]
Monitor_t: [60.0, 4.04, 4.04, 1.37, 1.37, 1.37, 3.35, 3.35, 7.17, 7.17, 7.17, 0.0]
~~~~~~~~~~~~~~~~~~~ Comparing the results ~~~~~~~~~~~~~~~~~~~
***** lp_objective: 12.0
***** lp_Sol_time: 0.793
     Drone (1):
          9          | 7          | 5          | 3          | 11         | 1         
s_times   0.0        | 89.6904    | 101.3192   | 112.3785   | 135.206    | 209.6343  
c_times   67.8359    | 93.0443    | 102.6867   | 116.4147   | 142.3717   | 269.6343  
charges   292.1641   | 266.9557   | 257.3133   | 243.5853   | 217.6283   | 360.0     
~~~~~~~~~~~~~~~~~~~~~~~~~~~~~~~~~~~~~~~~~~
     Drone (2):
          4          | 2          | 10         | 8          | 6          | 1         
s_times   0.0        | 76.2844    | 99.1119    | 128.1321   | 139.7609   | 206.6339  
c_times   66.5927    | 80.3207    | 106.2776   | 131.486    | 141.1284   | 266.6339  
charges   293.4073   | 279.6793   | 253.7224   | 228.514    | 218.8716   | 360.0     
~~~~~~~~~~~~~~~~~~~~~~~~~~~~~~~~~~~~~~~~~~
***** nlp_objective: 12.0
***** nlp_Sol_time: 3.778
     Drone (1):
          9          | 5          | 7          | 2          | 11         | 1         
s_times   0.0        | 84.9209    | 92.5877    | 106.2199   | 129.0474   | 203.4757  
c_times   67.8359    | 86.2885    | 95.9416    | 110.2562   | 136.2131   | 263.4757  
charges   292.1641   | 273.7115   | 264.0584   | 249.7438   | 223.7869   | 360.0     
~~~~~~~~~~~~~~~~~~~~~~~~~~~~~~~~~~~~~~~~~~
     Drone (2):
          4          | 10         | 8          | 6          | 3          | 1         
s_times   0.0        | 84.857     | 113.8772   | 125.5059   | 136.5652   | 200.4543  
c_times   66.5927    | 92.0227    | 117.231    | 126.8735   | 140.6015   | 260.4543  
charges   293.4073   | 267.9773   | 242.769    | 233.1265   | 219.3985   | 360.0     
~~~~~~~~~~~~~~~~~~~~~~~~~~~~~~~~~~~~~~~~~~
