~~~~~~~~~~~~~~~~~~~ [3, 'RS', 4, 720, 90] ~~~~~~~~~~~~~~~~~~~
 Families: [[1], [2, 3, 4], [5, 6], [7, 8], [9, 10], [11]]
Due_dates: [1440, 480.0, 960.0, 1440.0, 720.0, 1440.0, 720.0, 1440.0, 720.0, 1440.0, 1440]
Ear_dates: [0, 48.0, 96.0, 144.0, 72.0, 144.0, 72.0, 144.0, 72.0, 144.0, 0]
Monitor_t: [60.0, 2.94, 2.94, 2.94, 1.03, 1.03, 1.66, 1.66, 1.4, 1.4, 0.0]
~~~~~~~~~~~~~~~~~~~ Comparing the results ~~~~~~~~~~~~~~~~~~~
***** lp_objective: 71.99999999269973
***** lp_Sol_time: 16.04
     Drone (1):
          2          | 6          | 8          | 10        
s_times   0.0        | 88.465     | 117.1346   | 136.1804  
c_times   65.5135    | 89.4974    | 118.7917   | 137.5843  
charges   654.4865   | 630.5026   | 601.2083   | 582.4157  
~~~~~~~~~~~~~~~~~~~~~~~~~~~~~~~~~~~~~~~~~~
     Drone (2):
          0          | 1          | 9          | 4         
s_times   0.0        | 0.0        | 102.1564   | 128.9118  
c_times   0.0        | 60.0       | 103.5603   | 131.8565  
charges   720.0      | 720.0      | 676.4397   | 648.1435  
~~~~~~~~~~~~~~~~~~~~~~~~~~~~~~~~~~~~~~~~~~
     Drone (3):
          0          | 5          | 7          | 3         
s_times   0.0        | 0.0        | 28.6696    | 71.558    
c_times   0.0        | 1.0324     | 30.3267    | 74.5027   
charges   720.0      | 718.9676   | 689.6733   | 645.4973  
~~~~~~~~~~~~~~~~~~~~~~~~~~~~~~~~~~~~~~~~~~
***** nlp_objective: 71.99999701574687
***** nlp_Sol_time: 8.609
     Drone (1):
          2          | 6          | 10         | 4         
s_times   0.0        | 88.465     | 105.9065   | 132.6619  
c_times   65.5135    | 89.4974    | 107.3103   | 135.6066  
charges   654.4865   | 630.5026   | 612.6897   | 584.3934  
~~~~~~~~~~~~~~~~~~~~~~~~~~~~~~~~~~~~~~~~~~
     Drone (2):
          0          | 1          | 9          | 8         
s_times   0.0        | 0.0        | 102.1564   | 117.9062  
c_times   0.0        | 60.0       | 103.5603   | 119.5633  
charges   720.0      | 720.0      | 676.4397   | 660.4367  
~~~~~~~~~~~~~~~~~~~~~~~~~~~~~~~~~~~~~~~~~~
     Drone (3):
          0          | 5          | 7          | 3         
s_times   0.0        | 0.0        | 28.6696    | 71.5581   
c_times   0.0        | 1.0324     | 30.3267    | 74.5027   
charges   720.0      | 718.9676   | 689.6733   | 645.4973  
~~~~~~~~~~~~~~~~~~~~~~~~~~~~~~~~~~~~~~~~~~
