~~~~~~~~~~~~~~~~~~~ [3, 'SB', 5, 180] ~~~~~~~~~~~~~~~~~~~
     seed: 9147474576342542966
 Families: [[1], [2, 3], [4, 5, 6], [7, 8], [9, 10, 11], [12]]
  i_times: [570.0, 750.0, 570.0, 570.0]
Fam slots: [[1, 5], [0, 1, 6], [1, 5], [0, 3, 7]]
Ear_dates: [0, 180.0, 900.0, 0.0, 180.0, 1080.0, 180.0, 900.0, 0.0, 540.0, 1260.0, 0]
Due_dates: [1440, 360.0, 1080.0, 180.0, 360.0, 1260.0, 360.0, 1080.0, 180.0, 720.0, 1440.0, 1440]
Monitor_t: [60.0, 2.02, 2.02, 0.68, 0.68, 0.68, 1.68, 1.68, 3.58, 3.58, 3.58, 0.0]
~~~~~~~~~~~~~~~~~~~ Comparing the results ~~~~~~~~~~~~~~~~~~~
***** lp_Variables: 2807
***** lp_Constraints: 4502
***** lp_objective: 140.19000000000767
     Drone (1):
          4          | 12         | 10        
s_times   0.0        | 35.21      | 603.92    
c_times   33.29      | 596.12     | 607.5     
travels   1.92       | 7.8        | 0.0       
charges   146.71     | 144.79     | 133.41    
~~~~~~~~~~~~~~~~~~~~~~~~~~~~~~~~~~~~~~~~~~
     Drone (2):
          9          | 12         | 5         
s_times   0.0        | 41.18      | 417.01    
c_times   33.92      | 414.83     | 417.69    
travels   7.26       | 2.18       | 0.0       
charges   146.08     | 138.82     | 135.96    
~~~~~~~~~~~~~~~~~~~~~~~~~~~~~~~~~~~~~~~~~~
     Drone (3):
          12         | 8          | 3         
s_times   0.0        | 817.5      | 824.32    
c_times   813.57     | 819.18     | 826.34    
travels   3.93       | 5.14       | 0.0       
charges   180.0      | 174.39     | 167.23    
~~~~~~~~~~~~~~~~~~~~~~~~~~~~~~~~~~~~~~~~~~
     Drone (4):
          12         | 2          | 7         
s_times   0.0        | 252.3      | 257.15    
c_times   248.94     | 254.32     | 258.83    
travels   3.36       | 2.83       | 0.0       
charges   180.0      | 174.62     | 170.11    
~~~~~~~~~~~~~~~~~~~~~~~~~~~~~~~~~~~~~~~~~~
     Drone (5):
          12         | 6          | 11        
s_times   0.0        | 1167.69    | 1177.5    
c_times   1165.51    | 1168.37    | 1181.08   
travels   2.18       | 9.13       | 0.0       
charges   180.0      | 177.14     | 164.43    
~~~~~~~~~~~~~~~~~~~~~~~~~~~~~~~~~~~~~~~~~~
***** nlp_Variables: 407
***** nlp_Constraints: 107
***** nlp_objective: 140.189999999998
     Drone (1):
          12         | 8          | 3         
s_times   0.0        | 759.81     | 766.63    
c_times   755.88     | 761.49     | 768.65    
travels   3.93       | 5.14       | 0.0       
charges   180.0      | 174.39     | 167.23    
~~~~~~~~~~~~~~~~~~~~~~~~~~~~~~~~~~~~~~~~~~
     Drone (2):
          12         | 6          | 11        
s_times   0.0        | 1110.0     | 1119.81   
c_times   1107.82    | 1110.68    | 1123.39   
travels   2.18       | 9.13       | 0.0       
charges   180.0      | 177.14     | 164.43    
~~~~~~~~~~~~~~~~~~~~~~~~~~~~~~~~~~~~~~~~~~
     Drone (3):
          9          | 12         | 10        
s_times   0.0        | 41.18      | 603.92    
c_times   33.92      | 596.12     | 607.5     
travels   7.26       | 7.8        | 0.0       
charges   146.08     | 138.82     | 127.44    
~~~~~~~~~~~~~~~~~~~~~~~~~~~~~~~~~~~~~~~~~~
     Drone (4):
          4          | 12         | 2         
s_times   0.0        | 35.21      | 194.61    
c_times   33.29      | 191.25     | 196.63    
travels   1.92       | 3.36       | 0.0       
charges   146.71     | 144.79     | 139.41    
~~~~~~~~~~~~~~~~~~~~~~~~~~~~~~~~~~~~~~~~~~
     Drone (5):
          12         | 7          | 5         
s_times   0.0        | 353.5      | 359.32    
c_times   349.57     | 355.18     | 360.0     
travels   3.93       | 4.14       | 0.0       
charges   180.0      | 174.39     | 169.57    
~~~~~~~~~~~~~~~~~~~~~~~~~~~~~~~~~~~~~~~~~~
