~~~~~~~~~~~~~~~~~~~ [3, 'SB', 4, 360] ~~~~~~~~~~~~~~~~~~~
     seed: 416623745502102428
 Families: [[1], [2, 3], [4, 5, 6], [7, 8], [9, 10, 11], [12]]
  i_times: [390.0, 30.0, 30.0, 570.0]
Fam slots: [[0, 3], [4, 5, 6], [0, 1], [0, 1, 5]]
Ear_dates: [0, 0.0, 540.0, 720.0, 900.0, 1080.0, 0.0, 180.0, 0.0, 180.0, 900.0, 0]
Due_dates: [1440, 180.0, 720.0, 900.0, 1080.0, 1260.0, 180.0, 360.0, 180.0, 360.0, 1080.0, 1440]
Monitor_t: [60.0, 2.02, 2.02, 0.68, 0.68, 0.68, 1.68, 1.68, 3.58, 3.58, 3.58, 0.0]
~~~~~~~~~~~~~~~~~~~ Comparing the results ~~~~~~~~~~~~~~~~~~~
***** lp_Variables: 2234
***** lp_Constraints: 3903
***** lp_objective: 1008.2600000000001
***** lp_Sol_time: 1900.068
     Drone (1):
          2          | 10         | 5          | 8         
s_times   0.0        | 39.36      | 51.48      | 55.31     
c_times   29.96      | 42.94      | 52.16      | 56.99     
travels   9.4        | 8.54       | 3.15       | 0.0       
charges   330.04     | 317.06     | 307.84     | 303.01    
~~~~~~~~~~~~~~~~~~~~~~~~~~~~~~~~~~~~~~~~~~
     Drone (2):
          9          | 7          | 11         | 6         
s_times   0.0        | 44.85      | 59.62      | 71.74     
c_times   33.92      | 46.53      | 63.2       | 72.42     
travels   10.93      | 13.09      | 8.54       | 0.0       
charges   326.08     | 313.47     | 296.8      | 287.58    
~~~~~~~~~~~~~~~~~~~~~~~~~~~~~~~~~~~~~~~~~~
     Drone (3):
          4          | 1          | 3          | 1         
s_times   0.0        | 66.04      | 153.98     | 185.93    
c_times   33.29      | 126.04     | 156.0      | 245.93    
travels   32.75      | 27.94      | 29.93      | 0.0       
charges   326.71     | 360.0      | 330.04     | 360.0     
~~~~~~~~~~~~~~~~~~~~~~~~~~~~~~~~~~~~~~~~~~
***** nlp_Variables: 182
***** nlp_Constraints: 91
***** nlp_objective: 1008.2600000000065
***** nlp_Sol_time: 769.434
     Drone (1):
          9          | 8          | 11         | 6         
s_times   0.0        | 44.85      | 59.62      | 71.74     
c_times   33.92      | 46.53      | 63.2       | 72.42     
travels   10.93      | 13.09      | 8.54       | 0.0       
charges   326.08     | 313.47     | 296.8      | 287.58    
~~~~~~~~~~~~~~~~~~~~~~~~~~~~~~~~~~~~~~~~~~
     Drone (2):
          12         | 10         | 5          | 3         
s_times   0.0        | 38.82      | 50.94      | 56.47     
c_times   31.02      | 42.4       | 51.62      | 58.49     
travels   7.8        | 8.54       | 4.85       | 0.0       
charges   328.98     | 317.6      | 308.38     | 301.51    
~~~~~~~~~~~~~~~~~~~~~~~~~~~~~~~~~~~~~~~~~~
     Drone (3):
          4          | 7          | 2          | 1         
s_times   0.0        | 36.44      | 43.26      | 75.21     
c_times   33.29      | 38.12      | 45.28      | 135.21    
travels   3.15       | 5.14       | 29.93      | 0.0       
charges   326.71     | 321.88     | 314.72     | 360.0     
~~~~~~~~~~~~~~~~~~~~~~~~~~~~~~~~~~~~~~~~~~
