~~~~~~~~~~~~~~~~~~~ [3, 'SB', 4, 360] ~~~~~~~~~~~~~~~~~~~
     seed: 5769518297727121159
 Families: [[1], [2, 3], [4, 5, 6], [7, 8], [9, 10, 11], [12]]
  i_times: [30.0, 390.0, 570.0, 390.0]
Fam slots: [[6, 7], [0, 3, 4], [0, 4], [1, 3, 6]]
Ear_dates: [0, 1080.0, 1260.0, 0.0, 540.0, 720.0, 0.0, 720.0, 180.0, 540.0, 1080.0, 0]
Due_dates: [1440, 1260.0, 1440.0, 180.0, 720.0, 900.0, 180.0, 900.0, 360.0, 720.0, 1260.0, 1440]
Monitor_t: [60.0, 2.02, 2.02, 0.68, 0.68, 0.68, 1.68, 1.68, 3.58, 3.58, 3.58, 0.0]
~~~~~~~~~~~~~~~~~~~ Comparing the results ~~~~~~~~~~~~~~~~~~~
***** lp_Variables: 2234
***** lp_Constraints: 3903
***** lp_objective: 1088.07
***** lp_Sol_time: 5.01
     Drone (1):
          7          | 10         | 1          | 3         
s_times   0.0        | 46.78      | 83.99      | 171.93    
c_times   33.69      | 50.36      | 143.99     | 173.95    
travels   13.09      | 33.63      | 27.94      | 0.0       
charges   326.31     | 309.64     | 360.0      | 330.04    
~~~~~~~~~~~~~~~~~~~~~~~~~~~~~~~~~~~~~~~~~~
     Drone (2):
          4          | 1          | 6          | 2         
s_times   0.0        | 66.04      | 158.65     | 164.18    
c_times   33.29      | 126.04     | 159.33     | 166.2     
travels   32.75      | 32.61      | 4.85       | 0.0       
charges   326.71     | 360.0      | 326.71     | 319.84    
~~~~~~~~~~~~~~~~~~~~~~~~~~~~~~~~~~~~~~~~~~
     Drone (3):
          9          | 5          | 8          | 11        
s_times   0.0        | 42.46      | 46.29      | 61.06     
c_times   33.92      | 43.14      | 47.97      | 64.64     
travels   8.54       | 3.15       | 13.09      | 0.0       
charges   326.08     | 316.86     | 312.03     | 295.36    
~~~~~~~~~~~~~~~~~~~~~~~~~~~~~~~~~~~~~~~~~~
***** nlp_Variables: 182
***** nlp_Constraints: 91
***** nlp_objective: 1088.0700000000004
***** nlp_Sol_time: 9.68
     Drone (1):
          7          | 11         | 1          | 3         
s_times   0.0        | 46.78      | 83.99      | 171.93    
c_times   33.69      | 50.36      | 143.99     | 173.95    
travels   13.09      | 33.63      | 27.94      | 0.0       
charges   326.31     | 309.64     | 360.0      | 330.04    
~~~~~~~~~~~~~~~~~~~~~~~~~~~~~~~~~~~~~~~~~~
     Drone (2):
          4          | 10         | 5          | 8         
s_times   0.0        | 42.42      | 54.54      | 58.37     
c_times   33.29      | 46.0       | 55.22      | 60.05     
travels   9.13       | 8.54       | 3.15       | 0.0       
charges   326.71     | 314.0      | 304.78     | 299.95    
~~~~~~~~~~~~~~~~~~~~~~~~~~~~~~~~~~~~~~~~~~
     Drone (3):
          9          | 1          | 6          | 2         
s_times   0.0        | 67.55      | 160.16     | 165.69    
c_times   33.92      | 127.55     | 160.84     | 167.71    
travels   33.63      | 32.61      | 4.85       | 0.0       
charges   326.08     | 360.0      | 326.71     | 319.84    
~~~~~~~~~~~~~~~~~~~~~~~~~~~~~~~~~~~~~~~~~~
