~~~~~~~~~~~~~~~~~~~ [3, 'SB', 4, 360] ~~~~~~~~~~~~~~~~~~~
     seed: 2644560345017652925
 Families: [[1], [2, 3], [4, 5, 6], [7, 8], [9, 10, 11], [12]]
  i_times: [570.0, 210.0, 210.0, 210.0]
Fam slots: [[0, 4], [4, 6, 7], [5, 7], [4, 5, 7]]
Ear_dates: [0, 0.0, 720.0, 720.0, 1080.0, 1260.0, 900.0, 1260.0, 720.0, 900.0, 1260.0, 0]
Due_dates: [1440, 180.0, 900.0, 900.0, 1260.0, 1440.0, 1080.0, 1440.0, 900.0, 1080.0, 1440.0, 1440]
Monitor_t: [60.0, 2.02, 2.02, 0.68, 0.68, 0.68, 1.68, 1.68, 3.58, 3.58, 3.58, 0.0]
~~~~~~~~~~~~~~~~~~~ Comparing the results ~~~~~~~~~~~~~~~~~~~
***** lp_Variables: 2234
***** lp_Constraints: 3903
***** lp_objective: 1099.84
***** lp_Sol_time: 10.122
     Drone (1):
          4          | 1          | 3          | 11        
s_times   0.0        | 66.04      | 153.98     | 165.4     
c_times   33.29      | 126.04     | 156.0      | 168.98    
travels   32.75      | 27.94      | 9.4        | 0.0       
charges   326.71     | 360.0      | 330.04     | 317.06    
~~~~~~~~~~~~~~~~~~~~~~~~~~~~~~~~~~~~~~~~~~
     Drone (2):
          2          | 7          | 10         | 5         
s_times   0.0        | 32.79      | 47.56      | 59.68     
c_times   29.96      | 34.47      | 51.14      | 60.36     
travels   2.83       | 13.09      | 8.54       | 0.0       
charges   330.04     | 325.53     | 308.86     | 299.64    
~~~~~~~~~~~~~~~~~~~~~~~~~~~~~~~~~~~~~~~~~~
     Drone (3):
          9          | 1          | 6          | 8         
s_times   0.0        | 67.55      | 160.16     | 163.99    
c_times   33.92      | 127.55     | 160.84     | 165.67    
travels   33.63      | 32.61      | 3.15       | 0.0       
charges   326.08     | 360.0      | 326.71     | 321.88    
~~~~~~~~~~~~~~~~~~~~~~~~~~~~~~~~~~~~~~~~~~
***** nlp_Variables: 182
***** nlp_Constraints: 91
***** nlp_objective: 1099.84000000001
***** nlp_Sol_time: 11.02
     Drone (1):
          9          | 1          | 6          | 11        
s_times   0.0        | 67.55      | 160.16     | 169.97    
c_times   33.92      | 127.55     | 160.84     | 173.55    
travels   33.63      | 32.61      | 9.13       | 0.0       
charges   326.08     | 360.0      | 326.71     | 314.0     
~~~~~~~~~~~~~~~~~~~~~~~~~~~~~~~~~~~~~~~~~~
     Drone (2):
          7          | 10         | 5          | 3         
s_times   0.0        | 46.78      | 58.9       | 64.43     
c_times   33.69      | 50.36      | 59.58      | 66.45     
travels   13.09      | 8.54       | 4.85       | 0.0       
charges   326.31     | 309.64     | 300.42     | 293.55    
~~~~~~~~~~~~~~~~~~~~~~~~~~~~~~~~~~~~~~~~~~
     Drone (3):
          4          | 2          | 1          | 8         
s_times   0.0        | 38.14      | 70.09      | 162.1     
c_times   33.29      | 40.16      | 130.09     | 163.78    
travels   4.85       | 29.93      | 32.01      | 0.0       
charges   326.71     | 319.84     | 360.0      | 326.31    
~~~~~~~~~~~~~~~~~~~~~~~~~~~~~~~~~~~~~~~~~~
