~~~~~~~~~~~~~~~~~~~ [3, 'SB', 4, 360] ~~~~~~~~~~~~~~~~~~~
     seed: 7120351136942791930
 Families: [[1], [2, 3], [4, 5, 6], [7, 8], [9, 10, 11], [12]]
  i_times: [30.0, 210.0, 930.0, 210.0]
Fam slots: [[0, 1], [3, 5, 7], [0, 6], [2, 3, 5]]
Ear_dates: [0, 0.0, 180.0, 540.0, 900.0, 1260.0, 0.0, 1080.0, 360.0, 540.0, 900.0, 0]
Due_dates: [1440, 180.0, 360.0, 720.0, 1080.0, 1440.0, 180.0, 1260.0, 540.0, 720.0, 1080.0, 1440]
Monitor_t: [60.0, 2.02, 2.02, 0.68, 0.68, 0.68, 1.68, 1.68, 3.58, 3.58, 3.58, 0.0]
~~~~~~~~~~~~~~~~~~~ Comparing the results ~~~~~~~~~~~~~~~~~~~
***** lp_Variables: 2234
***** lp_Constraints: 3903
***** lp_objective: 1083.4
***** lp_Sol_time: 2.903
     Drone (1):
          9          | 3          | 11         | 5         
s_times   0.0        | 43.59      | 55.01      | 67.13     
c_times   33.92      | 45.61      | 58.59      | 67.81     
travels   9.67       | 9.4        | 8.54       | 0.0       
charges   326.08     | 314.39     | 301.41     | 292.19    
~~~~~~~~~~~~~~~~~~~~~~~~~~~~~~~~~~~~~~~~~~
     Drone (2):
          2          | 4          | 8          | 12        
s_times   0.0        | 32.67      | 36.5       | 43.54     
c_times   29.96      | 33.35      | 38.18      | 43.54     
travels   2.71       | 3.15       | 5.36       | 0.0       
charges   330.04     | 326.65     | 321.82     | 316.46    
~~~~~~~~~~~~~~~~~~~~~~~~~~~~~~~~~~~~~~~~~~
     Drone (3):
          7          | 10         | 1          | 6         
s_times   0.0        | 46.78      | 83.99      | 176.6     
c_times   33.69      | 50.36      | 143.99     | 177.28    
travels   13.09      | 33.63      | 32.61      | 0.0       
charges   326.31     | 309.64     | 360.0      | 326.71    
~~~~~~~~~~~~~~~~~~~~~~~~~~~~~~~~~~~~~~~~~~
***** nlp_Variables: 182
***** nlp_Constraints: 91
***** nlp_objective: 1083.4
***** nlp_Sol_time: 16.661
     Drone (1):
          7          | 11         | 1          | 6         
s_times   0.0        | 46.78      | 83.99      | 176.6     
c_times   33.69      | 50.36      | 143.99     | 177.28    
travels   13.09      | 33.63      | 32.61      | 0.0       
charges   326.31     | 309.64     | 360.0      | 326.71    
~~~~~~~~~~~~~~~~~~~~~~~~~~~~~~~~~~~~~~~~~~
     Drone (2):
          4          | 10         | 1          | 8         
s_times   0.0        | 42.42      | 79.63      | 171.64    
c_times   33.29      | 46.0       | 139.63     | 173.32    
travels   9.13       | 33.63      | 32.01      | 0.0       
charges   326.71     | 314.0      | 360.0      | 326.31    
~~~~~~~~~~~~~~~~~~~~~~~~~~~~~~~~~~~~~~~~~~
     Drone (3):
          9          | 2          | 5          | 3         
s_times   0.0        | 43.59      | 48.32      | 53.85     
c_times   33.92      | 45.61      | 49.0       | 55.87     
travels   9.67       | 2.71       | 4.85       | 0.0       
charges   326.08     | 314.39     | 311.0      | 304.13    
~~~~~~~~~~~~~~~~~~~~~~~~~~~~~~~~~~~~~~~~~~
