~~~~~~~~~~~~~~~~~~~ [3, 'SB', 4, 360] ~~~~~~~~~~~~~~~~~~~
     seed: 1740403218699232760
 Families: [[1], [2, 3], [4, 5, 6], [7, 8], [9, 10, 11], [12]]
  i_times: [210.0, 750.0, 30.0, 390.0]
Fam slots: [[2, 4], [1, 6, 7], [4, 5], [2, 5, 6]]
Ear_dates: [0, 360.0, 720.0, 180.0, 1080.0, 1260.0, 720.0, 900.0, 360.0, 900.0, 1080.0, 0]
Due_dates: [1440, 540.0, 900.0, 360.0, 1260.0, 1440.0, 900.0, 1080.0, 540.0, 1080.0, 1260.0, 1440]
Monitor_t: [60.0, 2.02, 2.02, 0.68, 0.68, 0.68, 1.68, 1.68, 3.58, 3.58, 3.58, 0.0]
~~~~~~~~~~~~~~~~~~~ Comparing the results ~~~~~~~~~~~~~~~~~~~
***** lp_Variables: 2234
***** lp_Constraints: 3903
***** lp_objective: 1083.4
***** lp_Sol_time: 19.362
     Drone (1):
          7          | 10         | 1          | 6         
s_times   0.0        | 46.78      | 83.99      | 176.6     
c_times   33.69      | 50.36      | 143.99     | 177.28    
travels   13.09      | 33.63      | 32.61      | 0.0       
charges   326.31     | 309.64     | 360.0      | 326.71    
~~~~~~~~~~~~~~~~~~~~~~~~~~~~~~~~~~~~~~~~~~
     Drone (2):
          4          | 3          | 12         | 5         
s_times   0.0        | 38.14      | 42.26      | 44.44     
c_times   33.29      | 40.16      | 42.26      | 45.12     
travels   4.85       | 2.1        | 2.18       | 0.0       
charges   326.71     | 319.84     | 317.74     | 314.88    
~~~~~~~~~~~~~~~~~~~~~~~~~~~~~~~~~~~~~~~~~~
     Drone (3):
          2          | 9          | 8          | 11        
s_times   0.0        | 39.36      | 53.87      | 68.64     
c_times   29.96      | 42.94      | 55.55      | 72.22     
travels   9.4        | 10.93      | 13.09      | 0.0       
charges   330.04     | 317.06     | 304.45     | 287.78    
~~~~~~~~~~~~~~~~~~~~~~~~~~~~~~~~~~~~~~~~~~
***** nlp_Variables: 182
***** nlp_Constraints: 91
***** nlp_objective: 1083.4
***** nlp_Sol_time: 6.424
     Drone (1):
          2          | 1          | 5          | 11        
s_times   0.0        | 59.89      | 152.5      | 162.31    
c_times   29.96      | 119.89     | 153.18     | 165.89    
travels   29.93      | 32.61      | 9.13       | 0.0       
charges   330.04     | 360.0      | 326.71     | 314.0     
~~~~~~~~~~~~~~~~~~~~~~~~~~~~~~~~~~~~~~~~~~
     Drone (2):
          7          | 10         | 1          | 6         
s_times   0.0        | 46.78      | 83.99      | 176.6     
c_times   33.69      | 50.36      | 143.99     | 177.28    
travels   13.09      | 33.63      | 32.61      | 0.0       
charges   326.31     | 309.64     | 360.0      | 326.71    
~~~~~~~~~~~~~~~~~~~~~~~~~~~~~~~~~~~~~~~~~~
     Drone (3):
          9          | 3          | 4          | 8         
s_times   0.0        | 43.59      | 48.32      | 52.15     
c_times   33.92      | 45.61      | 49.0       | 53.83     
travels   9.67       | 2.71       | 3.15       | 0.0       
charges   326.08     | 314.39     | 311.0      | 306.17    
~~~~~~~~~~~~~~~~~~~~~~~~~~~~~~~~~~~~~~~~~~
