~~~~~~~~~~~~~~~~~~~ [3, 'SB', 4, 360] ~~~~~~~~~~~~~~~~~~~
     seed: 4679190099991080374
 Families: [[1], [2, 3], [4, 5, 6], [7, 8], [9, 10, 11], [12]]
  i_times: [30.0, 570.0, 30.0, 750.0]
Fam slots: [[5, 6], [1, 5, 7], [0, 1], [1, 2, 7]]
Ear_dates: [0, 900.0, 1080.0, 180.0, 900.0, 1260.0, 0.0, 180.0, 180.0, 360.0, 1260.0, 0]
Due_dates: [1440, 1080.0, 1260.0, 360.0, 1080.0, 1440.0, 180.0, 360.0, 360.0, 540.0, 1440.0, 1440]
Monitor_t: [60.0, 2.02, 2.02, 0.68, 0.68, 0.68, 1.68, 1.68, 3.58, 3.58, 3.58, 0.0]
~~~~~~~~~~~~~~~~~~~ Comparing the results ~~~~~~~~~~~~~~~~~~~
***** lp_Variables: 2234
***** lp_Constraints: 3903
***** lp_objective: 1089.3599999999963
***** lp_Sol_time: 13.773
     Drone (1):
          9          | 8          | 1          | 6         
s_times   0.0        | 44.85      | 78.03      | 170.64    
c_times   33.92      | 46.53      | 138.03     | 171.32    
travels   10.93      | 31.5       | 32.61      | 0.0       
charges   326.08     | 313.47     | 360.0      | 326.71    
~~~~~~~~~~~~~~~~~~~~~~~~~~~~~~~~~~~~~~~~~~
     Drone (2):
          2          | 4          | 3          | 5         
s_times   0.0        | 32.67      | 38.2       | 42.93     
c_times   29.96      | 33.35      | 40.22      | 43.61     
travels   2.71       | 4.85       | 2.71       | 0.0       
charges   330.04     | 326.65     | 319.78     | 316.39    
~~~~~~~~~~~~~~~~~~~~~~~~~~~~~~~~~~~~~~~~~~
     Drone (3):
          7          | 10         | 1          | 11        
s_times   0.0        | 46.78      | 83.99      | 174.33    
c_times   33.69      | 50.36      | 143.99     | 177.91    
travels   13.09      | 33.63      | 30.34      | 0.0       
charges   326.31     | 309.64     | 360.0      | 326.08    
~~~~~~~~~~~~~~~~~~~~~~~~~~~~~~~~~~~~~~~~~~
***** nlp_Variables: 182
***** nlp_Constraints: 91
***** nlp_objective: 1089.359999999998
***** nlp_Sol_time: 28.294
     Drone (1):
          7          | 10         | 1          | 11        
s_times   0.0        | 46.78      | 83.99      | 174.33    
c_times   33.69      | 50.36      | 143.99     | 177.91    
travels   13.09      | 33.63      | 30.34      | 0.0       
charges   326.31     | 309.64     | 360.0      | 326.08    
~~~~~~~~~~~~~~~~~~~~~~~~~~~~~~~~~~~~~~~~~~
     Drone (2):
          2          | 4          | 3          | 5         
s_times   0.0        | 32.67      | 38.2       | 42.93     
c_times   29.96      | 33.35      | 40.22      | 43.61     
travels   2.71       | 4.85       | 2.71       | 0.0       
charges   330.04     | 326.65     | 319.78     | 316.39    
~~~~~~~~~~~~~~~~~~~~~~~~~~~~~~~~~~~~~~~~~~
     Drone (3):
          9          | 8          | 1          | 6         
s_times   0.0        | 44.85      | 78.03      | 170.64    
c_times   33.92      | 46.53      | 138.03     | 171.32    
travels   10.93      | 31.5       | 32.61      | 0.0       
charges   326.08     | 313.47     | 360.0      | 326.71    
~~~~~~~~~~~~~~~~~~~~~~~~~~~~~~~~~~~~~~~~~~
