~~~~~~~~~~~~~~~~~~~ [3, 'SB', 4, 360] ~~~~~~~~~~~~~~~~~~~
     seed: 4504225297096459598
 Families: [[1], [2, 3], [4, 5, 6], [7, 8], [9, 10, 11], [12]]
  i_times: [30.0, 30.0, 390.0, 390.0]
Fam slots: [[1, 2], [0, 1, 2], [3, 6], [2, 5, 7]]
Ear_dates: [0, 180.0, 360.0, 0.0, 180.0, 360.0, 540.0, 1080.0, 360.0, 900.0, 1260.0, 0]
Due_dates: [1440, 360.0, 540.0, 180.0, 360.0, 540.0, 720.0, 1260.0, 540.0, 1080.0, 1440.0, 1440]
Monitor_t: [60.0, 2.02, 2.02, 0.68, 0.68, 0.68, 1.68, 1.68, 3.58, 3.58, 3.58, 0.0]
~~~~~~~~~~~~~~~~~~~ Comparing the results ~~~~~~~~~~~~~~~~~~~
***** lp_Variables: 2234
***** lp_Constraints: 3903
***** lp_objective: 1085.6699999999998
***** lp_Sol_time: 4.232
     Drone (1):
          7          | 10         | 1          | 11        
s_times   0.0        | 46.78      | 83.99      | 174.33    
c_times   33.69      | 50.36      | 143.99     | 177.91    
travels   13.09      | 33.63      | 30.34      | 0.0       
charges   326.31     | 309.64     | 360.0      | 326.08    
~~~~~~~~~~~~~~~~~~~~~~~~~~~~~~~~~~~~~~~~~~
     Drone (2):
          4          | 8          | 2          | 5         
s_times   0.0        | 36.44      | 43.26      | 47.99     
c_times   33.29      | 38.12      | 45.28      | 48.67     
travels   3.15       | 5.14       | 2.71       | 0.0       
charges   326.71     | 321.88     | 314.72     | 311.33    
~~~~~~~~~~~~~~~~~~~~~~~~~~~~~~~~~~~~~~~~~~
     Drone (3):
          12         | 9          | 3          | 6         
s_times   0.0        | 38.82      | 52.07      | 56.8      
c_times   31.02      | 42.4       | 54.09      | 57.48     
travels   7.8        | 9.67       | 2.71       | 0.0       
charges   328.98     | 317.6      | 305.91     | 302.52    
~~~~~~~~~~~~~~~~~~~~~~~~~~~~~~~~~~~~~~~~~~
***** nlp_Variables: 182
***** nlp_Constraints: 91
***** nlp_objective: 1085.6699999999958
***** nlp_Sol_time: 12.899
     Drone (1):
          9          | 1          | 8          | 11        
s_times   0.0        | 67.55      | 159.56     | 174.33    
c_times   33.92      | 127.55     | 161.24     | 177.91    
travels   33.63      | 32.01      | 13.09      | 0.0       
charges   326.08     | 360.0      | 326.31     | 309.64    
~~~~~~~~~~~~~~~~~~~~~~~~~~~~~~~~~~~~~~~~~~
     Drone (2):
          12         | 4          | 2          | 6         
s_times   0.0        | 33.2       | 38.73      | 43.46     
c_times   31.02      | 33.88      | 40.75      | 44.14     
travels   2.18       | 4.85       | 2.71       | 0.0       
charges   328.98     | 326.12     | 319.25     | 315.86    
~~~~~~~~~~~~~~~~~~~~~~~~~~~~~~~~~~~~~~~~~~
     Drone (3):
          7          | 5          | 10         | 3         
s_times   0.0        | 37.83      | 47.64      | 60.89     
c_times   33.69      | 38.51      | 51.22      | 62.91     
travels   4.14       | 9.13       | 9.67       | 0.0       
charges   326.31     | 321.49     | 308.78     | 297.09    
~~~~~~~~~~~~~~~~~~~~~~~~~~~~~~~~~~~~~~~~~~
