~~~~~~~~~~~~~~~~~~~ [2, 'SB', 6, 720, 45] ~~~~~~~~~~~~~~~~~~~
 Families: [[1], [2, 3], [4, 5, 6], [7, 8], [9, 10, 11], [12]]
Due_dates: [1440, 720.0, 1440.0, 480.0, 960.0, 1440.0, 720.0, 1440.0, 480.0, 960.0, 1440.0, 1440]
Ear_dates: [0, 0.0, 0.0, 0.0, 0.0, 0.0, 0.0, 0.0, 0.0, 0.0, 0.0, 0]
Monitor_t: [60.0, 1.01, 1.01, 0.34, 0.34, 0.34, 0.84, 0.84, 1.79, 1.79, 1.79, 0.0]
~~~~~~~~~~~~~~~~~~~ Comparing the results ~~~~~~~~~~~~~~~~~~~
***** lp_objective: 0.0
***** lp_Sol_time: 1.472
     Drone (1):
          4          | 7          | 3          | 5          | 8          | 11        
s_times   0.0        | 18.2219    | 21.6304    | 23.9994    | 25.9113    | 33.2998   
c_times   16.6519    | 19.0604    | 22.6394    | 24.3413    | 26.7498    | 35.0912   
charges   703.3481   | 700.9396   | 697.3606   | 695.6587   | 693.2502   | 684.9088  
~~~~~~~~~~~~~~~~~~~~~~~~~~~~~~~~~~~~~~~~~~
     Drone (2):
          2          | 9          | 6          | 10         | 1          | 1         
s_times   0.0        | 19.6791    | 25.7405    | 30.6524    | 49.2638    | 109.2638  
c_times   14.9791    | 21.4705    | 26.0824    | 32.4438    | 109.2638   | 169.2638  
charges   705.0209   | 698.5295   | 693.9176   | 687.5562   | 720.0      | 720.0     
~~~~~~~~~~~~~~~~~~~~~~~~~~~~~~~~~~~~~~~~~~
***** nlp_objective: 0.0
***** nlp_Sol_time: 7.196
     Drone (1):
          2          | 7          | 10         | 5          | 8          | 1         
s_times   0.0        | 16.3891    | 23.7775    | 29.839     | 31.7508    | 48.3393   
c_times   14.9791    | 17.2275    | 25.569     | 30.1808    | 32.5893    | 108.3393  
charges   705.0209   | 702.7725   | 694.431    | 689.8192   | 687.4107   | 720.0     
~~~~~~~~~~~~~~~~~~~~~~~~~~~~~~~~~~~~~~~~~~
     Drone (2):
          9          | 4          | 11         | 3          | 6          | 1         
s_times   0.0        | 21.2314    | 26.1433    | 32.7747    | 35.1438    | 51.8657   
c_times   16.9614    | 21.5733    | 27.9347    | 33.7838    | 35.4857    | 111.8657  
charges   703.0386   | 698.4267   | 692.0653   | 686.2162   | 684.5143   | 720.0     
~~~~~~~~~~~~~~~~~~~~~~~~~~~~~~~~~~~~~~~~~~
