~~~~~~~~~~~~~~~~~~~ [4, 'SB_RS', 6, 720, 120] ~~~~~~~~~~~~~~~~~~~
 Families: [[1], [2, 3], [4, 5, 6], [7, 8], [9, 10, 11], [12, 13, 14], [15, 16], [17, 18], [19, 20], [21], [22]]
Due_dates: [1440, 720.0, 1440.0, 480.0, 960.0, 1440.0, 720.0, 1440.0, 480.0, 960.0, 1440.0, 480.0, 960.0, 1440.0, 720.0, 1440.0, 720.0, 1440.0, 720.0, 1440.0, 1440, 1440]
Ear_dates: [0, 0.0, 0.0, 0.0, 0.0, 0.0, 0.0, 0.0, 0.0, 0.0, 0.0, 0.0, 0.0, 0.0, 0.0, 0.0, 0.0, 0.0, 0.0, 0.0, 0, 0]
Monitor_t: [60.0, 1.01, 1.01, 0.34, 0.34, 0.34, 0.84, 0.84, 1.79, 1.79, 1.79, 1.47, 1.47, 1.47, 0.52, 0.52, 0.83, 0.83, 0.7, 0.7, 0.0, 0.0]
~~~~~~~~~~~~~~~~~~~ Comparing the results ~~~~~~~~~~~~~~~~~~~
***** lp_objective: 0.0
***** lp_Sol_time: 5.453
     Drone (1):
          0          | 2          | 13         | 3          | 11         | 1         
s_times   0.0        | 0.0        | 19.0291    | 40.8014    | 46.5105    | 65.1219   
c_times   0.0        | 1.0091     | 20.5014    | 41.8105    | 48.3019    | 125.1219  
charges   720.0      | 718.9909   | 699.4986   | 678.1895   | 671.6981   | 720.0     
~~~~~~~~~~~~~~~~~~~~~~~~~~~~~~~~~~~~~~~~~~
     Drone (2):
          0          | 12         | 10         | 1          | 16         | 8         
s_times   0.0        | 0.0        | 24.2623    | 42.8738    | 124.6838   | 132.2199  
c_times   0.0        | 1.4723     | 26.0538    | 102.8738   | 125.1999   | 133.0584  
charges   720.0      | 718.5277   | 693.9462   | 720.0      | 697.6738   | 689.8153  
~~~~~~~~~~~~~~~~~~~~~~~~~~~~~~~~~~~~~~~~~~
     Drone (3):
          0          | 9          | 14         | 7          | 5          | 20        
s_times   0.0        | 0.0        | 21.9814    | 41.4438    | 44.3522    | 57.1641   
c_times   0.0        | 1.7914     | 23.4538    | 42.2822    | 44.6941    | 57.8661   
charges   720.0      | 718.2086   | 696.5462   | 677.7178   | 675.3059   | 662.1339  
~~~~~~~~~~~~~~~~~~~~~~~~~~~~~~~~~~~~~~~~~~
     Drone (4):
          17         | 4          | 15         | 19         | 18         | 6         
s_times   0.0        | 29.5485    | 37.1104    | 45.8266    | 53.6986    | 68.3671   
c_times   15.7085    | 29.8904    | 37.6266    | 46.5286    | 54.5271    | 68.709    
charges   704.2915   | 690.1096   | 682.3734   | 673.4714   | 665.4729   | 651.291   
~~~~~~~~~~~~~~~~~~~~~~~~~~~~~~~~~~~~~~~~~~
***** nlp_objective: 0.0
***** nlp_Sol_time: 15.64
     Drone (1):
          7          | 18         | 14         | 6          | 20         | 1         
s_times   0.0        | 28.2485    | 49.697     | 69.5894    | 82.4012    | 103.6432  
c_times   16.8385    | 29.077     | 51.1694    | 69.9312    | 83.1032    | 163.6432  
charges   703.1615   | 690.923    | 668.8306   | 650.0688   | 636.8968   | 720.0     
~~~~~~~~~~~~~~~~~~~~~~~~~~~~~~~~~~~~~~~~~~
     Drone (2):
          0          | 19         | 10         | 1          | 3          | 16        
s_times   0.0        | 0.0        | 17.4819    | 36.0934    | 110.0634   | 118.9824  
c_times   0.0        | 0.7019     | 19.2734    | 96.0934    | 111.0724   | 119.4986  
charges   720.0      | 719.2981   | 700.7266   | 720.0      | 705.0209   | 696.5948  
~~~~~~~~~~~~~~~~~~~~~~~~~~~~~~~~~~~~~~~~~~
     Drone (3):
          0          | 0          | 12         | 17         | 15         | 8         
s_times   0.0        | 0.0        | 0.0        | 22.6923    | 37.7309    | 45.2671   
c_times   0.0        | 0.0        | 1.4723     | 23.5209    | 38.2471    | 46.1055   
charges   720.0      | 720.0      | 718.5277   | 696.4791   | 681.7529   | 673.8945  
~~~~~~~~~~~~~~~~~~~~~~~~~~~~~~~~~~~~~~~~~~
     Drone (4):
          9          | 4          | 11         | 13         | 5          | 2         
s_times   0.0        | 21.2314    | 26.1433    | 48.1247    | 68.0171    | 70.779    
c_times   16.9614    | 21.5733    | 27.9347    | 49.5971    | 68.359     | 71.788    
charges   703.0386   | 698.4267   | 692.0653   | 670.4029   | 651.641    | 648.212   
~~~~~~~~~~~~~~~~~~~~~~~~~~~~~~~~~~~~~~~~~~
