~~~~~~~~~~~~~~~~~~~ [3, 'SB', 5, 120] ~~~~~~~~~~~~~~~~~~~
     seed: 357502825131950483
 Families: [[1], [2, 3], [4, 5, 6], [7, 8], [9, 10, 11], [12]]
  i_times: [570.0, 750.0, 30.0, 390.0]
Fam slots: [[3, 7], [0, 5, 7], [0, 1], [3, 4, 7]]
Ear_dates: [0, 540.0, 1260.0, 0.0, 900.0, 1260.0, 0.0, 180.0, 540.0, 720.0, 1260.0, 0]
Due_dates: [1440, 720.0, 1440.0, 180.0, 1080.0, 1440.0, 180.0, 360.0, 720.0, 900.0, 1440.0, 1440]
Monitor_t: [60.0, 2.02, 2.02, 0.68, 0.68, 0.68, 1.68, 1.68, 3.58, 3.58, 3.58, 0.0]
~~~~~~~~~~~~~~~~~~~ Comparing the results ~~~~~~~~~~~~~~~~~~~
***** lp_Variables: 2807
***** lp_Constraints: 5104
***** lp_objective: 116.3099999882385
***** lp_Sol_time: 8.026
     Drone (1):
          7          | 4          | 12         | 9          | 2         
s_times   0.0        | 37.83      | 40.43      | 558.42     | 571.67    
c_times   33.69      | 38.51      | 550.62     | 562.0      | 573.69    
travels   4.14       | 1.92       | 7.8        | 9.67       | 0.0       
charges   86.31      | 81.49      | 79.57      | 68.19      | 56.5      
~~~~~~~~~~~~~~~~~~~~~~~~~~~~~~~~~~~~~~~~~~
     Drone (2):
          12         | 8          | 12         | 6          | 11        
s_times   0.0        | 63.69      | 70.73      | 1143.69    | 1153.5    
c_times   59.76      | 65.37      | 1141.51    | 1144.37    | 1157.08   
travels   3.93       | 5.36       | 2.18       | 9.13       | 0.0       
charges   120.0      | 114.39     | 109.03     | 106.17     | 93.46     
~~~~~~~~~~~~~~~~~~~~~~~~~~~~~~~~~~~~~~~~~~
     Drone (3):
          12         | 10         | 5          | 12         | 3         
s_times   0.0        | 776.39     | 788.51     | 791.11     | 1143.69   
c_times   768.59     | 779.97     | 789.19     | 1140.33    | 1145.71   
travels   7.8        | 8.54       | 1.92       | 3.36       | 0.0       
charges   120.0      | 108.62     | 99.4       | 97.48      | 92.1      
~~~~~~~~~~~~~~~~~~~~~~~~~~~~~~~~~~~~~~~~~~
***** nlp_Variables: 407
***** nlp_Constraints: 109
***** nlp_objective: 116.30999998824456
***** nlp_Sol_time: 31.529
     Drone (1):
          7          | 4          | 12         | 5          | 10        
s_times   0.0        | 37.83      | 40.43      | 783.69     | 793.5     
c_times   33.69      | 38.51      | 781.51     | 784.37     | 797.08    
travels   4.14       | 1.92       | 2.18       | 9.13       | 0.0       
charges   86.31      | 81.49      | 79.57      | 76.71      | 64.0      
~~~~~~~~~~~~~~~~~~~~~~~~~~~~~~~~~~~~~~~~~~
     Drone (2):
          12         | 8          | 12         | 3          | 11        
s_times   0.0        | 63.69      | 70.73      | 1143.69    | 1155.11   
c_times   59.76      | 65.37      | 1140.33    | 1145.71    | 1158.69   
travels   3.93       | 5.36       | 3.36       | 9.4        | 0.0       
charges   120.0      | 114.39     | 109.03     | 103.65     | 90.67     
~~~~~~~~~~~~~~~~~~~~~~~~~~~~~~~~~~~~~~~~~~
     Drone (3):
          12         | 2          | 9          | 12         | 6         
s_times   0.0        | 700.18     | 711.6      | 722.44     | 1143.69   
c_times   696.82     | 702.2      | 715.18     | 1141.51    | 1144.37   
travels   3.36       | 9.4        | 7.26       | 2.18       | 0.0       
charges   120.0      | 114.62     | 101.64     | 94.38      | 91.52     
~~~~~~~~~~~~~~~~~~~~~~~~~~~~~~~~~~~~~~~~~~
