~~~~~~~~~~~~~~~~~~~ [3, 'SB', 5, 120] ~~~~~~~~~~~~~~~~~~~
     seed: 2884381423403850501
 Families: [[1], [2, 3], [4, 5, 6], [7, 8], [9, 10, 11], [12]]
  i_times: [30.0, 210.0, 210.0, 210.0]
Fam slots: [[2, 3], [0, 2, 4], [4, 6], [2, 3, 5]]
Ear_dates: [0, 360.0, 540.0, 0.0, 360.0, 720.0, 720.0, 1080.0, 360.0, 540.0, 900.0, 0]
Due_dates: [1440, 540.0, 720.0, 180.0, 540.0, 900.0, 900.0, 1260.0, 540.0, 720.0, 1080.0, 1440]
Monitor_t: [60.0, 2.02, 2.02, 0.68, 0.68, 0.68, 1.68, 1.68, 3.58, 3.58, 3.58, 0.0]
~~~~~~~~~~~~~~~~~~~ Comparing the results ~~~~~~~~~~~~~~~~~~~
***** lp_Variables: 2807
***** lp_Constraints: 5104
***** lp_objective: 119.80000000000001
***** lp_Sol_time: 22.288
     Drone (1):
          12         | 6          | 10         | 12         | 8         
s_times   0.0        | 676.61     | 686.42     | 697.26     | 1036.13   
c_times   674.43     | 677.29     | 690.0      | 1032.2     | 1037.81   
travels   2.18       | 9.13       | 7.26       | 3.93       | 0.0       
charges   120.0      | 117.14     | 104.43     | 97.17      | 91.56     
~~~~~~~~~~~~~~~~~~~~~~~~~~~~~~~~~~~~~~~~~~
     Drone (2):
          12         | 4          | 12         | 7          | 11        
s_times   0.0        | 255.25     | 257.85     | 885.23     | 900.0     
c_times   253.07     | 255.93     | 881.3      | 886.91     | 903.58    
travels   2.18       | 1.92       | 3.93       | 13.09      | 0.0       
charges   120.0      | 117.14     | 115.22     | 109.61     | 92.94     
~~~~~~~~~~~~~~~~~~~~~~~~~~~~~~~~~~~~~~~~~~
     Drone (3):
          12         | 5          | 2          | 9          | 3         
s_times   0.0        | 465.93     | 471.46     | 482.88     | 496.13    
c_times   463.75     | 466.61     | 473.48     | 486.46     | 498.15    
travels   2.18       | 4.85       | 9.4        | 9.67       | 0.0       
charges   120.0      | 117.14     | 110.27     | 97.29      | 85.6      
~~~~~~~~~~~~~~~~~~~~~~~~~~~~~~~~~~~~~~~~~~
***** nlp_Variables: 407
***** nlp_Constraints: 109
***** nlp_objective: 119.79999998791939
***** nlp_Sol_time: 31.744
     Drone (1):
          12         | 5          | 2          | 9          | 3         
s_times   0.0        | 390.0      | 395.53     | 406.95     | 420.2     
c_times   387.82     | 390.68     | 397.55     | 410.53     | 422.22    
travels   2.18       | 4.85       | 9.4        | 9.67       | 0.0       
charges   120.0      | 117.14     | 110.27     | 97.29      | 85.6      
~~~~~~~~~~~~~~~~~~~~~~~~~~~~~~~~~~~~~~~~~~
     Drone (2):
          12         | 4          | 12         | 10         | 6         
s_times   0.0        | 179.32     | 181.92     | 588.08     | 600.2     
c_times   177.14     | 180.0      | 580.28     | 591.66     | 600.88    
travels   2.18       | 1.92       | 7.8        | 8.54       | 0.0       
charges   120.0      | 117.14     | 115.22     | 103.84     | 94.62     
~~~~~~~~~~~~~~~~~~~~~~~~~~~~~~~~~~~~~~~~~~
     Drone (3):
          12         | 7          | 11         | 12         | 8         
s_times   0.0        | 765.43     | 780.2      | 791.04     | 960.2     
c_times   761.5      | 767.11     | 783.78     | 956.27     | 961.88    
travels   3.93       | 13.09      | 7.26       | 3.93       | 0.0       
charges   120.0      | 114.39     | 97.72      | 90.46      | 84.85     
~~~~~~~~~~~~~~~~~~~~~~~~~~~~~~~~~~~~~~~~~~
