~~~~~~~~~~~~~~~~~~~ [3, 'SB', 5, 120] ~~~~~~~~~~~~~~~~~~~
     seed: 1759768545480032093
 Families: [[1], [2, 3], [4, 5, 6], [7, 8], [9, 10, 11], [12]]
  i_times: [570.0, 930.0, 210.0, 570.0]
Fam slots: [[3, 7], [0, 1, 7], [2, 4], [2, 3, 7]]
Ear_dates: [0, 540.0, 1260.0, 0.0, 180.0, 1260.0, 360.0, 720.0, 360.0, 540.0, 1260.0, 0]
Due_dates: [1440, 720.0, 1440.0, 180.0, 360.0, 1440.0, 540.0, 900.0, 540.0, 720.0, 1440.0, 1440]
Monitor_t: [60.0, 2.02, 2.02, 0.68, 0.68, 0.68, 1.68, 1.68, 3.58, 3.58, 3.58, 0.0]
~~~~~~~~~~~~~~~~~~~ Comparing the results ~~~~~~~~~~~~~~~~~~~
***** lp_Variables: 2807
***** lp_Constraints: 5104
***** lp_objective: 0.0
***** lp_Sol_time: 1.35
     Drone (1):
          12         | 1          | 10         | 2          | 8         
s_times   0.0        | 611.56     | 701.9      | 715.15     | 720.0     
c_times   580.54     | 671.56     | 705.48     | 717.17     | 721.68    
travels   31.02      | 30.34      | 9.67       | 2.83       | 0.0       
charges   120.0      | 120.0      | 86.08      | 74.39      | 69.88     
~~~~~~~~~~~~~~~~~~~~~~~~~~~~~~~~~~~~~~~~~~
     Drone (2):
          12         | 5          | 12         | 9          | 7         
s_times   0.0        | 359.32     | 361.92     | 493.81     | 508.32    
c_times   357.14     | 360.0      | 486.01     | 497.39     | 510.0     
travels   2.18       | 1.92       | 7.8        | 10.93      | 0.0       
charges   120.0      | 117.14     | 115.22     | 103.84     | 91.23     
~~~~~~~~~~~~~~~~~~~~~~~~~~~~~~~~~~~~~~~~~~
     Drone (3):
          4          | 12         | 6          | 11         | 3         
s_times   0.0        | 35.21      | 1260.0     | 1269.81    | 1283.06   
c_times   33.29      | 1257.82    | 1260.68    | 1273.39    | 1285.08   
travels   1.92       | 2.18       | 9.13       | 9.67       | 0.0       
charges   86.71      | 84.79      | 81.93      | 69.22      | 57.53     
~~~~~~~~~~~~~~~~~~~~~~~~~~~~~~~~~~~~~~~~~~
***** nlp_Variables: 407
***** nlp_Constraints: 109
***** nlp_objective: 0.0
***** nlp_Sol_time: 2.328
     Drone (1):
          12         | 3          | 12         | 11         | 6         
s_times   0.0        | 1260.0     | 1264.12    | 1271.92    | 1284.04   
c_times   1256.64    | 1262.02    | 1264.12    | 1275.5     | 1284.72   
travels   3.36       | 2.1        | 7.8        | 8.54       | 0.0       
charges   120.0      | 114.62     | 112.52     | 101.14     | 91.92     
~~~~~~~~~~~~~~~~~~~~~~~~~~~~~~~~~~~~~~~~~~
     Drone (2):
          4          | 12         | 10         | 2          | 8         
s_times   0.0        | 35.21      | 701.9      | 715.15     | 720.0     
c_times   33.29      | 694.1      | 705.48     | 717.17     | 721.68    
travels   1.92       | 7.8        | 9.67       | 2.83       | 0.0       
charges   86.71      | 84.79      | 73.41      | 61.72      | 57.21     
~~~~~~~~~~~~~~~~~~~~~~~~~~~~~~~~~~~~~~~~~~
     Drone (3):
          12         | 5          | 12         | 9          | 7         
s_times   0.0        | 353.36     | 355.96     | 493.81     | 508.32    
c_times   351.18     | 354.04     | 486.01     | 497.39     | 510.0     
travels   2.18       | 1.92       | 7.8        | 10.93      | 0.0       
charges   120.0      | 117.14     | 115.22     | 103.84     | 91.23     
~~~~~~~~~~~~~~~~~~~~~~~~~~~~~~~~~~~~~~~~~~
