~~~~~~~~~~~~~~~~~~~ [3, 'SB', 5, 120] ~~~~~~~~~~~~~~~~~~~
     seed: 4089393704267228783
 Families: [[1], [2, 3], [4, 5, 6], [7, 8], [9, 10, 11], [12]]
  i_times: [390.0, 390.0, 210.0, 570.0]
Fam slots: [[1, 4], [0, 1, 4], [3, 5], [2, 6, 7]]
Ear_dates: [0, 180.0, 720.0, 0.0, 180.0, 720.0, 540.0, 900.0, 360.0, 1080.0, 1260.0, 0]
Due_dates: [1440, 360.0, 900.0, 180.0, 360.0, 900.0, 720.0, 1080.0, 540.0, 1260.0, 1440.0, 1440]
Monitor_t: [60.0, 2.02, 2.02, 0.68, 0.68, 0.68, 1.68, 1.68, 3.58, 3.58, 3.58, 0.0]
~~~~~~~~~~~~~~~~~~~ Comparing the results ~~~~~~~~~~~~~~~~~~~
***** lp_Variables: 2807
***** lp_Constraints: 5104
***** lp_objective: 135.2299999999999
***** lp_Sol_time: 10.77
     Drone (1):
          12         | 9          | 12         | 8          | 10        
s_times   0.0        | 371.19     | 382.03     | 930.0      | 944.77    
c_times   363.39     | 374.77     | 926.07     | 931.68     | 948.35    
travels   7.8        | 7.26       | 3.93       | 13.09      | 0.0       
charges   120.0      | 108.62     | 101.36     | 95.75      | 79.08     
~~~~~~~~~~~~~~~~~~~~~~~~~~~~~~~~~~~~~~~~~~
     Drone (2):
          12         | 2          | 5          | 12         | 11        
s_times   0.0        | 334.46     | 339.19     | 341.79     | 1208.87   
c_times   331.1      | 336.48     | 339.87     | 1201.07    | 1212.45   
travels   3.36       | 2.71       | 1.92       | 7.8        | 0.0       
charges   120.0      | 114.62     | 111.23     | 109.31     | 97.93     
~~~~~~~~~~~~~~~~~~~~~~~~~~~~~~~~~~~~~~~~~~
     Drone (3):
          4          | 12         | 7          | 3          | 6         
s_times   0.0        | 35.21      | 718.32     | 725.14     | 729.87    
c_times   33.29      | 714.39     | 720.0      | 727.16     | 730.55    
travels   1.92       | 3.93       | 5.14       | 2.71       | 0.0       
charges   86.71      | 84.79      | 79.18      | 72.02      | 68.63     
~~~~~~~~~~~~~~~~~~~~~~~~~~~~~~~~~~~~~~~~~~
***** nlp_Variables: 407
***** nlp_Constraints: 109
***** nlp_objective: 135.22999999995022
***** nlp_Sol_time: 45.645
     Drone (1):
          12         | 9          | 12         | 8          | 10        
s_times   0.0        | 635.9      | 646.74     | 1029.48    | 1044.25   
c_times   628.1      | 639.48     | 1025.55    | 1031.16    | 1047.83   
travels   7.8        | 7.26       | 3.93       | 13.09      | 0.0       
charges   120.0      | 108.62     | 101.36     | 95.75      | 79.08     
~~~~~~~~~~~~~~~~~~~~~~~~~~~~~~~~~~~~~~~~~~
     Drone (2):
          12         | 5          | 2          | 12         | 11        
s_times   0.0        | 423.29     | 428.82     | 432.94     | 1224.25   
c_times   421.11     | 423.97     | 430.84     | 1216.45    | 1227.83   
travels   2.18       | 4.85       | 2.1        | 7.8        | 0.0       
charges   120.0      | 117.14     | 110.27     | 108.17     | 96.79     
~~~~~~~~~~~~~~~~~~~~~~~~~~~~~~~~~~~~~~~~~~
     Drone (3):
          4          | 12         | 3          | 6          | 7         
s_times   0.0        | 35.21      | 809.24     | 813.97     | 817.8     
c_times   33.29      | 805.88     | 811.26     | 814.65     | 819.48    
travels   1.92       | 3.36       | 2.71       | 3.15       | 0.0       
charges   86.71      | 84.79      | 79.41      | 76.02      | 71.19     
~~~~~~~~~~~~~~~~~~~~~~~~~~~~~~~~~~~~~~~~~~
