~~~~~~~~~~~~~~~~~~~ [3, 'SB', 5, 120] ~~~~~~~~~~~~~~~~~~~
     seed: 737316868699686335
 Families: [[1], [2, 3], [4, 5, 6], [7, 8], [9, 10, 11], [12]]
  i_times: [30.0, 570.0, 30.0, 390.0]
Fam slots: [[6, 7], [1, 5, 6], [2, 3], [2, 5, 7]]
Ear_dates: [0, 1080.0, 1260.0, 180.0, 900.0, 1080.0, 360.0, 540.0, 360.0, 900.0, 1260.0, 0]
Due_dates: [1440, 1260.0, 1440.0, 360.0, 1080.0, 1260.0, 540.0, 720.0, 540.0, 1080.0, 1440.0, 1440]
Monitor_t: [60.0, 2.02, 2.02, 0.68, 0.68, 0.68, 1.68, 1.68, 3.58, 3.58, 3.58, 0.0]
~~~~~~~~~~~~~~~~~~~ Comparing the results ~~~~~~~~~~~~~~~~~~~
***** lp_Variables: 2807
***** lp_Constraints: 5104
***** lp_objective: 0.0
***** lp_Sol_time: 1.879
     Drone (1):
          12         | 4          | 12         | 9          | 7         
s_times   0.0        | 329.32     | 331.92     | 516.23     | 530.74    
c_times   327.14     | 330.0      | 508.43     | 519.81     | 532.42    
travels   2.18       | 1.92       | 7.8        | 10.93      | 0.0       
charges   120.0      | 117.14     | 115.22     | 103.84     | 91.23     
~~~~~~~~~~~~~~~~~~~~~~~~~~~~~~~~~~~~~~~~~~
     Drone (2):
          12         | 8          | 12         | 5          | 10        
s_times   0.0        | 562.42     | 569.46     | 900.0      | 909.81    
c_times   558.49     | 564.1      | 897.82     | 900.68     | 913.39    
travels   3.93       | 5.36       | 2.18       | 9.13       | 0.0       
charges   120.0      | 114.39     | 109.03     | 106.17     | 93.46     
~~~~~~~~~~~~~~~~~~~~~~~~~~~~~~~~~~~~~~~~~~
     Drone (3):
          12         | 6          | 2          | 11         | 3         
s_times   0.0        | 1252.45    | 1257.98    | 1269.4     | 1282.65   
c_times   1250.27    | 1253.13    | 1260.0     | 1272.98    | 1284.67   
travels   2.18       | 4.85       | 9.4        | 9.67       | 0.0       
charges   120.0      | 117.14     | 110.27     | 97.29      | 85.6      
~~~~~~~~~~~~~~~~~~~~~~~~~~~~~~~~~~~~~~~~~~
***** nlp_Variables: 407
***** nlp_Constraints: 109
***** nlp_objective: 0.0
***** nlp_Sol_time: 5.043
     Drone (1):
          12         | 4          | 12         | 9          | 7         
s_times   0.0        | 341.44     | 344.04     | 506.42     | 520.93    
c_times   339.26     | 342.12     | 498.62     | 510.0      | 522.61    
travels   2.18       | 1.92       | 7.8        | 10.93      | 0.0       
charges   120.0      | 117.14     | 115.22     | 103.84     | 91.23     
~~~~~~~~~~~~~~~~~~~~~~~~~~~~~~~~~~~~~~~~~~
     Drone (2):
          12         | 6          | 2          | 11         | 3         
s_times   0.0        | 1252.45    | 1257.98    | 1269.4     | 1282.65   
c_times   1250.27    | 1253.13    | 1260.0     | 1272.98    | 1284.67   
travels   2.18       | 4.85       | 9.4        | 9.67       | 0.0       
charges   120.0      | 117.14     | 110.27     | 97.29      | 85.6      
~~~~~~~~~~~~~~~~~~~~~~~~~~~~~~~~~~~~~~~~~~
     Drone (3):
          12         | 8          | 12         | 10         | 5         
s_times   0.0        | 552.61     | 559.65     | 900.0      | 912.12    
c_times   548.68     | 554.29     | 892.2      | 903.58     | 912.8     
travels   3.93       | 5.36       | 7.8        | 8.54       | 0.0       
charges   120.0      | 114.39     | 109.03     | 97.65      | 88.43     
~~~~~~~~~~~~~~~~~~~~~~~~~~~~~~~~~~~~~~~~~~
