~~~~~~~~~~~~~~~~~~~ [2, 'SB', 6, 360, 45] ~~~~~~~~~~~~~~~~~~~
 Families: [[1], [2, 3], [4, 5, 6], [7, 8], [9, 10, 11], [12]]
Due_dates: [360, 180.0, 360.0, 120.0, 240.0, 360.0, 180.0, 360.0, 120.0, 240.0, 360.0, 360]
Ear_dates: [0, 18.0, 36.0, 12.0, 24.0, 36.0, 18.0, 36.0, 12.0, 24.0, 36.0, 0]
Monitor_t: [60.0, 1.44, 1.44, 0.49, 0.49, 0.49, 1.2, 1.2, 2.56, 2.56, 2.56, 0.0]
~~~~~~~~~~~~~~~~~~~ Comparing the results ~~~~~~~~~~~~~~~~~~~
***** lp_objective: 12.0
***** lp_Sol_time: 4.435
     Drone (1):
          9          | 5          | 2          | 11         | 8          | 3         
s_times   0.0        | 30.3289    | 34.2787    | 42.4313    | 52.7957    | 57.6643   
c_times   24.2271    | 30.8173    | 35.7202    | 44.9905    | 53.9935    | 59.1058   
charges   335.7729   | 329.1827   | 324.2798   | 315.0095   | 306.0065   | 300.8942  
~~~~~~~~~~~~~~~~~~~~~~~~~~~~~~~~~~~~~~~~~~
     Drone (2):
          4          | 10         | 7          | 6          | 1          | 1         
s_times   0.0        | 30.3061    | 40.6704    | 44.8235    | 68.7068    | 128.7068  
c_times   23.7831    | 32.8652    | 41.8682    | 45.3119    | 128.7068   | 188.7068  
charges   336.2169   | 327.1348   | 318.1318   | 314.6881   | 360.0      | 360.0     
~~~~~~~~~~~~~~~~~~~~~~~~~~~~~~~~~~~~~~~~~~
***** nlp_objective: 12.0
***** nlp_Sol_time: 11.764
     Drone (1):
          0          | 12         | 9          | 7          | 2          | 5         
s_times   0.0        | 0.0        | 5.5735     | 15.9378    | 20.8065    | 24.1854   
c_times   0.0        | 0.0        | 8.1327     | 17.1356    | 22.248     | 24.6738   
charges   360.0      | 360.0      | 351.8673   | 342.8644   | 337.752    | 335.3262  
~~~~~~~~~~~~~~~~~~~~~~~~~~~~~~~~~~~~~~~~~~
     Drone (2):
          4          | 3          | 10         | 8          | 6          | 11        
s_times   0.0        | 27.2444    | 35.3971    | 45.7615    | 49.9146    | 56.926    
c_times   23.7831    | 28.686     | 37.9563    | 46.9593    | 50.403     | 59.4852   
charges   336.2169   | 331.314    | 322.0437   | 313.0407   | 309.597    | 300.5148  
~~~~~~~~~~~~~~~~~~~~~~~~~~~~~~~~~~~~~~~~~~
