~~~~~~~~~~~~~~~~~~~ [4, 'SB_RS', 6, 360, 120] ~~~~~~~~~~~~~~~~~~~
 Families: [[1], [2, 3], [4, 5, 6], [7, 8], [9, 10, 11], [12, 13, 14], [15, 16], [17, 18], [19, 20], [21], [22]]
Due_dates: [360, 180.0, 360.0, 120.0, 240.0, 360.0, 180.0, 360.0, 120.0, 240.0, 360.0, 120.0, 240.0, 360.0, 180.0, 360.0, 180.0, 360.0, 180.0, 360.0, 360, 360]
Ear_dates: [0, 0.0, 0.0, 0.0, 0.0, 0.0, 0.0, 0.0, 0.0, 0.0, 0.0, 0.0, 0.0, 0.0, 0.0, 0.0, 0.0, 0.0, 0.0, 0.0, 0, 0]
Monitor_t: [60.0, 2.02, 2.02, 0.68, 0.68, 0.68, 1.68, 1.68, 3.58, 3.58, 3.58, 2.94, 2.94, 2.94, 1.03, 1.03, 1.66, 1.66, 1.4, 1.4, 0.0, 0.0]
~~~~~~~~~~~~~~~~~~~ Comparing the results ~~~~~~~~~~~~~~~~~~~
***** lp_objective: 0.0
***** lp_Sol_time: 2.794
     Drone (1):
          19         | 12         | 16         | 2          | 18         | 11        
s_times   0.0        | 68.9118    | 94.808     | 114.5021   | 141.7819   | 177.505   
c_times   43.5603    | 71.8565    | 95.8403    | 116.5202   | 143.439    | 181.0879  
charges   316.4397   | 288.1435   | 264.1597   | 243.4798   | 216.561    | 178.9121  
~~~~~~~~~~~~~~~~~~~~~~~~~~~~~~~~~~~~~~~~~~
     Drone (2):
          17         | 7          | 14         | 3          | 8          | 6         
s_times   0.0        | 56.7515    | 91.3125    | 134.8548   | 139.7021   | 145.5164  
c_times   31.4148    | 58.4284    | 94.2572    | 136.8729   | 141.379    | 146.2002  
charges   328.5852   | 301.5716   | 265.7428   | 223.1271   | 218.621    | 213.7998  
~~~~~~~~~~~~~~~~~~~~~~~~~~~~~~~~~~~~~~~~~~
     Drone (3):
          0          | 4          | 15         | 5          | 9          | 13        
s_times   0.0        | 0.0        | 15.1193    | 31.1568    | 40.9727    | 84.9409   
c_times   0.0        | 0.6838     | 16.1517    | 31.8405    | 44.5555    | 87.8856   
charges   360.0      | 359.3162   | 343.8483   | 328.1595   | 315.4445   | 272.1144  
~~~~~~~~~~~~~~~~~~~~~~~~~~~~~~~~~~~~~~~~~~
     Drone (4):
          0          | 1          | 20         | 10         | 1          | 1         
s_times   0.0        | 0.0        | 102.1564   | 137.1262   | 174.3404   | 234.3404  
c_times   0.0        | 60.0       | 103.5603   | 140.7091   | 234.3404   | 294.3404  
charges   360.0      | 360.0      | 316.4397   | 279.2909   | 360.0      | 360.0     
~~~~~~~~~~~~~~~~~~~~~~~~~~~~~~~~~~~~~~~~~~
***** nlp_objective: 0.0
***** nlp_Sol_time: 3.691
     Drone (1):
          19         | 2          | 13         | 6          | 8          | 11        
s_times   0.0        | 68.4503    | 106.517    | 146.3096   | 150.143    | 164.9142  
c_times   43.5603    | 70.4684    | 109.4616   | 146.9933   | 151.8199   | 168.497   
charges   316.4397   | 289.5316   | 250.5384   | 213.0067   | 208.1801   | 191.503   
~~~~~~~~~~~~~~~~~~~~~~~~~~~~~~~~~~~~~~~~~~
     Drone (2):
          0          | 1          | 3          | 9          | 14         | 1         
s_times   0.0        | 0.0        | 87.9432    | 99.357     | 143.3252   | 211.7623  
c_times   0.0        | 60.0       | 89.9614    | 102.9398   | 146.2699   | 271.7623  
charges   360.0      | 360.0      | 330.0386   | 317.0602   | 273.7301   | 360.0     
~~~~~~~~~~~~~~~~~~~~~~~~~~~~~~~~~~~~~~~~~~
     Drone (3):
          0          | 1          | 15         | 5          | 20         | 18        
s_times   0.0        | 0.0        | 103.6242   | 119.6617   | 145.2919   | 161.0417  
c_times   0.0        | 60.0       | 104.6566   | 120.3454   | 146.6958   | 162.6988  
charges   360.0      | 360.0      | 315.3434   | 299.6546   | 273.3042   | 257.3012  
~~~~~~~~~~~~~~~~~~~~~~~~~~~~~~~~~~~~~~~~~~
     Drone (4):
          12         | 7          | 4          | 10         | 17         | 16        
s_times   0.0        | 101.4838   | 107.2982   | 117.1141   | 155.1355   | 185.2155  
c_times   65.5135    | 103.1607   | 107.9819   | 120.6969   | 156.7926   | 186.2479  
charges   294.4865   | 256.8393   | 252.0181   | 239.3031   | 203.2074   | 173.7521  
~~~~~~~~~~~~~~~~~~~~~~~~~~~~~~~~~~~~~~~~~~
