~~~~~~~~~~~~~~~~~~~ [5, 'LA', 7, 720, 120] ~~~~~~~~~~~~~~~~~~~
 Families: [[1], [2, 3, 4, 5, 6], [7, 8, 9, 10], [11, 12, 13, 14, 15], [16, 17, 18, 19], [20, 21, 22, 23, 24], [25, 26, 27, 28], [29, 30, 31, 32], [33, 34, 35, 36], [37]]
Due_dates: [1440, 288.0, 576.0, 864.0, 1152.0, 1440.0, 360.0, 720.0, 1080.0, 1440.0, 288.0, 576.0, 864.0, 1152.0, 1440.0, 360.0, 720.0, 1080.0, 1440.0, 288.0, 576.0, 864.0, 1152.0, 1440.0, 360.0, 720.0, 1080.0, 1440.0, 360.0, 720.0, 1080.0, 1440.0, 360.0, 720.0, 1080.0, 1440.0, 1440]
Ear_dates: [0, 28.8, 57.6, 86.4, 115.2, 144.0, 36.0, 72.0, 108.0, 144.0, 28.8, 57.6, 86.4, 115.2, 144.0, 36.0, 72.0, 108.0, 144.0, 28.8, 57.6, 86.4, 115.2, 144.0, 36.0, 72.0, 108.0, 144.0, 36.0, 72.0, 108.0, 144.0, 36.0, 72.0, 108.0, 144.0, 0]
Monitor_t: [np.float64(60.0), np.float64(2.05), np.float64(2.05), np.float64(2.05), np.float64(2.05), np.float64(2.05), np.float64(2.54), np.float64(2.54), np.float64(2.54), np.float64(2.54), np.float64(7.51), np.float64(7.51), np.float64(7.51), np.float64(7.51), np.float64(7.51), np.float64(3.93), np.float64(3.93), np.float64(3.93), np.float64(3.93), np.float64(3.33), np.float64(3.33), np.float64(3.33), np.float64(3.33), np.float64(3.33), np.float64(1.97), np.float64(1.97), np.float64(1.97), np.float64(1.97), np.float64(3.72), np.float64(3.72), np.float64(3.72), np.float64(3.72), np.float64(4.6), np.float64(4.6), np.float64(4.6), np.float64(4.6), np.float64(0.0)]
~~~~~~~~~~~~~~~~~~~ Comparing the results ~~~~~~~~~~~~~~~~~~~
***** lp_objective: 36.0
***** lp_Sol_time: 382.891
     Drone (1):
          20         | 8          | 29         | 26         | 35         | 14         | 5         
s_times   0.0        | 76.9       | 94.08      | 112.56     | 135.36     | 192.58     | 234.66    
c_times   63.76      | 79.44      | 97.8       | 114.53     | 139.96     | 200.09     | 236.71    
travels   13.14      | 14.64      | 14.76      | 20.83      | 52.62      | 34.57      | 0.0       
charges   656.24     | 640.56     | 622.2      | 605.47     | 580.04     | 519.91     | 483.29    
~~~~~~~~~~~~~~~~~~~~~~~~~~~~~~~~~~~~~~~~~~
     Drone (2):
          25         | 21         | 9          | 17         | 24         | 18         | 3         
s_times   0.0        | 66.68      | 83.15      | 101.08     | 115.99     | 123.14     | 149.8     
c_times   44.42      | 70.01      | 85.69      | 105.01     | 119.32     | 127.07     | 151.85    
travels   22.26      | 13.14      | 15.39      | 10.98      | 3.82       | 22.73      | 0.0       
charges   675.58     | 649.99     | 634.31     | 614.99     | 600.68     | 592.93     | 568.15    
~~~~~~~~~~~~~~~~~~~~~~~~~~~~~~~~~~~~~~~~~~
     Drone (3):
          7          | 34         | 23         | 12         | 36         | 31         | 6         
s_times   0.0        | 74.93      | 110.4      | 141.08     | 204.81     | 219.53     | 240.34    
c_times   52.2       | 79.53      | 113.73     | 148.59     | 209.41     | 223.25     | 242.39    
travels   22.73      | 30.87      | 27.35      | 56.22      | 10.12      | 17.09      | 0.0       
charges   667.8      | 640.47     | 606.27     | 571.41     | 510.59     | 496.75     | 477.61    
~~~~~~~~~~~~~~~~~~~~~~~~~~~~~~~~~~~~~~~~~~
     Drone (4):
          2          | 11         | 27         | 10         | 13         | 28         | 32        
s_times   0.0        | 77.29      | 121.81     | 135.77     | 168.56     | 213.08     | 227.85    
c_times   46.93      | 84.8       | 123.78     | 138.31     | 176.07     | 215.05     | 231.57    
travels   30.36      | 37.01      | 11.99      | 30.25      | 37.01      | 12.8       | 0.0       
charges   673.07     | 635.2      | 596.22     | 581.69     | 543.93     | 504.95     | 488.43    
~~~~~~~~~~~~~~~~~~~~~~~~~~~~~~~~~~~~~~~~~~
     Drone (5):
          33         | 16         | 22         | 30         | 19         | 4          | 15        
s_times   0.0        | 69.93      | 84.84      | 115.88     | 151.93     | 178.59     | 211.0     
c_times   33.41      | 73.86      | 88.17      | 119.6      | 155.86     | 180.64     | 218.51    
travels   36.52      | 10.98      | 27.71      | 32.33      | 22.73      | 30.36      | 0.0       
charges   686.59     | 646.14     | 631.83     | 600.4      | 564.14     | 539.36     | 501.49    
~~~~~~~~~~~~~~~~~~~~~~~~~~~~~~~~~~~~~~~~~~
***** nlp_objective: 36.0
***** nlp_Sol_time: 1460.593
     Drone (1):
          2          | 25         | 30         | 14         | 32         | 22         | 5         
s_times   0.0        | 49.76      | 64.53      | 114.99     | 170.46     | 201.64     | 226.03    
c_times   46.93      | 51.73      | 68.25      | 122.5      | 174.18     | 204.97     | 228.08    
travels   2.83       | 12.8       | 46.74      | 47.96      | 27.46      | 21.06      | 0.0       
charges   673.07     | 668.27     | 651.75     | 597.5      | 545.82     | 515.03     | 491.92    
~~~~~~~~~~~~~~~~~~~~~~~~~~~~~~~~~~~~~~~~~~
     Drone (2):
          33         | 29         | 26         | 8          | 16         | 28         | 35        
s_times   0.0        | 43.53      | 62.01      | 75.97      | 93.9       | 122.68     | 145.48    
c_times   33.41      | 47.25      | 63.98      | 78.51      | 97.83      | 124.65     | 150.08    
travels   10.12      | 14.76      | 11.99      | 15.39      | 24.85      | 20.83      | 0.0       
charges   686.59     | 672.75     | 656.02     | 641.49     | 622.17     | 595.35     | 569.92    
~~~~~~~~~~~~~~~~~~~~~~~~~~~~~~~~~~~~~~~~~~
     Drone (3):
          20         | 13         | 17         | 31         | 4          | 19         | 23        
s_times   0.0        | 91.11      | 129.67     | 165.9      | 186.71     | 211.98     | 226.89    
c_times   63.76      | 98.62      | 133.6      | 169.62     | 188.76     | 215.91     | 230.22    
travels   27.35      | 31.05      | 32.3       | 17.09      | 23.22      | 10.98      | 0.0       
charges   656.24     | 621.38     | 586.4      | 550.38     | 531.24     | 504.09     | 489.78    
~~~~~~~~~~~~~~~~~~~~~~~~~~~~~~~~~~~~~~~~~~
     Drone (4):
          11         | 27         | 34         | 15         | 6          | 10         | 24        
s_times   0.0        | 117.92     | 140.72     | 197.94     | 240.02     | 254.29     | 269.49    
c_times   80.91      | 119.89     | 145.32     | 205.45     | 242.07     | 256.83     | 272.82    
travels   37.01      | 20.83      | 52.62      | 34.57      | 12.22      | 12.66      | 0.0       
charges   639.09     | 600.11     | 574.68     | 514.55     | 477.93     | 463.17     | 447.18    
~~~~~~~~~~~~~~~~~~~~~~~~~~~~~~~~~~~~~~~~~~
     Drone (5):
          7          | 12         | 21         | 18         | 3          | 9          | 36        
s_times   0.0        | 82.45      | 127.31     | 134.46     | 161.12     | 175.39     | 200.66    
c_times   52.2       | 89.96      | 130.64     | 138.39     | 163.17     | 177.93     | 205.26    
travels   30.25      | 37.35      | 3.82       | 22.73      | 12.22      | 22.73      | 0.0       
charges   667.8      | 630.04     | 589.36     | 581.61     | 556.83     | 542.07     | 514.74    
~~~~~~~~~~~~~~~~~~~~~~~~~~~~~~~~~~~~~~~~~~
