~~~~~~~~~~~~~~~~~~~ [3, 'RS', 4, 720, 1000] ~~~~~~~~~~~~~~~~~~~
 Families: [[1], [2, 3, 4], [5, 6], [7, 8], [9, 10], [11]]
Due_dates: [1440, 480.0, 960.0, 1440.0, 720.0, 1440.0, 720.0, 1440.0, 720.0, 1440.0, 1440]
Ear_dates: [0, 48.0, 96.0, 144.0, 72.0, 144.0, 72.0, 144.0, 72.0, 144.0, 0]
Monitor_t: [np.float64(60.0), np.float64(2.94), np.float64(2.94), np.float64(2.94), np.float64(1.03), np.float64(1.03), np.float64(1.66), np.float64(1.66), np.float64(1.4), np.float64(1.4), np.float64(0.0)]
~~~~~~~~~~~~~~~~~~~ Comparing the results ~~~~~~~~~~~~~~~~~~~
***** lp_objective: 72.0
***** lp_Sol_time: 22.715
     Drone (1):
          5          | 8          | 3          | 10        
s_times   0.0        | 72.29      | 115.18     | 144.88    
c_times   44.65      | 73.95      | 118.12     | 146.28    
travels   27.64      | 41.23      | 26.76      | 0.0       
charges   675.35     | 646.05     | 601.88     | 573.72    
~~~~~~~~~~~~~~~~~~~~~~~~~~~~~~~~~~~~~~~~~~
     Drone (2):
          0          | 7          | 9          | 2         
s_times   0.0        | 0.0        | 19.05      | 45.8      
c_times   0.0        | 1.66       | 20.45      | 48.74     
travels   20.04      | 17.39      | 25.35      | 0.0       
charges   720.0      | 718.34     | 699.55     | 671.26    
~~~~~~~~~~~~~~~~~~~~~~~~~~~~~~~~~~~~~~~~~~
     Drone (3):
          0          | 1          | 6          | 4         
s_times   0.0        | 0.0        | 103.62     | 123.88    
c_times   0.0        | 60.0       | 104.65     | 126.82    
travels   43.55      | 43.62      | 19.23      | 0.0       
charges   720.0      | 720.0      | 675.35     | 653.18    
~~~~~~~~~~~~~~~~~~~~~~~~~~~~~~~~~~~~~~~~~~
***** nlp_objective: 43.55
***** nlp_Sol_time: 1.081
     Drone (1):
          11         | 11         | 1          | 1         
s_times   0.0        | 43.55      | 87.1       | 1147.1    
c_times   43.55      | 43.55      | 147.1      | 1207.1    
travels   0.0        | 43.55      | 1000.0     | 0.0       
charges   676.45     | 676.45     | 720.0      | 720.0     
~~~~~~~~~~~~~~~~~~~~~~~~~~~~~~~~~~~~~~~~~~
     Drone (2):
          11         | 11         | 1          | 1         
s_times   0.0        | 43.55      | 87.1       | 1147.1    
c_times   43.55      | 43.55      | 147.1      | 1207.1    
travels   0.0        | 43.55      | 1000.0     | 0.0       
charges   676.45     | 676.45     | 720.0      | 720.0     
~~~~~~~~~~~~~~~~~~~~~~~~~~~~~~~~~~~~~~~~~~
     Drone (3):
          11         | 11         | 1          | 1         
s_times   0.0        | 43.55      | 87.1       | 1147.1    
c_times   43.55      | 43.55      | 147.1      | 1207.1    
travels   0.0        | 43.55      | 1000.0     | 0.0       
charges   676.45     | 676.45     | 720.0      | 720.0     
~~~~~~~~~~~~~~~~~~~~~~~~~~~~~~~~~~~~~~~~~~
