~~~~~~~~~~~~~~~~~~~ [3, 'RS', 4, 720, 1000] ~~~~~~~~~~~~~~~~~~~
 Families: [[1], [2, 3, 4], [5, 6], [7, 8], [9, 10], [11]]
Due_dates: [0, 480.0, 960.0, 1440.0, 720.0, 1440.0, 720.0, 1440.0, 720.0, 1440.0, 0]
Ear_dates: [0, 48.0, 96.0, 144.0, 72.0, 144.0, 72.0, 144.0, 72.0, 144.0, 0]
Monitor_t: [np.float64(60.0), np.float64(2.94), np.float64(2.94), np.float64(2.94), np.float64(1.03), np.float64(1.03), np.float64(1.66), np.float64(1.66), np.float64(1.4), np.float64(1.4), np.float64(0.0)]
~~~~~~~~~~~~~~~~~~~ Comparing the results ~~~~~~~~~~~~~~~~~~~
***** lp_objective: 81.07
***** lp_Sol_time: 58.634
     Drone (1):
          11         | 2          | 8          | 6         
s_times   0.0        | 63.44      | 108.81     | 138.89    
c_times   43.55      | 66.38      | 110.47     | 139.92    
travels   19.89      | 42.43      | 28.42      | 0.0       
charges   676.45     | 653.62     | 609.53     | 580.08    
~~~~~~~~~~~~~~~~~~~~~~~~~~~~~~~~~~~~~~~~~~
     Drone (2):
          11         | 7          | 4          | 10        
s_times   0.0        | 63.59      | 106.48     | 136.18    
c_times   43.55      | 65.25      | 109.42     | 137.58    
travels   20.04      | 41.23      | 26.76      | 0.0       
charges   676.45     | 654.75     | 610.58     | 582.42    
~~~~~~~~~~~~~~~~~~~~~~~~~~~~~~~~~~~~~~~~~~
     Drone (3):
          11         | 9          | 3          | 5         
s_times   0.0        | 49.39      | 76.14      | 102.03    
c_times   43.55      | 50.79      | 79.08      | 103.06    
travels   5.84       | 25.35      | 22.95      | 0.0       
charges   676.45     | 669.21     | 640.92     | 616.94    
~~~~~~~~~~~~~~~~~~~~~~~~~~~~~~~~~~~~~~~~~~
***** nlp_objective: 81.07000000000119
***** nlp_Sol_time: 78.594
     Drone (1):
          11         | 7          | 4          | 10        
s_times   0.0        | 63.59      | 106.48     | 136.18    
c_times   43.55      | 65.25      | 109.42     | 137.58    
travels   20.04      | 41.23      | 26.76      | 0.0       
charges   676.45     | 654.75     | 610.58     | 582.42    
~~~~~~~~~~~~~~~~~~~~~~~~~~~~~~~~~~~~~~~~~~
     Drone (2):
          11         | 2          | 8          | 6         
s_times   0.0        | 63.44      | 108.81     | 138.89    
c_times   43.55      | 66.38      | 110.47     | 139.92    
travels   19.89      | 42.43      | 28.42      | 0.0       
charges   676.45     | 653.62     | 609.53     | 580.08    
~~~~~~~~~~~~~~~~~~~~~~~~~~~~~~~~~~~~~~~~~~
     Drone (3):
          11         | 5          | 3          | 9         
s_times   0.0        | 54.33      | 74.59      | 104.29    
c_times   43.55      | 55.36      | 77.53      | 105.69    
travels   10.78      | 19.23      | 26.76      | 0.0       
charges   676.45     | 664.64     | 642.47     | 614.31    
~~~~~~~~~~~~~~~~~~~~~~~~~~~~~~~~~~~~~~~~~~
