~~~~~~~~~~~~~~~~~~~ [2, 'SB', 6, 360, 120] ~~~~~~~~~~~~~~~~~~~
 Families: [[1], [2, 3], [4, 5, 6], [7, 8], [9, 10, 11], [12]]
Due_dates: [1440, 720.0, 1440.0, 480.0, 960.0, 1440.0, 720.0, 1440.0, 480.0, 960.0, 1440.0, 1440]
Ear_dates: [0, 0.0, 720.0, 0.0, 480.0, 960.0, 0.0, 720.0, 0.0, 480.0, 960.0, 0]
Monitor_t: [np.float64(60.0), np.float64(2.02), np.float64(2.02), np.float64(0.68), np.float64(0.68), np.float64(0.68), np.float64(1.68), np.float64(1.68), np.float64(3.58), np.float64(3.58), np.float64(3.58), np.float64(0.0)]
~~~~~~~~~~~~~~~~~~~ Comparing the results ~~~~~~~~~~~~~~~~~~~
***** lp_objective: 770.138311268955
***** lp_Sol_time: 341.927
     Drone (1):
          4          | 3          | 9          | 7          | 1          | 6         
s_times   0.0        | 38.1438    | 49.5619    | 64.0748    | 97.2517    | 189.8617  
c_times   33.2938    | 40.1619    | 53.1448    | 65.7517    | 157.2517   | 190.5455  
travels   4.85       | 9.4        | 10.93      | 31.5       | 32.61      | 0.0       
charges   326.7062   | 319.8381   | 306.8552   | 294.2483   | 360.0      | 326.7062  
~~~~~~~~~~~~~~~~~~~~~~~~~~~~~~~~~~~~~~~~~~
     Drone (2):
          2          | 1          | 5          | 10         | 8          | 11        
s_times   0.0        | 59.8881    | 152.4981   | 162.3119   | 176.8248   | 191.5917  
c_times   29.9581    | 119.8881   | 153.1819   | 165.8948   | 178.5017   | 195.1745  
travels   29.93      | 32.61      | 9.13       | 10.93      | 13.09      | 0.0       
charges   330.0419   | 360.0      | 326.7062   | 313.9934   | 301.3864   | 284.7136  
~~~~~~~~~~~~~~~~~~~~~~~~~~~~~~~~~~~~~~~~~~
***** nlp_objective: 770.1383112690409
***** nlp_Sol_time: 260.513
     Drone (1):
          4          | 3          | 9          | 7          | 1          | 6         
s_times   0.0        | 38.1438    | 49.5619    | 64.0748    | 97.2517    | 189.8617  
c_times   33.2938    | 40.1619    | 53.1448    | 65.7517    | 157.2517   | 190.5455  
travels   4.85       | 9.4        | 10.93      | 31.5       | 32.61      | 0.0       
charges   326.7062   | 319.8381   | 306.8552   | 294.2483   | 360.0      | 326.7062  
~~~~~~~~~~~~~~~~~~~~~~~~~~~~~~~~~~~~~~~~~~
     Drone (2):
          2          | 1          | 5          | 10         | 8          | 11        
s_times   0.0        | 59.8881    | 152.4981   | 162.3119   | 176.8248   | 191.5917  
c_times   29.9581    | 119.8881   | 153.1819   | 165.8948   | 178.5017   | 195.1745  
travels   29.93      | 32.61      | 9.13       | 10.93      | 13.09      | 0.0       
charges   330.0419   | 360.0      | 326.7062   | 313.9934   | 301.3864   | 284.7136  
~~~~~~~~~~~~~~~~~~~~~~~~~~~~~~~~~~~~~~~~~~
