~~~~~~~~~~~~~~~~~~~ [2, 'SB', 6, 720, 1200] ~~~~~~~~~~~~~~~~~~~
 Families: [[1], [2, 3], [4, 5, 6], [7, 8], [9, 10, 11], [12]]
Due_dates: [1440, 720.0, 1440.0, 480.0, 960.0, 1440.0, 720.0, 1440.0, 480.0, 960.0, 1440.0, 1440]
Ear_dates: [0, 0.0, 0.0, 0.0, 0.0, 0.0, 0.0, 0.0, 0.0, 0.0, 0.0, 0]
Monitor_t: [np.float64(60.0), np.float64(2.02), np.float64(2.02), np.float64(0.68), np.float64(0.68), np.float64(0.68), np.float64(1.68), np.float64(1.68), np.float64(3.58), np.float64(3.58), np.float64(3.58), np.float64(0.0)]
~~~~~~~~~~~~~~~~~~~ Comparing the results ~~~~~~~~~~~~~~~~~~~
***** lp_objective: 0.0
***** lp_Sol_time: 0.923
     Drone (1):
          0          | 4          | 7          | 2          | 5          | 3         
s_times   0.0        | 0.0        | 3.8338     | 10.6507    | 15.3788    | 20.9126   
c_times   0.0        | 0.6838     | 5.5107     | 12.6688    | 16.0626    | 22.9307   
travels   2.18       | 3.15       | 5.14       | 2.71       | 4.85       | 0.0       
charges   720.0      | 719.3162   | 714.4893   | 707.3312   | 703.9374   | 697.0693  
~~~~~~~~~~~~~~~~~~~~~~~~~~~~~~~~~~~~~~~~~~
     Drone (2):
          0          | 9          | 8          | 10         | 6          | 11        
s_times   0.0        | 0.0        | 14.5129    | 29.2798    | 41.4026    | 51.2164   
c_times   0.0        | 3.5829     | 16.1898    | 32.8626    | 42.0864    | 54.7993   
travels   7.8        | 10.93      | 13.09      | 8.54       | 9.13       | 0.0       
charges   720.0      | 716.4171   | 703.8102   | 687.1374   | 677.9136   | 665.2007  
~~~~~~~~~~~~~~~~~~~~~~~~~~~~~~~~~~~~~~~~~~
***** nlp_objective: 0.0
***** nlp_Sol_time: 3.999
     Drone (1):
          2          | 10         | 5          | 7          | 6          | 8         
s_times   0.0        | 39.3581    | 51.481     | 55.3148    | 61.1317    | 64.9655   
c_times   29.9581    | 42.941     | 52.1648    | 56.9917    | 61.8155    | 66.6424   
travels   9.4        | 8.54       | 3.15       | 4.14       | 3.15       | 0.0       
charges   690.0419   | 677.059    | 667.8352   | 663.0083   | 658.1845   | 653.3576  
~~~~~~~~~~~~~~~~~~~~~~~~~~~~~~~~~~~~~~~~~~
     Drone (2):
          0          | 4          | 9          | 1          | 11         | 3         
s_times   0.0        | 0.0        | 9.8138     | 47.0266    | 137.3666   | 150.6195  
c_times   0.0        | 0.6838     | 13.3966    | 107.0266   | 140.9495   | 152.6376  
travels   2.18       | 9.13       | 33.63      | 30.34      | 9.67       | 0.0       
charges   720.0      | 719.3162   | 706.6034   | 720.0      | 686.0771   | 674.389   
~~~~~~~~~~~~~~~~~~~~~~~~~~~~~~~~~~~~~~~~~~
