~~~~~~~~~~~~~~~~~~~ [5, 'SB', 7, 1440, 1000] ~~~~~~~~~~~~~~~~~~~
 Families: [[1], [2, 3], [4, 5, 6], [7, 8], [9, 10, 11], [12]]
Due_dates: [1440, 720.0, 1440.0, 480.0, 960.0, 1440.0, 720.0, 1440.0, 480.0, 960.0, 1440.0, 1440]
Ear_dates: [0, 0.0, 0.0, 0.0, 0.0, 0.0, 0.0, 0.0, 0.0, 0.0, 0.0, 0]
Monitor_t: [np.float64(60.0), np.float64(2.02), np.float64(2.02), np.float64(0.68), np.float64(0.68), np.float64(0.68), np.float64(1.68), np.float64(1.68), np.float64(3.58), np.float64(3.58), np.float64(3.58), np.float64(0.0)]
~~~~~~~~~~~~~~~~~~~ Comparing the results ~~~~~~~~~~~~~~~~~~~
***** lp_objective: 0.0
***** lp_Sol_time: 0.923
     Drone (1):
          0          | 4          | 7          | 2          | 5          | 3         
s_times   0.0        | 0.0        | 3.8338     | 10.6507    | 15.3788    | 20.9126   
c_times   0.0        | 0.6838     | 5.5107     | 12.6688    | 16.0626    | 22.9307   
travels   2.18       | 3.15       | 5.14       | 2.71       | 4.85       | 0.0       
charges   720.0      | 719.3162   | 714.4893   | 707.3312   | 703.9374   | 697.0693  
~~~~~~~~~~~~~~~~~~~~~~~~~~~~~~~~~~~~~~~~~~
     Drone (2):
          0          | 9          | 8          | 10         | 6          | 11        
s_times   0.0        | 0.0        | 14.5129    | 29.2798    | 41.4026    | 51.2164   
c_times   0.0        | 3.5829     | 16.1898    | 32.8626    | 42.0864    | 54.7993   
travels   7.8        | 10.93      | 13.09      | 8.54       | 9.13       | 0.0       
charges   720.0      | 716.4171   | 703.8102   | 687.1374   | 677.9136   | 665.2007  
~~~~~~~~~~~~~~~~~~~~~~~~~~~~~~~~~~~~~~~~~~
***** nlp_objective: 0.0
***** nlp_Sol_time: 4.049
     Drone (1):
          0          | 0          | 0          | 0          | 0          | 0          | 7         
s_times   0.0        | 0.0        | 0.0        | 0.0        | 0.0        | 0.0        | 0.0       
c_times   0.0        | 0.0        | 0.0        | 0.0        | 0.0        | 0.0        | 1.6769    
travels   0.0        | 0.0        | 0.0        | 0.0        | 0.0        | 3.93       | 0.0       
charges   1440.0     | 1440.0     | 1440.0     | 1440.0     | 1440.0     | 1440.0     | 1438.3231 
~~~~~~~~~~~~~~~~~~~~~~~~~~~~~~~~~~~~~~~~~~
     Drone (2):
          0          | 0          | 0          | 1          | 3          | 1          | 10        
s_times   0.0        | 0.0        | 0.0        | 0.0        | 87.94      | 119.8881   | 210.2281  
c_times   0.0        | 0.0        | 0.0        | 60.0       | 89.9581    | 179.8881   | 213.811   
travels   0.0        | 0.0        | 31.02      | 27.94      | 29.93      | 30.34      | 0.0       
charges   1440.0     | 1440.0     | 1440.0     | 1440.0     | 1410.0419  | 1440.0     | 1406.0771 
~~~~~~~~~~~~~~~~~~~~~~~~~~~~~~~~~~~~~~~~~~
     Drone (3):
          0          | 0          | 0          | 0          | 0          | 4          | 2         
s_times   0.0        | 0.0        | 0.0        | 0.0        | 0.0        | 0.0        | 5.5338    
c_times   0.0        | 0.0        | 0.0        | 0.0        | 0.0        | 0.6838     | 7.5519    
travels   0.0        | 0.0        | 0.0        | 0.0        | 2.18       | 4.85       | 0.0       
charges   1440.0     | 1440.0     | 1440.0     | 1440.0     | 1440.0     | 1439.3162  | 1432.4481 
~~~~~~~~~~~~~~~~~~~~~~~~~~~~~~~~~~~~~~~~~~
     Drone (4):
          0          | 0          | 0          | 1          | 9          | 6          | 1         
s_times   0.0        | 0.0        | 0.0        | 0.0        | 90.34      | 102.4629   | 135.8966  
c_times   0.0        | 0.0        | 0.0        | 60.0       | 93.9229    | 103.1466   | 195.8966  
travels   0.0        | 0.0        | 31.02      | 30.34      | 8.54       | 32.75      | 0.0       
charges   1440.0     | 1440.0     | 1440.0     | 1440.0     | 1406.0771  | 1396.8534  | 1440.0    
~~~~~~~~~~~~~~~~~~~~~~~~~~~~~~~~~~~~~~~~~~
     Drone (5):
          0          | 0          | 1          | 5          | 8          | 1          | 11        
s_times   0.0        | 0.0        | 0.0        | 92.61      | 96.4438    | 129.6207   | 219.9607  
c_times   0.0        | 0.0        | 60.0       | 93.2938    | 98.1207    | 189.6207   | 223.5436  
travels   0.0        | 31.02      | 32.61      | 3.15       | 31.5       | 30.34      | 0.0       
charges   1440.0     | 1440.0     | 1440.0     | 1406.7062  | 1401.8793  | 1440.0     | 1406.0771 
~~~~~~~~~~~~~~~~~~~~~~~~~~~~~~~~~~~~~~~~~~
