~~~~~~~~~~~~~~~~~~~ [2, 'SB', 6, 720, 120] ~~~~~~~~~~~~~~~~~~~
 Families: [[1], [2, 3], [4, 5, 6], [7, 8], [9, 10, 11], [12]]
Due_dates: [1440, 720.0, 1440.0, 480.0, 960.0, 1440.0, 720.0, 1440.0, 480.0, 960.0, 1440.0, 1440]
Ear_dates: [0, 0.0, 0.0, 0.0, 0.0, 0.0, 0.0, 0.0, 0.0, 0.0, 0.0, 0]
Monitor_t: [np.float64(60.0), np.float64(2.02), np.float64(2.02), np.float64(0.68), np.float64(0.68), np.float64(0.68), np.float64(1.68), np.float64(1.68), np.float64(3.58), np.float64(3.58), np.float64(3.58), np.float64(0.0)]
~~~~~~~~~~~~~~~~~~~ Comparing the results ~~~~~~~~~~~~~~~~~~~
***** lp_objective: 0.0
***** lp_Sol_time: 0.923
     Drone (1):
          0          | 4          | 7          | 2          | 5          | 3         
s_times   0.0        | 0.0        | 3.8338     | 10.6507    | 15.3788    | 20.9126   
c_times   0.0        | 0.6838     | 5.5107     | 12.6688    | 16.0626    | 22.9307   
travels   2.18       | 3.15       | 5.14       | 2.71       | 4.85       | 0.0       
charges   720.0      | 719.3162   | 714.4893   | 707.3312   | 703.9374   | 697.0693  
~~~~~~~~~~~~~~~~~~~~~~~~~~~~~~~~~~~~~~~~~~
     Drone (2):
          0          | 9          | 8          | 10         | 6          | 11        
s_times   0.0        | 0.0        | 14.5129    | 29.2798    | 41.4026    | 51.2164   
c_times   0.0        | 3.5829     | 16.1898    | 32.8626    | 42.0864    | 54.7993   
travels   7.8        | 10.93      | 13.09      | 8.54       | 9.13       | 0.0       
charges   720.0      | 716.4171   | 703.8102   | 687.1374   | 677.9136   | 665.2007  
~~~~~~~~~~~~~~~~~~~~~~~~~~~~~~~~~~~~~~~~~~
***** nlp_objective: 0.0
***** nlp_Sol_time: 2.953
     Drone (1):
          9          | 2          | 10         | 3          | 6          | 11        
s_times   0.0        | 43.5929    | 55.011     | 68.2638    | 72.992     | 82.8057   
c_times   33.9229    | 45.611     | 58.5938    | 70.282     | 73.6757    | 86.3886   
travels   9.67       | 9.4        | 9.67       | 2.71       | 9.13       | 0.0       
charges   686.0771   | 674.389    | 661.4062   | 649.718    | 646.3243   | 633.6114  
~~~~~~~~~~~~~~~~~~~~~~~~~~~~~~~~~~~~~~~~~~
     Drone (2):
          7          | 4          | 8          | 5          | 1          | 1         
s_times   0.0        | 37.8269    | 41.6607    | 47.4776    | 80.9114    | 1140.9114 
c_times   33.6869    | 38.5107    | 43.3376    | 48.1614    | 140.9114   | 1200.9114 
travels   4.14       | 3.15       | 4.14       | 32.75      | 1000.0     | 0.0       
charges   686.3131   | 681.4893   | 676.6624   | 671.8386   | 720.0      | 720.0     
~~~~~~~~~~~~~~~~~~~~~~~~~~~~~~~~~~~~~~~~~~
