~~~~~~~~~~~~~~~~~~~ [2, 'SB', 6, 720, 120] ~~~~~~~~~~~~~~~~~~~
 Families: [[1], [2, 3], [4, 5, 6], [7, 8], [9, 10, 11], [12]]
Due_dates: [1440, 720.0, 1440.0, 480.0, 960.0, 1440.0, 720.0, 1440.0, 480.0, 960.0, 1440.0, 1440]
Ear_dates: [0, 0.0, 0.0, 0.0, 0.0, 0.0, 0.0, 0.0, 0.0, 0.0, 0.0, 0]
Monitor_t: [np.float64(60.0), np.float64(2.02), np.float64(2.02), np.float64(0.68), np.float64(0.68), np.float64(0.68), np.float64(1.68), np.float64(1.68), np.float64(3.58), np.float64(3.58), np.float64(3.58), np.float64(0.0)]
~~~~~~~~~~~~~~~~~~~ Comparing the results ~~~~~~~~~~~~~~~~~~~
***** lp_objective: 0.0
***** lp_Sol_time: 1.55
     Drone (1):
          9          | 4          | 8          | 2          | 5          | 10        
s_times   0.0        | 42.4629    | 46.2966    | 53.1136    | 57.8417    | 67.6555   
c_times   33.9229    | 43.1466    | 47.9736    | 55.1317    | 58.5255    | 71.2383   
travels   8.54       | 3.15       | 5.14       | 2.71       | 9.13       | 0.0       
charges   686.0771   | 676.8534   | 672.0264   | 664.8683   | 661.4745   | 648.7617  
~~~~~~~~~~~~~~~~~~~~~~~~~~~~~~~~~~~~~~~~~~
     Drone (2):
          7          | 1          | 11         | 3          | 6          | 1         
s_times   0.0        | 65.1869    | 155.5269   | 168.7798   | 173.5079   | 206.9417  
c_times   33.6869    | 125.1869   | 159.1098   | 170.7979   | 174.1917   | 266.9417  
travels   31.5       | 30.34      | 9.67       | 2.71       | 32.75      | 0.0       
charges   686.3131   | 720.0      | 686.0771   | 674.389    | 670.9952   | 720.0     
~~~~~~~~~~~~~~~~~~~~~~~~~~~~~~~~~~~~~~~~~~
***** nlp_objective: 0.0
***** nlp_Sol_time: 4.483
     Drone (1):
          2          | 9          | 5          | 11         | 8          | 6         
s_times   0.0        | 39.3581    | 51.481     | 61.2948    | 75.8076    | 81.6245   
c_times   29.9581    | 42.941     | 52.1648    | 64.8776    | 77.4845    | 82.3083   
travels   9.4        | 8.54       | 9.13       | 10.93      | 4.14       | 0.0       
charges   690.0419   | 677.059    | 667.8352   | 655.1224   | 642.5155   | 637.6917  
~~~~~~~~~~~~~~~~~~~~~~~~~~~~~~~~~~~~~~~~~~
     Drone (2):
          7          | 4          | 10         | 3          | 1          | 1         
s_times   0.0        | 37.8269    | 47.6407    | 60.8936    | 92.8417    | 1152.8417 
c_times   33.6869    | 38.5107    | 51.2236    | 62.9117    | 152.8417   | 1212.8417 
travels   4.14       | 9.13       | 9.67       | 29.93      | 1000.0     | 0.0       
charges   686.3131   | 681.4893   | 668.7764   | 657.0883   | 720.0      | 720.0     
~~~~~~~~~~~~~~~~~~~~~~~~~~~~~~~~~~~~~~~~~~
